core 0 0 0
P bloodmoon:black_rock_brick_stairs[facing=east,half=bottom,shape=outer_right,waterlogged=false]
P bloodmoon:black_rock_brick_stairs[facing=east,half=bottom,shape=straight,waterlogged=false]
P bloodmoon:black_rock_brick_stairs[facing=east,half=bottom,shape=outer_left,waterlogged=false]
P bloodmoon:black_rock_brick_stairs[facing=south,half=bottom,shape=straight,waterlogged=false]
P bloodmoon:polished_black_rock
P bloodmoon:black_rock_brick_stairs[facing=north,half=bottom,shape=straight,waterlogged=false]
P bloodmoon:black_rock_brick_stairs[facing=west,half=bottom,shape=outer_left,waterlogged=false]
P bloodmoon:black_rock_brick_stairs[facing=west,half=bottom,shape=straight,waterlogged=false]
P bloodmoon:black_rock_brick_stairs[facing=west,half=bottom,shape=outer_right,waterlogged=false]
P bloodmoon:black_rock_pillar[axis=y]
P bloodmoon:black_rock_bricks
P minecraft:air
P bloodmoon:void_glass_pane[east=true,north=false,south=false,waterlogged=false,west=true]
P bloodmoon:cracked_black_rock_bricks
P bloodmoon:black_rock_brick_stairs[facing=east,half=top,shape=straight,waterlogged=false]
P bloodmoon:black_rock_brick_stairs[facing=west,half=top,shape=straight,waterlogged=false]
P bloodmoon:chiseled_black_rock_bricks
P bloodmoon:black_rock_brick_stairs[facing=south,half=top,shape=straight,waterlogged=false]
P bloodmoon:black_rock_brick_stairs[facing=north,half=top,shape=straight,waterlogged=false]
P bloodmoon:black_rock_brick_wall[east=low,north=none,south=none,up=false,waterlogged=false,west=low]
P bloodmoon:void_lantern
P bloodmoon:black_rock_brick_wall[east=none,north=none,south=none,up=true,waterlogged=false,west=none]
-7 0 -3 0
-7 0 -2 1
-7 0 -1 1
-7 0 0 1
-7 0 1 1
-7 0 2 1
-7 0 3 2
-6 0 -3 3
-6 0 -2 4
-6 0 -1 4
-6 0 0 4
-6 0 1 4
-6 0 2 4
-6 0 3 5
-5 0 -3 3
-5 0 -2 4
-5 0 -1 4
-5 0 0 4
-5 0 1 4
-5 0 2 4
-5 0 3 5
-4 0 -3 3
-4 0 -2 4
-4 0 -1 4
-4 0 0 4
-4 0 1 4
-4 0 2 4
-4 0 3 5
-3 0 -3 3
-3 0 -2 4
-3 0 -1 4
-3 0 0 4
-3 0 1 4
-3 0 2 4
-3 0 3 5
-2 0 -3 3
-2 0 -2 4
-2 0 -1 4
-2 0 0 4
-2 0 1 4
-2 0 2 4
-2 0 3 5
-1 0 -3 3
-1 0 -2 4
-1 0 -1 4
-1 0 0 4
-1 0 1 4
-1 0 2 4
-1 0 3 5
0 0 -3 3
0 0 -2 4
0 0 -1 4
0 0 0 4
0 0 1 4
0 0 2 4
0 0 3 5
1 0 -3 3
1 0 -2 4
1 0 -1 4
1 0 0 4
1 0 1 4
1 0 2 4
1 0 3 5
2 0 -3 3
2 0 -2 4
2 0 -1 4
2 0 0 4
2 0 1 4
2 0 2 4
2 0 3 5
3 0 -3 3
3 0 -2 4
3 0 -1 4
3 0 0 4
3 0 1 4
3 0 2 4
3 0 3 5
4 0 -3 3
4 0 -2 4
4 0 -1 4
4 0 0 4
4 0 1 4
4 0 2 4
4 0 3 5
5 0 -3 3
5 0 -2 4
5 0 -1 4
5 0 0 4
5 0 1 4
5 0 2 4
5 0 3 5
6 0 -3 3
6 0 -2 4
6 0 -1 4
6 0 0 4
6 0 1 4
6 0 2 4
6 0 3 5
7 0 -3 6
7 0 -2 7
7 0 -1 7
7 0 0 7
7 0 1 7
7 0 2 7
7 0 3 8
-6 1 -1 9
-6 1 0 9
-6 1 1 9
-5 1 -1 9
-5 1 0 10
-5 1 1 9
-4 1 -1 11
-4 1 0 12
-4 1 1 11
-3 1 -1 11
-3 1 0 12
-3 1 1 11
-2 1 -1 11
-2 1 0 12
-2 1 1 11
-1 1 -1 11
-1 1 0 12
-1 1 1 11
0 1 -1 11
0 1 0 12
0 1 1 11
1 1 -1 11
1 1 0 12
1 1 1 11
2 1 -1 11
2 1 0 12
2 1 1 11
3 1 -1 11
3 1 0 12
3 1 1 11
4 1 -1 11
4 1 0 12
4 1 1 11
5 1 -1 9
5 1 0 10
5 1 1 9
6 1 -1 9
6 1 0 9
6 1 1 9
-6 2 -1 9
-6 2 0 9
-6 2 1 9
-5 2 -1 9
-5 2 0 10
-5 2 1 9
-4 2 -1 11
-4 2 0 12
-4 2 1 11
-3 2 -1 11
-3 2 0 12
-3 2 1 11
-2 2 -1 11
-2 2 0 12
-2 2 1 11
-1 2 -1 11
-1 2 0 12
-1 2 1 11
0 2 -1 11
0 2 0 12
0 2 1 11
1 2 -1 11
1 2 0 12
1 2 1 11
2 2 -1 11
2 2 0 12
2 2 1 11
3 2 -1 11
3 2 0 12
3 2 1 11
4 2 -1 11
4 2 0 12
4 2 1 11
5 2 -1 9
5 2 0 10
5 2 1 9
6 2 -1 9
6 2 0 9
6 2 1 9
-6 3 -1 9
-6 3 0 9
-6 3 1 9
-5 3 -1 9
-5 3 0 13
-5 3 1 9
-4 3 -1 11
-4 3 0 12
-4 3 1 11
-3 3 -1 11
-3 3 0 12
-3 3 1 11
-2 3 -1 11
-2 3 0 12
-2 3 1 11
-1 3 -1 11
-1 3 0 12
-1 3 1 11
0 3 -1 11
0 3 0 12
0 3 1 11
1 3 -1 11
1 3 0 12
1 3 1 11
2 3 -1 11
2 3 0 12
2 3 1 11
3 3 -1 11
3 3 0 12
3 3 1 11
4 3 -1 11
4 3 0 12
4 3 1 11
5 3 -1 9
5 3 0 10
5 3 1 9
6 3 -1 9
6 3 0 9
6 3 1 9
-6 4 -1 9
-6 4 0 9
-6 4 1 9
-5 4 -1 9
-5 4 0 10
-5 4 1 9
-4 4 -1 11
-4 4 0 12
-4 4 1 11
-3 4 -1 11
-3 4 0 12
-3 4 1 11
-2 4 -1 11
-2 4 0 12
-2 4 1 11
-1 4 -1 11
-1 4 0 12
-1 4 1 11
0 4 -1 11
0 4 0 12
0 4 1 11
1 4 -1 11
1 4 0 12
1 4 1 11
2 4 -1 11
2 4 0 12
2 4 1 11
3 4 -1 11
3 4 0 12
3 4 1 11
4 4 -1 11
4 4 0 12
4 4 1 11
5 4 -1 9
5 4 0 10
5 4 1 9
6 4 -1 9
6 4 0 9
6 4 1 9
-6 5 -1 9
-6 5 0 9
-6 5 1 9
-5 5 -1 9
-5 5 0 10
-5 5 1 9
-4 5 -1 11
-4 5 0 12
-4 5 1 11
-3 5 -1 11
-3 5 0 12
-3 5 1 11
-2 5 -1 11
-2 5 0 12
-2 5 1 11
-1 5 -1 11
-1 5 0 12
-1 5 1 11
0 5 -1 11
0 5 0 12
0 5 1 11
1 5 -1 11
1 5 0 12
1 5 1 11
2 5 -1 11
2 5 0 12
2 5 1 11
3 5 -1 11
3 5 0 12
3 5 1 11
4 5 -1 11
4 5 0 12
4 5 1 11
5 5 -1 9
5 5 0 10
5 5 1 9
6 5 -1 9
6 5 0 9
6 5 1 9
-6 6 -1 9
-6 6 0 9
-6 6 1 9
-5 6 -1 9
-5 6 0 13
-5 6 1 9
-4 6 -1 11
-4 6 0 12
-4 6 1 11
-3 6 -1 11
-3 6 0 12
-3 6 1 11
-2 6 -1 11
-2 6 0 12
-2 6 1 11
-1 6 -1 11
-1 6 0 12
-1 6 1 11
0 6 -1 11
0 6 0 12
0 6 1 11
1 6 -1 11
1 6 0 12
1 6 1 11
2 6 -1 11
2 6 0 12
2 6 1 11
3 6 -1 11
3 6 0 12
3 6 1 11
4 6 -1 11
4 6 0 12
4 6 1 11
5 6 -1 9
5 6 0 10
5 6 1 9
6 6 -1 9
6 6 0 9
6 6 1 9
-6 7 -1 9
-6 7 0 9
-6 7 1 9
-5 7 -1 9
-5 7 0 10
-5 7 1 9
-4 7 -1 11
-4 7 0 12
-4 7 1 11
-3 7 -1 11
-3 7 0 12
-3 7 1 11
-2 7 -1 11
-2 7 0 12
-2 7 1 11
-1 7 -1 11
-1 7 0 12
-1 7 1 11
0 7 -1 11
0 7 0 12
0 7 1 11
1 7 -1 11
1 7 0 12
1 7 1 11
2 7 -1 11
2 7 0 12
2 7 1 11
3 7 -1 11
3 7 0 12
3 7 1 11
4 7 -1 11
4 7 0 12
4 7 1 11
5 7 -1 9
5 7 0 10
5 7 1 9
6 7 -1 9
6 7 0 9
6 7 1 9
-6 8 -1 9
-6 8 0 9
-6 8 1 9
-5 8 -1 9
-5 8 0 10
-5 8 1 9
-4 8 -1 11
-4 8 0 12
-4 8 1 11
-3 8 -1 11
-3 8 0 12
-3 8 1 11
-2 8 -1 11
-2 8 0 12
-2 8 1 11
-1 8 -1 11
-1 8 0 12
-1 8 1 11
0 8 -1 11
0 8 0 12
0 8 1 11
1 8 -1 11
1 8 0 12
1 8 1 11
2 8 -1 11
2 8 0 12
2 8 1 11
3 8 -1 11
3 8 0 12
3 8 1 11
4 8 -1 11
4 8 0 12
4 8 1 11
5 8 -1 9
5 8 0 13
5 8 1 9
6 8 -1 9
6 8 0 9
6 8 1 9
-6 9 -1 9
-6 9 0 9
-6 9 1 9
-5 9 -1 9
-5 9 0 13
-5 9 1 9
-4 9 -1 11
-4 9 0 12
-4 9 1 11
-3 9 -1 11
-3 9 0 12
-3 9 1 11
-2 9 -1 11
-2 9 0 12
-2 9 1 11
-1 9 -1 11
-1 9 0 12
-1 9 1 11
0 9 -1 11
0 9 0 12
0 9 1 11
1 9 -1 11
1 9 0 12
1 9 1 11
2 9 -1 11
2 9 0 12
2 9 1 11
3 9 -1 11
3 9 0 12
3 9 1 11
4 9 -1 11
4 9 0 12
4 9 1 11
5 9 -1 9
5 9 0 10
5 9 1 9
6 9 -1 9
6 9 0 9
6 9 1 9
-6 10 -1 9
-6 10 0 9
-6 10 1 9
-5 10 -1 9
-5 10 0 13
-5 10 1 9
-4 10 -1 14
-4 10 0 12
-4 10 1 14
-3 10 -1 11
-3 10 0 12
-3 10 1 11
-2 10 -1 11
-2 10 0 12
-2 10 1 11
-1 10 -1 11
-1 10 0 12
-1 10 1 11
0 10 -1 11
0 10 0 12
0 10 1 11
1 10 -1 11
1 10 0 12
1 10 1 11
2 10 -1 11
2 10 0 12
2 10 1 11
3 10 -1 11
3 10 0 12
3 10 1 11
4 10 -1 15
4 10 0 12
4 10 1 15
5 10 -1 9
5 10 0 10
5 10 1 9
6 10 -1 9
6 10 0 9
6 10 1 9
-6 11 -1 9
-6 11 0 9
-6 11 1 9
-5 11 -1 9
-5 11 0 10
-5 11 1 9
-4 11 -1 10
-4 11 0 10
-4 11 1 13
-3 11 -1 14
-3 11 0 12
-3 11 1 14
-2 11 -1 11
-2 11 0 12
-2 11 1 11
-1 11 -1 11
-1 11 0 12
-1 11 1 11
0 11 -1 11
0 11 0 12
0 11 1 11
1 11 -1 11
1 11 0 12
1 11 1 11
2 11 -1 11
2 11 0 12
2 11 1 11
3 11 -1 15
3 11 0 12
3 11 1 15
4 11 -1 10
4 11 0 10
4 11 1 10
5 11 -1 9
5 11 0 10
5 11 1 9
6 11 -1 9
6 11 0 9
6 11 1 9
-6 12 -1 9
-6 12 0 9
-6 12 1 9
-5 12 -1 9
-5 12 0 10
-5 12 1 9
-4 12 -1 10
-4 12 0 10
-4 12 1 10
-3 12 -1 10
-3 12 0 10
-3 12 1 13
-2 12 -1 14
-2 12 0 12
-2 12 1 14
-1 12 -1 11
-1 12 0 12
-1 12 1 11
0 12 -1 11
0 12 0 12
0 12 1 11
1 12 -1 11
1 12 0 12
1 12 1 11
2 12 -1 15
2 12 0 12
2 12 1 15
3 12 -1 13
3 12 0 10
3 12 1 10
4 12 -1 13
4 12 0 10
4 12 1 10
5 12 -1 9
5 12 0 10
5 12 1 9
6 12 -1 9
6 12 0 9
6 12 1 9
-6 13 -1 9
-6 13 0 9
-6 13 1 9
-5 13 -1 9
-5 13 0 13
-5 13 1 9
-4 13 -1 10
-4 13 0 13
-4 13 1 10
-3 13 -1 10
-3 13 0 10
-3 13 1 13
-2 13 -1 13
-2 13 0 13
-2 13 1 10
-1 13 -1 10
-1 13 0 13
-1 13 1 10
0 13 -1 16
0 13 0 10
0 13 1 16
1 13 -1 10
1 13 0 10
1 13 1 10
2 13 -1 13
2 13 0 10
2 13 1 10
3 13 -1 13
3 13 0 10
3 13 1 10
4 13 -1 13
4 13 0 10
4 13 1 10
5 13 -1 9
5 13 0 10
5 13 1 9
6 13 -1 9
6 13 0 9
6 13 1 9
-6 14 -2 17
-6 14 -1 9
-6 14 0 9
-6 14 1 9
-6 14 2 18
-5 14 -2 17
-5 14 -1 9
-5 14 0 13
-5 14 1 9
-5 14 2 18
-4 14 -2 17
-4 14 -1 13
-4 14 0 10
-4 14 1 13
-4 14 2 18
-3 14 -2 17
-3 14 -1 10
-3 14 0 10
-3 14 1 13
-3 14 2 18
-2 14 -2 17
-2 14 -1 10
-2 14 0 10
-2 14 1 10
-2 14 2 18
-1 14 -2 17
-1 14 -1 10
-1 14 0 10
-1 14 1 10
-1 14 2 18
0 14 -2 17
0 14 -1 10
0 14 0 16
0 14 1 10
0 14 2 18
1 14 -2 17
1 14 -1 10
1 14 0 10
1 14 1 10
1 14 2 18
2 14 -2 17
2 14 -1 13
2 14 0 10
2 14 1 13
2 14 2 18
3 14 -2 17
3 14 -1 13
3 14 0 10
3 14 1 10
3 14 2 18
4 14 -2 17
4 14 -1 10
4 14 0 10
4 14 1 10
4 14 2 18
5 14 -2 17
5 14 -1 9
5 14 0 10
5 14 1 9
5 14 2 18
6 14 -2 17
6 14 -1 9
6 14 0 9
6 14 1 9
6 14 2 18
-6 15 -1 4
-6 15 0 4
-6 15 1 4
-5 15 -1 4
-5 15 0 4
-5 15 1 4
-4 15 -1 4
-4 15 0 4
-4 15 1 4
-3 15 -1 4
-3 15 0 4
-3 15 1 4
-2 15 -1 4
-2 15 0 4
-2 15 1 4
-1 15 -1 4
-1 15 0 4
-1 15 1 4
0 15 -1 4
0 15 0 4
0 15 1 4
1 15 -1 4
1 15 0 4
1 15 1 4
2 15 -1 4
2 15 0 4
2 15 1 4
3 15 -1 4
3 15 0 4
3 15 1 4
4 15 -1 4
4 15 0 4
4 15 1 4
5 15 -1 4
5 15 0 4
5 15 1 4
6 15 -1 4
6 15 0 4
6 15 1 4
-6 16 0 9
-5 16 0 19
-4 16 0 19
-3 16 0 19
-2 16 0 19
-1 16 0 19
0 16 0 9
1 16 0 19
2 16 0 19
3 16 0 19
4 16 0 19
5 16 0 19
6 16 0 9
-6 17 0 9
0 17 0 9
6 17 0 9
-6 18 0 9
0 18 0 9
6 18 0 9
-6 19 0 9
0 19 0 20
6 19 0 9
-6 20 0 20
6 20 0 20
-6 21 0 21
6 21 0 21
-6 22 0 21
6 22 0 21
