core 0 1 0
P bloodmoon:black_rock_brick_stairs[facing=east,half=bottom,shape=straight,waterlogged=false]
P bloodmoon:polished_black_rock
P bloodmoon:black_rock_brick_stairs[facing=east,half=bottom,shape=outer_right,waterlogged=false]
P bloodmoon:black_rock_brick_stairs[facing=east,half=bottom,shape=outer_left,waterlogged=false]
P bloodmoon:black_rock_brick_stairs[facing=south,half=bottom,shape=straight,waterlogged=false]
P bloodmoon:black_rock_brick_stairs[facing=north,half=bottom,shape=straight,waterlogged=false]
P minecraft:crying_obsidian
P bloodmoon:black_rock_brick_stairs[facing=west,half=bottom,shape=outer_left,waterlogged=false]
P bloodmoon:black_rock_brick_stairs[facing=west,half=bottom,shape=straight,waterlogged=false]
P bloodmoon:black_rock_brick_stairs[facing=west,half=bottom,shape=outer_right,waterlogged=false]
P bloodmoon:black_rock_bricks
P bloodmoon:chiseled_black_rock_bricks
P bloodmoon:cracked_black_rock_bricks
P bloodmoon:black_rock_brick_stairs[facing=south,half=bottom,shape=outer_left,waterlogged=false]
P bloodmoon:black_rock_brick_stairs[facing=north,half=bottom,shape=outer_right,waterlogged=false]
P minecraft:air
P bloodmoon:obelisk_core
P bloodmoon:black_rock_brick_stairs[facing=south,half=bottom,shape=outer_right,waterlogged=false]
P bloodmoon:black_rock_brick_stairs[facing=north,half=bottom,shape=outer_left,waterlogged=false]
P bloodmoon:black_rock_pillar[axis=y]
P bloodmoon:black_rock_brick_stairs[facing=east,half=top,shape=straight,waterlogged=false]
P bloodmoon:black_rock_brick_stairs[facing=west,half=top,shape=straight,waterlogged=false]
P bloodmoon:void_lantern
P bloodmoon:void_glass_pane[east=true,north=false,south=false,waterlogged=false,west=true]
P bloodmoon:void_glass_pane[east=false,north=true,south=true,waterlogged=false,west=false]
P bloodmoon:void_chain[axis=y,waterlogged=false]
P bloodmoon:void_glass_pane[east=false,north=true,south=true,waterlogged=false,west=true]
P bloodmoon:void_glass_pane[east=true,north=true,south=false,waterlogged=false,west=true]
P bloodmoon:void_glass_pane[east=true,north=false,south=true,waterlogged=false,west=true]
P bloodmoon:void_glass_pane[east=true,north=true,south=true,waterlogged=false,west=false]
P bloodmoon:black_rock_brick_stairs[facing=south,half=top,shape=outer_left,waterlogged=false]
P bloodmoon:black_rock_brick_stairs[facing=north,half=top,shape=outer_right,waterlogged=false]
P bloodmoon:black_rock_brick_stairs[facing=south,half=top,shape=straight,waterlogged=false]
P bloodmoon:black_rock_brick_stairs[facing=north,half=top,shape=straight,waterlogged=false]
P bloodmoon:black_rock_brick_stairs[facing=south,half=top,shape=outer_right,waterlogged=false]
P bloodmoon:black_rock_brick_stairs[facing=north,half=top,shape=outer_left,waterlogged=false]
P bloodmoon:black_rock_brick_wall[east=none,north=low,south=low,up=false,waterlogged=false,west=none]
P bloodmoon:black_rock_brick_wall[east=low,north=low,south=none,up=true,waterlogged=false,west=none]
P bloodmoon:black_rock_brick_wall[east=low,north=none,south=low,up=true,waterlogged=false,west=none]
P bloodmoon:black_rock_pillar
P bloodmoon:black_rock_brick_wall[east=none,north=none,south=low,up=true,waterlogged=false,west=low]
P bloodmoon:black_rock_brick_wall[east=none,north=low,south=none,up=true,waterlogged=false,west=low]
P bloodmoon:black_rock_brick_wall[east=low,north=none,south=none,up=false,waterlogged=false,west=low]
P bloodmoon:black_rock_brick_slab[type=bottom,waterlogged=false]
P bloodmoon:black_rock_brick_wall[east=none,north=none,south=none,up=true,waterlogged=false,west=none]
-9 0 -2 0
-9 0 -1 0
-9 0 0 0
-9 0 1 0
-9 0 2 0
-8 0 -4 0
-8 0 -3 0
-8 0 -2 0
-8 0 -1 1
-8 0 0 1
-8 0 1 1
-8 0 2 0
-8 0 3 0
-8 0 4 0
-7 0 -6 2
-7 0 -5 0
-7 0 -4 1
-7 0 -3 1
-7 0 -2 1
-7 0 -1 1
-7 0 0 1
-7 0 1 1
-7 0 2 1
-7 0 3 1
-7 0 4 1
-7 0 5 0
-7 0 6 3
-6 0 -7 4
-6 0 -6 4
-6 0 -5 1
-6 0 -4 1
-6 0 -3 1
-6 0 -2 1
-6 0 -1 1
-6 0 0 1
-6 0 1 1
-6 0 2 1
-6 0 3 1
-6 0 4 1
-6 0 5 1
-6 0 6 5
-6 0 7 5
-5 0 -7 4
-5 0 -6 1
-5 0 -5 1
-5 0 -4 1
-5 0 -3 1
-5 0 -2 1
-5 0 -1 1
-5 0 0 1
-5 0 1 1
-5 0 2 1
-5 0 3 1
-5 0 4 1
-5 0 5 1
-5 0 6 1
-5 0 7 5
-4 0 -8 4
-4 0 -7 1
-4 0 -6 1
-4 0 -5 1
-4 0 -4 1
-4 0 -3 1
-4 0 -2 1
-4 0 -1 1
-4 0 0 1
-4 0 1 1
-4 0 2 1
-4 0 3 1
-4 0 4 1
-4 0 5 1
-4 0 6 1
-4 0 7 1
-4 0 8 5
-3 0 -8 4
-3 0 -7 1
-3 0 -6 1
-3 0 -5 1
-3 0 -4 1
-3 0 -3 1
-3 0 -2 1
-3 0 -1 1
-3 0 0 1
-3 0 1 1
-3 0 2 1
-3 0 3 1
-3 0 4 1
-3 0 5 1
-3 0 6 1
-3 0 7 1
-3 0 8 5
-2 0 -9 4
-2 0 -8 4
-2 0 -7 1
-2 0 -6 1
-2 0 -5 1
-2 0 -4 1
-2 0 -3 1
-2 0 -2 1
-2 0 -1 1
-2 0 0 1
-2 0 1 1
-2 0 2 1
-2 0 3 1
-2 0 4 1
-2 0 5 1
-2 0 6 1
-2 0 7 1
-2 0 8 5
-2 0 9 5
-1 0 -9 4
-1 0 -8 1
-1 0 -7 1
-1 0 -6 1
-1 0 -5 1
-1 0 -4 1
-1 0 -3 1
-1 0 -2 1
-1 0 -1 1
-1 0 0 1
-1 0 1 1
-1 0 2 1
-1 0 3 1
-1 0 4 1
-1 0 5 1
-1 0 6 1
-1 0 7 1
-1 0 8 1
-1 0 9 5
0 0 -9 4
0 0 -8 1
0 0 -7 1
0 0 -6 1
0 0 -5 1
0 0 -4 1
0 0 -3 1
0 0 -2 1
0 0 -1 1
0 0 0 6
0 0 1 1
0 0 2 1
0 0 3 1
0 0 4 1
0 0 5 1
0 0 6 1
0 0 7 1
0 0 8 1
0 0 9 5
1 0 -9 4
1 0 -8 1
1 0 -7 1
1 0 -6 1
1 0 -5 1
1 0 -4 1
1 0 -3 1
1 0 -2 1
1 0 -1 1
1 0 0 1
1 0 1 1
1 0 2 1
1 0 3 1
1 0 4 1
1 0 5 1
1 0 6 1
1 0 7 1
1 0 8 1
1 0 9 5
2 0 -9 4
2 0 -8 4
2 0 -7 1
2 0 -6 1
2 0 -5 1
2 0 -4 1
2 0 -3 1
2 0 -2 1
2 0 -1 1
2 0 0 1
2 0 1 1
2 0 2 1
2 0 3 1
2 0 4 1
2 0 5 1
2 0 6 1
2 0 7 1
2 0 8 5
2 0 9 5
3 0 -8 4
3 0 -7 1
3 0 -6 1
3 0 -5 1
3 0 -4 1
3 0 -3 1
3 0 -2 1
3 0 -1 1
3 0 0 1
3 0 1 1
3 0 2 1
3 0 3 1
3 0 4 1
3 0 5 1
3 0 6 1
3 0 7 1
3 0 8 5
4 0 -8 4
4 0 -7 1
4 0 -6 1
4 0 -5 1
4 0 -4 1
4 0 -3 1
4 0 -2 1
4 0 -1 1
4 0 0 1
4 0 1 1
4 0 2 1
4 0 3 1
4 0 4 1
4 0 5 1
4 0 6 1
4 0 7 1
4 0 8 5
5 0 -7 4
5 0 -6 1
5 0 -5 1
5 0 -4 1
5 0 -3 1
5 0 -2 1
5 0 -1 1
5 0 0 1
5 0 1 1
5 0 2 1
5 0 3 1
5 0 4 1
5 0 5 1
5 0 6 1
5 0 7 5
6 0 -7 4
6 0 -6 4
6 0 -5 1
6 0 -4 1
6 0 -3 1
6 0 -2 1
6 0 -1 1
6 0 0 1
6 0 1 1
6 0 2 1
6 0 3 1
6 0 4 1
6 0 5 1
6 0 6 5
6 0 7 5
7 0 -6 7
7 0 -5 8
7 0 -4 1
7 0 -3 1
7 0 -2 1
7 0 -1 1
7 0 0 1
7 0 1 1
7 0 2 1
7 0 3 1
7 0 4 1
7 0 5 8
7 0 6 9
8 0 -4 8
8 0 -3 8
8 0 -2 8
8 0 -1 1
8 0 0 1
8 0 1 1
8 0 2 8
8 0 3 8
8 0 4 8
9 0 -2 8
9 0 -1 8
9 0 0 8
9 0 1 8
9 0 2 8
-10 1 -1 10
-10 1 0 11
-10 1 1 10
-9 1 -1 10
-9 1 0 10
-9 1 1 12
-8 1 -1 12
-8 1 0 10
-8 1 1 12
-7 1 -2 0
-7 1 -1 10
-7 1 0 10
-7 1 1 12
-7 1 2 0
-6 1 -4 0
-6 1 -3 0
-6 1 -2 1
-6 1 -1 10
-6 1 0 12
-6 1 1 10
-6 1 2 1
-6 1 3 0
-6 1 4 0
-5 1 -5 13
-5 1 -4 0
-5 1 -3 1
-5 1 -2 1
-5 1 -1 10
-5 1 0 10
-5 1 1 10
-5 1 2 1
-5 1 3 1
-5 1 4 0
-5 1 5 14
-4 1 -6 4
-4 1 -5 4
-4 1 -4 1
-4 1 -3 1
-4 1 -2 1
-4 1 -1 1
-4 1 0 1
-4 1 1 1
-4 1 2 1
-4 1 3 1
-4 1 4 1
-4 1 5 5
-4 1 6 5
-3 1 -6 4
-3 1 -5 1
-3 1 -4 1
-3 1 -3 1
-3 1 -2 1
-3 1 -1 1
-3 1 0 1
-3 1 1 1
-3 1 2 1
-3 1 3 1
-3 1 4 1
-3 1 5 1
-3 1 6 5
-2 1 -7 4
-2 1 -6 1
-2 1 -5 1
-2 1 -4 1
-2 1 -3 1
-2 1 -2 1
-2 1 -1 1
-2 1 0 1
-2 1 1 1
-2 1 2 1
-2 1 3 1
-2 1 4 1
-2 1 5 1
-2 1 6 1
-2 1 7 5
-1 1 -10 10
-1 1 -9 10
-1 1 -8 10
-1 1 -7 10
-1 1 -6 12
-1 1 -5 10
-1 1 -4 1
-1 1 -3 1
-1 1 -2 1
-1 1 -1 1
-1 1 0 1
-1 1 1 1
-1 1 2 1
-1 1 3 15
-1 1 4 15
-1 1 5 15
-1 1 6 15
-1 1 7 5
0 1 -10 11
0 1 -9 12
0 1 -8 10
0 1 -7 10
0 1 -6 10
0 1 -5 10
0 1 -4 1
0 1 -3 1
0 1 -2 1
0 1 -1 1
0 1 0 16
0 1 1 1
0 1 2 1
0 1 3 15
0 1 4 15
0 1 5 15
0 1 6 15
0 1 7 5
1 1 -10 10
1 1 -9 12
1 1 -8 10
1 1 -7 10
1 1 -6 10
1 1 -5 10
1 1 -4 1
1 1 -3 1
1 1 -2 1
1 1 -1 1
1 1 0 1
1 1 1 8
1 1 2 8
1 1 3 15
1 1 4 15
1 1 5 15
1 1 6 15
1 1 7 5
2 1 -7 4
2 1 -6 1
2 1 -5 1
2 1 -4 1
2 1 -3 1
2 1 -2 1
2 1 -1 1
2 1 0 1
2 1 1 1
2 1 2 8
2 1 3 8
2 1 4 1
2 1 5 1
2 1 6 1
2 1 7 5
3 1 -6 4
3 1 -5 1
3 1 -4 1
3 1 -3 1
3 1 -2 1
3 1 -1 1
3 1 0 1
3 1 1 1
3 1 2 4
3 1 3 1
3 1 4 1
3 1 5 1
3 1 6 5
4 1 -6 4
4 1 -5 4
4 1 -4 1
4 1 -3 1
4 1 -2 1
4 1 -1 1
4 1 0 1
4 1 1 1
4 1 2 1
4 1 3 1
4 1 4 1
4 1 5 5
4 1 6 5
5 1 -5 17
5 1 -4 8
5 1 -3 1
5 1 -2 1
5 1 -1 10
5 1 0 10
5 1 1 10
5 1 2 1
5 1 3 1
5 1 4 8
5 1 5 18
6 1 -4 8
6 1 -3 8
6 1 -2 1
6 1 -1 10
6 1 0 12
6 1 1 10
6 1 2 1
6 1 3 8
6 1 4 8
7 1 -2 8
7 1 -1 12
7 1 0 10
7 1 1 10
7 1 2 8
8 1 -1 10
8 1 0 10
8 1 1 10
9 1 -1 12
9 1 0 12
9 1 1 10
10 1 -1 10
10 1 0 11
10 1 1 10
-10 2 -1 0
-10 2 0 10
-10 2 1 0
-9 2 -1 10
-9 2 0 10
-9 2 1 10
-8 2 -1 12
-8 2 0 10
-8 2 1 10
-7 2 -1 10
-7 2 0 10
-7 2 1 10
-6 2 -1 10
-6 2 0 12
-6 2 1 10
-5 2 -2 10
-5 2 -1 10
-5 2 0 10
-5 2 1 10
-5 2 2 10
-4 2 -3 10
-4 2 -2 12
-4 2 -1 15
-4 2 0 15
-4 2 1 15
-4 2 2 10
-4 2 3 10
-3 2 -4 10
-3 2 -3 10
-3 2 -2 15
-3 2 -1 15
-3 2 0 15
-3 2 1 15
-3 2 2 15
-3 2 3 12
-3 2 4 10
-2 2 -5 12
-2 2 -4 10
-2 2 -3 15
-2 2 -2 15
-2 2 -1 15
-2 2 0 15
-2 2 1 15
-2 2 2 15
-2 2 3 15
-2 2 4 12
-2 2 5 12
-2 2 7 19
-1 2 -10 4
-1 2 -9 10
-1 2 -8 10
-1 2 -7 12
-1 2 -6 10
-1 2 -5 10
-1 2 -4 15
-1 2 -3 15
-1 2 -2 15
-1 2 -1 15
-1 2 0 15
-1 2 1 15
-1 2 2 15
-1 2 3 15
-1 2 4 15
-1 2 5 15
-1 2 6 15
0 2 -10 10
0 2 -9 10
0 2 -8 12
0 2 -7 10
0 2 -6 10
0 2 -5 10
0 2 -4 15
0 2 -3 15
0 2 -2 15
0 2 -1 15
0 2 0 19
0 2 1 8
0 2 2 8
0 2 3 8
0 2 4 8
0 2 5 15
0 2 6 15
1 2 -10 4
1 2 -9 10
1 2 -8 10
1 2 -7 10
1 2 -6 10
1 2 -5 10
1 2 -4 15
1 2 -3 15
1 2 -2 15
1 2 -1 15
1 2 0 15
1 2 1 15
1 2 2 8
1 2 3 8
1 2 4 8
1 2 5 15
1 2 6 15
2 2 -5 10
2 2 -4 10
2 2 -3 15
2 2 -2 15
2 2 -1 15
2 2 0 15
2 2 1 15
2 2 2 15
2 2 3 15
2 2 4 10
2 2 5 10
2 2 7 19
3 2 -4 10
3 2 -3 12
3 2 -2 15
3 2 -1 15
3 2 0 15
3 2 1 15
3 2 2 15
3 2 3 10
3 2 4 10
4 2 -3 12
4 2 -2 10
4 2 -1 15
4 2 0 15
4 2 1 15
4 2 2 10
4 2 3 10
5 2 -2 12
5 2 -1 10
5 2 0 10
5 2 1 10
5 2 2 10
6 2 -1 10
6 2 0 10
6 2 1 12
7 2 -1 10
7 2 0 10
7 2 1 10
8 2 -1 10
8 2 0 10
8 2 1 10
9 2 -1 10
9 2 0 10
9 2 1 10
10 2 -1 8
10 2 0 10
10 2 1 8
-10 3 0 0
-9 3 -1 10
-9 3 0 10
-9 3 1 10
-8 3 -1 10
-8 3 0 10
-8 3 1 10
-7 3 -1 10
-7 3 0 12
-7 3 1 10
-6 3 -1 10
-6 3 0 10
-6 3 1 10
-5 3 -2 10
-5 3 -1 12
-5 3 0 12
-5 3 1 10
-5 3 2 12
-4 3 -3 12
-4 3 -2 12
-4 3 -1 15
-4 3 0 15
-4 3 1 15
-4 3 2 10
-4 3 3 10
-3 3 -4 12
-3 3 -3 10
-3 3 -2 15
-3 3 -1 15
-3 3 0 15
-3 3 1 15
-3 3 2 15
-3 3 3 10
-3 3 4 10
-2 3 -5 12
-2 3 -4 10
-2 3 -3 15
-2 3 -2 15
-2 3 -1 15
-2 3 0 15
-2 3 1 15
-2 3 2 15
-2 3 3 8
-2 3 4 10
-2 3 5 10
-2 3 7 19
-1 3 -9 10
-1 3 -8 10
-1 3 -7 10
-1 3 -6 10
-1 3 -5 10
-1 3 -4 15
-1 3 -3 15
-1 3 -2 15
-1 3 -1 15
-1 3 0 15
-1 3 1 15
-1 3 2 8
-1 3 3 8
-1 3 4 8
-1 3 5 15
-1 3 6 15
0 3 -10 4
0 3 -9 10
0 3 -8 10
0 3 -7 10
0 3 -6 10
0 3 -5 10
0 3 -4 15
0 3 -3 15
0 3 -2 15
0 3 -1 15
0 3 0 19
0 3 1 8
0 3 2 8
0 3 3 8
0 3 4 8
0 3 5 15
0 3 6 15
1 3 -9 10
1 3 -8 10
1 3 -7 10
1 3 -6 12
1 3 -5 10
1 3 -4 15
1 3 -3 15
1 3 -2 15
1 3 -1 15
1 3 0 15
1 3 1 15
1 3 2 15
1 3 3 15
1 3 4 15
1 3 5 15
1 3 6 15
2 3 -5 10
2 3 -4 12
2 3 -3 15
2 3 -2 15
2 3 -1 15
2 3 0 15
2 3 1 15
2 3 2 15
2 3 3 15
2 3 4 12
2 3 5 10
2 3 7 19
3 3 -4 12
3 3 -3 10
3 3 -2 15
3 3 -1 15
3 3 0 15
3 3 1 15
3 3 2 15
3 3 3 10
3 3 4 12
4 3 -3 10
4 3 -2 10
4 3 -1 15
4 3 0 15
4 3 1 15
4 3 2 10
4 3 3 10
5 3 -2 10
5 3 -1 10
5 3 0 10
5 3 1 12
5 3 2 10
6 3 -1 10
6 3 0 10
6 3 1 10
7 3 -1 10
7 3 0 12
7 3 1 10
8 3 -1 10
8 3 0 10
8 3 1 10
9 3 -1 10
9 3 0 10
9 3 1 10
10 3 0 8
-9 4 -1 10
-9 4 0 10
-9 4 1 12
-8 4 -1 10
-8 4 0 10
-8 4 1 12
-7 4 -1 10
-7 4 0 10
-7 4 1 12
-6 4 -1 10
-6 4 0 10
-6 4 1 12
-5 4 -2 10
-5 4 -1 10
-5 4 0 10
-5 4 1 10
-5 4 2 10
-4 4 -3 10
-4 4 -2 10
-4 4 -1 15
-4 4 0 15
-4 4 1 15
-4 4 2 10
-4 4 3 10
-3 4 -4 10
-3 4 -3 10
-3 4 -2 15
-3 4 -1 15
-3 4 0 15
-3 4 1 15
-3 4 2 5
-3 4 3 10
-3 4 4 10
-2 4 -5 10
-2 4 -4 12
-2 4 -3 15
-2 4 -2 15
-2 4 -1 15
-2 4 0 15
-2 4 1 5
-2 4 2 5
-2 4 3 8
-2 4 4 12
-2 4 5 10
-2 4 7 19
-1 4 -9 12
-1 4 -8 10
-1 4 -7 12
-1 4 -6 10
-1 4 -5 10
-1 4 -4 15
-1 4 -3 15
-1 4 -2 15
-1 4 -1 15
-1 4 0 15
-1 4 1 5
-1 4 2 15
-1 4 3 15
-1 4 4 15
-1 4 5 20
0 4 -9 10
0 4 -8 10
0 4 -7 10
0 4 -6 12
0 4 -5 12
0 4 -4 15
0 4 -3 15
0 4 -2 15
0 4 -1 15
0 4 0 19
0 4 1 15
0 4 2 15
0 4 3 15
0 4 4 15
0 4 5 11
1 4 -9 10
1 4 -8 12
1 4 -7 10
1 4 -6 12
1 4 -5 10
1 4 -4 15
1 4 -3 15
1 4 -2 15
1 4 -1 15
1 4 0 15
1 4 1 15
1 4 2 15
1 4 3 15
1 4 4 15
1 4 5 21
2 4 -5 12
2 4 -4 10
2 4 -3 15
2 4 -2 15
2 4 -1 15
2 4 0 15
2 4 1 15
2 4 2 15
2 4 3 15
2 4 4 12
2 4 5 10
2 4 7 19
3 4 -4 12
3 4 -3 10
3 4 -2 15
3 4 -1 15
3 4 0 15
3 4 1 15
3 4 2 15
3 4 3 10
3 4 4 10
4 4 -3 10
4 4 -2 10
4 4 -1 15
4 4 0 15
4 4 1 15
4 4 2 12
4 4 3 10
5 4 -2 10
5 4 -1 10
5 4 0 10
5 4 1 10
5 4 2 12
6 4 -1 10
6 4 0 10
6 4 1 10
7 4 -1 12
7 4 0 10
7 4 1 10
8 4 -1 10
8 4 0 12
8 4 1 10
9 4 -1 12
9 4 0 10
9 4 1 10
-9 5 -1 0
-9 5 0 10
-9 5 1 0
-8 5 -1 10
-8 5 0 12
-8 5 1 10
-7 5 -1 10
-7 5 0 10
-7 5 1 10
-6 5 -1 10
-6 5 0 10
-6 5 1 10
-5 5 -2 10
-5 5 -1 10
-5 5 0 10
-5 5 1 12
-5 5 2 10
-4 5 -3 10
-4 5 -2 12
-4 5 -1 15
-4 5 0 5
-4 5 1 5
-4 5 2 12
-4 5 3 10
-3 5 -4 10
-3 5 -3 10
-3 5 -2 15
-3 5 -1 15
-3 5 0 5
-3 5 1 5
-3 5 2 15
-3 5 3 10
-3 5 4 10
-2 5 -5 12
-2 5 -4 10
-2 5 -3 15
-2 5 -2 15
-2 5 -1 15
-2 5 0 5
-2 5 1 5
-2 5 2 15
-2 5 3 15
-2 5 4 10
-2 5 5 10
-2 5 7 19
-1 5 -9 4
-1 5 -8 10
-1 5 -7 10
-1 5 -6 12
-1 5 -5 10
-1 5 -4 15
-1 5 -3 15
-1 5 -2 15
-1 5 -1 15
-1 5 0 5
-1 5 1 15
-1 5 2 15
-1 5 3 15
-1 5 4 15
-1 5 5 10
0 5 -9 12
0 5 -8 12
0 5 -7 10
0 5 -6 10
0 5 -5 10
0 5 -4 15
0 5 -3 15
0 5 -2 15
0 5 -1 15
0 5 0 19
0 5 1 15
0 5 2 15
0 5 3 15
0 5 4 15
0 5 5 19
1 5 -9 4
1 5 -8 10
1 5 -7 10
1 5 -6 10
1 5 -5 10
1 5 -4 15
1 5 -3 15
1 5 -2 15
1 5 -1 15
1 5 0 15
1 5 1 15
1 5 2 15
1 5 3 15
1 5 4 15
1 5 5 10
2 5 -5 10
2 5 -4 10
2 5 -3 15
2 5 -2 15
2 5 -1 15
2 5 0 15
2 5 1 15
2 5 2 15
2 5 3 15
2 5 4 10
2 5 5 10
2 5 7 19
3 5 -4 10
3 5 -3 10
3 5 -2 15
3 5 -1 15
3 5 0 15
3 5 1 15
3 5 2 15
3 5 3 10
3 5 4 10
4 5 -3 10
4 5 -2 10
4 5 -1 15
4 5 0 15
4 5 1 15
4 5 2 12
4 5 3 10
5 5 -2 10
5 5 -1 12
5 5 0 10
5 5 1 10
5 5 2 12
6 5 -1 10
6 5 0 10
6 5 1 10
7 5 -1 10
7 5 0 10
7 5 1 10
8 5 -1 10
8 5 0 10
8 5 1 10
9 5 -1 8
9 5 0 10
9 5 1 8
-9 6 0 0
-8 6 -1 10
-8 6 0 10
-8 6 1 10
-7 6 -1 10
-7 6 0 12
-7 6 1 10
-6 6 -1 12
-6 6 0 10
-6 6 1 10
-5 6 -2 10
-5 6 -1 10
-5 6 0 12
-5 6 1 10
-5 6 2 12
-4 6 -3 10
-4 6 -2 10
-4 6 -1 5
-4 6 0 5
-4 6 1 15
-4 6 2 10
-4 6 3 10
-3 6 -4 10
-3 6 -3 10
-3 6 -2 5
-3 6 -1 5
-3 6 0 5
-3 6 1 15
-3 6 2 15
-3 6 3 10
-3 6 4 10
-2 6 -5 10
-2 6 -4 10
-2 6 -3 15
-2 6 -2 15
-2 6 -1 5
-2 6 0 5
-2 6 1 15
-2 6 2 15
-2 6 3 15
-2 6 4 12
-2 6 5 10
-2 6 7 19
-1 6 -8 12
-1 6 -7 10
-1 6 -6 10
-1 6 -5 10
-1 6 -4 15
-1 6 -3 15
-1 6 -2 15
-1 6 -1 15
-1 6 0 5
-1 6 1 15
-1 6 2 15
-1 6 3 15
-1 6 4 15
-1 6 5 10
-1 6 6 10
-1 6 7 10
0 6 -9 4
0 6 -8 10
0 6 -7 10
0 6 -6 12
0 6 -5 10
0 6 -4 15
0 6 -3 15
0 6 -2 15
0 6 -1 15
0 6 0 19
0 6 1 15
0 6 2 15
0 6 3 15
0 6 4 15
0 6 5 19
0 6 6 10
0 6 7 10
1 6 -8 12
1 6 -7 10
1 6 -6 12
1 6 -5 10
1 6 -4 15
1 6 -3 15
1 6 -2 15
1 6 -1 15
1 6 0 15
1 6 1 15
1 6 2 15
1 6 3 15
1 6 4 15
1 6 5 10
1 6 6 10
1 6 7 10
2 6 -5 10
2 6 -4 10
2 6 -3 15
2 6 -2 15
2 6 -1 15
2 6 0 15
2 6 1 15
2 6 2 15
2 6 3 15
2 6 4 10
2 6 5 10
2 6 7 19
3 6 -4 12
3 6 -3 10
3 6 -2 15
3 6 -1 15
3 6 0 15
3 6 1 15
3 6 2 15
3 6 3 10
3 6 4 10
4 6 -3 10
4 6 -2 10
4 6 -1 15
4 6 0 15
4 6 1 15
4 6 2 10
4 6 3 12
5 6 -2 10
5 6 -1 10
5 6 0 10
5 6 1 10
5 6 2 10
6 6 -1 10
6 6 0 10
6 6 1 10
7 6 -1 10
7 6 0 12
7 6 1 10
8 6 -1 12
8 6 0 10
8 6 1 12
9 6 0 8
-8 7 -1 10
-8 7 0 10
-8 7 1 10
-7 7 -1 10
-7 7 0 10
-7 7 1 10
-6 7 -1 10
-6 7 0 10
-6 7 1 12
-5 7 -2 10
-5 7 -1 12
-5 7 0 10
-5 7 1 12
-5 7 2 10
-4 7 -3 12
-4 7 -2 10
-4 7 -1 15
-4 7 0 15
-4 7 1 15
-4 7 2 12
-4 7 3 10
-3 7 -4 10
-3 7 -3 10
-3 7 -2 5
-3 7 -1 15
-3 7 0 15
-3 7 1 15
-3 7 2 15
-3 7 3 10
-3 7 4 10
-2 7 -5 10
-2 7 -4 10
-2 7 -3 0
-2 7 -2 0
-2 7 -1 15
-2 7 0 15
-2 7 1 15
-2 7 2 15
-2 7 3 15
-2 7 4 10
-2 7 5 10
-2 7 7 22
-1 7 -8 10
-1 7 -7 10
-1 7 -6 10
-1 7 -5 10
-1 7 -4 15
-1 7 -3 15
-1 7 -2 0
-1 7 -1 0
-1 7 0 15
-1 7 1 15
-1 7 2 15
-1 7 3 15
-1 7 4 15
-1 7 5 10
-1 7 7 5
0 7 -8 10
0 7 -7 10
0 7 -6 12
0 7 -5 10
0 7 -4 15
0 7 -3 15
0 7 -2 15
0 7 -1 15
0 7 0 19
0 7 1 15
0 7 2 15
0 7 3 15
0 7 4 15
0 7 5 19
0 7 7 5
1 7 -8 10
1 7 -7 10
1 7 -6 10
1 7 -5 10
1 7 -4 15
1 7 -3 15
1 7 -2 15
1 7 -1 15
1 7 0 15
1 7 1 15
1 7 2 15
1 7 3 15
1 7 4 15
1 7 5 10
1 7 7 5
2 7 -5 12
2 7 -4 12
2 7 -3 15
2 7 -2 15
2 7 -1 15
2 7 0 15
2 7 1 15
2 7 2 15
2 7 3 15
2 7 4 12
2 7 5 12
2 7 7 22
3 7 -4 12
3 7 -3 10
3 7 -2 15
3 7 -1 15
3 7 0 15
3 7 1 15
3 7 2 15
3 7 3 10
3 7 4 12
4 7 -3 10
4 7 -2 12
4 7 -1 15
4 7 0 15
4 7 1 15
4 7 2 10
4 7 3 10
5 7 -2 10
5 7 -1 12
5 7 0 10
5 7 1 12
5 7 2 10
6 7 -1 10
6 7 0 10
6 7 1 10
7 7 -1 10
7 7 0 10
7 7 1 10
8 7 -1 10
8 7 0 10
8 7 1 10
-8 8 -1 0
-8 8 0 10
-8 8 1 0
-7 8 -1 10
-7 8 0 10
-7 8 1 12
-6 8 -1 12
-6 8 0 10
-6 8 1 12
-5 8 -2 10
-5 8 -1 10
-5 8 0 10
-5 8 1 10
-5 8 2 10
-4 8 -3 10
-4 8 -2 10
-4 8 -1 15
-4 8 0 15
-4 8 1 15
-4 8 2 12
-4 8 3 12
-3 8 -4 10
-3 8 -3 10
-3 8 -2 15
-3 8 -1 15
-3 8 0 15
-3 8 1 15
-3 8 2 15
-3 8 3 12
-3 8 4 12
-2 8 -5 10
-2 8 -4 10
-2 8 -3 15
-2 8 -2 15
-2 8 -1 15
-2 8 0 15
-2 8 1 15
-2 8 2 15
-2 8 3 15
-2 8 4 12
-2 8 5 10
-1 8 -8 4
-1 8 -7 10
-1 8 -6 10
-1 8 -5 10
-1 8 -4 0
-1 8 -3 0
-1 8 -2 0
-1 8 -1 15
-1 8 0 15
-1 8 1 15
-1 8 2 15
-1 8 3 15
-1 8 4 15
-1 8 5 10
0 8 -8 10
0 8 -7 10
0 8 -6 10
0 8 -5 10
0 8 -4 0
0 8 -3 0
0 8 -2 0
0 8 -1 0
0 8 0 19
0 8 1 15
0 8 2 15
0 8 3 15
0 8 4 15
0 8 5 19
1 8 -8 4
1 8 -7 10
1 8 -6 10
1 8 -5 10
1 8 -4 15
1 8 -3 15
1 8 -2 15
1 8 -1 15
1 8 0 15
1 8 1 15
1 8 2 15
1 8 3 15
1 8 4 15
1 8 5 10
2 8 -5 12
2 8 -4 12
2 8 -3 15
2 8 -2 15
2 8 -1 15
2 8 0 15
2 8 1 15
2 8 2 15
2 8 3 15
2 8 4 10
2 8 5 12
3 8 -4 10
3 8 -3 12
3 8 -2 15
3 8 -1 15
3 8 0 15
3 8 1 15
3 8 2 15
3 8 3 10
3 8 4 12
4 8 -3 10
4 8 -2 10
4 8 -1 15
4 8 0 15
4 8 1 15
4 8 2 10
4 8 3 10
5 8 -2 10
5 8 -1 10
5 8 0 12
5 8 1 10
5 8 2 12
6 8 -1 10
6 8 0 12
6 8 1 10
7 8 -1 12
7 8 0 10
7 8 1 10
8 8 -1 8
8 8 0 10
8 8 1 8
-8 9 0 0
-7 9 -1 12
-7 9 0 10
-7 9 1 10
-6 9 -1 12
-6 9 0 12
-6 9 1 10
-5 9 -2 1
-5 9 -1 10
-5 9 0 12
-5 9 1 10
-5 9 2 1
-4 9 -3 1
-4 9 -2 1
-4 9 -1 15
-4 9 0 15
-4 9 1 15
-4 9 2 1
-4 9 3 1
-3 9 -4 1
-3 9 -3 1
-3 9 -2 15
-3 9 -1 15
-3 9 0 15
-3 9 1 15
-3 9 2 15
-3 9 3 1
-3 9 4 1
-2 9 -5 1
-2 9 -4 1
-2 9 -3 15
-2 9 -2 15
-2 9 -1 15
-2 9 0 15
-2 9 1 15
-2 9 2 15
-2 9 3 15
-2 9 4 1
-2 9 5 1
-1 9 -7 10
-1 9 -6 12
-1 9 -5 12
-1 9 -4 15
-1 9 -3 15
-1 9 -2 15
-1 9 -1 15
-1 9 0 15
-1 9 1 15
-1 9 2 15
-1 9 3 15
-1 9 4 15
-1 9 5 1
0 9 -8 4
0 9 -7 10
0 9 -6 10
0 9 -5 10
0 9 -4 0
0 9 -3 0
0 9 -2 0
0 9 -1 0
0 9 0 19
0 9 1 15
0 9 2 15
0 9 3 15
0 9 4 15
0 9 5 1
1 9 -7 10
1 9 -6 10
1 9 -5 10
1 9 -4 0
1 9 -3 0
1 9 -2 0
1 9 -1 15
1 9 0 15
1 9 1 15
1 9 2 15
1 9 3 15
1 9 4 15
1 9 5 1
2 9 -5 1
2 9 -4 1
2 9 -3 0
2 9 -2 15
2 9 -1 15
2 9 0 15
2 9 1 15
2 9 2 15
2 9 3 15
2 9 4 1
2 9 5 1
3 9 -4 1
3 9 -3 1
3 9 -2 15
3 9 -1 15
3 9 0 15
3 9 1 15
3 9 2 15
3 9 3 1
3 9 4 1
4 9 -3 1
4 9 -2 1
4 9 -1 15
4 9 0 15
4 9 1 15
4 9 2 1
4 9 3 1
5 9 -2 1
5 9 -1 10
5 9 0 10
5 9 1 10
5 9 2 1
6 9 -1 10
6 9 0 12
6 9 1 10
7 9 -1 10
7 9 0 12
7 9 1 12
8 9 0 8
-7 10 -1 12
-7 10 0 10
-7 10 1 10
-6 10 -1 10
-6 10 0 10
-6 10 1 10
-5 10 -2 10
-5 10 -1 10
-5 10 0 12
-5 10 1 10
-5 10 2 10
-4 10 -3 10
-4 10 -2 10
-4 10 -1 15
-4 10 0 15
-4 10 1 15
-4 10 2 10
-4 10 3 10
-3 10 -4 10
-3 10 -3 10
-3 10 -2 15
-3 10 -1 15
-3 10 0 15
-3 10 1 15
-3 10 2 15
-3 10 3 10
-3 10 4 10
-2 10 -5 12
-2 10 -4 12
-2 10 -3 15
-2 10 -2 15
-2 10 -1 15
-2 10 0 15
-2 10 1 15
-2 10 2 15
-2 10 3 15
-2 10 4 10
-2 10 5 10
-1 10 -7 12
-1 10 -6 10
-1 10 -5 10
-1 10 -4 15
-1 10 -3 15
-1 10 -2 15
-1 10 -1 15
-1 10 0 15
-1 10 1 15
-1 10 2 15
-1 10 3 15
-1 10 4 15
-1 10 5 10
0 10 -7 10
0 10 -6 10
0 10 -5 10
0 10 -4 15
0 10 -3 15
0 10 -2 15
0 10 -1 15
0 10 0 19
0 10 1 15
0 10 2 15
0 10 3 15
0 10 4 15
0 10 5 19
1 10 -7 12
1 10 -6 12
1 10 -5 10
1 10 -4 15
1 10 -3 15
1 10 -2 15
1 10 -1 4
1 10 0 15
1 10 1 15
1 10 2 15
1 10 3 15
1 10 4 15
1 10 5 10
2 10 -5 10
2 10 -4 10
2 10 -3 0
2 10 -2 4
2 10 -1 4
2 10 0 15
2 10 1 15
2 10 2 15
2 10 3 15
2 10 4 10
2 10 5 10
3 10 -4 10
3 10 -3 10
3 10 -2 4
3 10 -1 15
3 10 0 15
3 10 1 15
3 10 2 15
3 10 3 10
3 10 4 10
4 10 -3 10
4 10 -2 10
4 10 -1 15
4 10 0 15
4 10 1 15
4 10 2 12
4 10 3 10
5 10 -2 10
5 10 -1 10
5 10 0 10
5 10 1 10
5 10 2 10
6 10 -1 12
6 10 0 10
6 10 1 12
7 10 -1 10
7 10 0 10
7 10 1 12
-7 11 -1 0
-7 11 0 10
-7 11 1 0
-6 11 -1 10
-6 11 0 10
-6 11 1 10
-5 11 -2 10
-5 11 -1 10
-5 11 0 10
-5 11 1 10
-5 11 2 10
-4 11 -3 12
-4 11 -2 10
-4 11 -1 15
-4 11 0 15
-4 11 1 15
-4 11 2 10
-4 11 3 10
-3 11 -4 10
-3 11 -3 10
-3 11 -2 15
-3 11 -1 15
-3 11 0 15
-3 11 1 15
-3 11 2 15
-3 11 3 12
-3 11 4 10
-2 11 -5 10
-2 11 -4 12
-2 11 -3 15
-2 11 -2 15
-2 11 -1 15
-2 11 0 15
-2 11 1 15
-2 11 2 15
-2 11 3 15
-2 11 4 10
-2 11 5 10
-1 11 -7 4
-1 11 -6 10
-1 11 -5 12
-1 11 -4 15
-1 11 -3 15
-1 11 -2 15
-1 11 -1 15
-1 11 0 15
-1 11 1 15
-1 11 2 15
-1 11 3 15
-1 11 4 15
-1 11 5 10
0 11 -7 10
0 11 -6 12
0 11 -5 12
0 11 -4 15
0 11 -3 15
0 11 -2 15
0 11 -1 15
0 11 0 19
0 11 1 15
0 11 2 15
0 11 3 15
0 11 4 15
0 11 5 19
1 11 -7 4
1 11 -6 10
1 11 -5 10
1 11 -4 15
1 11 -3 15
1 11 -2 15
1 11 -1 15
1 11 0 4
1 11 1 15
1 11 2 15
1 11 3 15
1 11 4 15
1 11 5 12
2 11 -5 10
2 11 -4 10
2 11 -3 15
2 11 -2 15
2 11 -1 4
2 11 0 4
2 11 1 15
2 11 2 15
2 11 3 15
2 11 4 12
2 11 5 10
3 11 -4 12
3 11 -3 12
3 11 -2 15
3 11 -1 4
3 11 0 4
3 11 1 15
3 11 2 15
3 11 3 10
3 11 4 10
4 11 -3 10
4 11 -2 10
4 11 -1 4
4 11 0 4
4 11 1 15
4 11 2 10
4 11 3 10
5 11 -2 10
5 11 -1 10
5 11 0 10
5 11 1 10
5 11 2 12
6 11 -1 10
6 11 0 10
6 11 1 10
7 11 -1 8
7 11 0 12
7 11 1 8
-7 12 0 0
-6 12 -1 10
-6 12 0 10
-6 12 1 10
-5 12 -2 12
-5 12 -1 10
-5 12 0 10
-5 12 1 10
-5 12 2 10
-4 12 -3 10
-4 12 -2 12
-4 12 -1 15
-4 12 0 15
-4 12 1 15
-4 12 2 10
-4 12 3 10
-3 12 -4 10
-3 12 -3 12
-3 12 -2 15
-3 12 -1 15
-3 12 0 15
-3 12 1 15
-3 12 2 15
-3 12 3 12
-3 12 4 10
-2 12 -5 12
-2 12 -4 10
-2 12 -3 15
-2 12 -2 15
-2 12 -1 15
-2 12 0 15
-2 12 1 15
-2 12 2 15
-2 12 3 15
-2 12 4 10
-2 12 5 12
-1 12 -6 10
-1 12 -5 10
-1 12 -4 15
-1 12 -3 15
-1 12 -2 15
-1 12 -1 15
-1 12 0 15
-1 12 1 15
-1 12 2 15
-1 12 3 15
-1 12 4 15
-1 12 5 10
0 12 -7 4
0 12 -6 10
0 12 -5 10
0 12 -4 15
0 12 -3 15
0 12 -2 15
0 12 -1 15
0 12 0 19
0 12 1 15
0 12 2 15
0 12 3 15
0 12 4 15
0 12 5 23
1 12 -6 10
1 12 -5 10
1 12 -4 15
1 12 -3 15
1 12 -2 15
1 12 -1 15
1 12 0 4
1 12 1 15
1 12 2 15
1 12 3 15
1 12 4 15
1 12 5 10
2 12 -5 10
2 12 -4 10
2 12 -3 15
2 12 -2 15
2 12 -1 15
2 12 0 4
2 12 1 4
2 12 2 15
2 12 3 15
2 12 4 10
2 12 5 10
3 12 -4 10
3 12 -3 12
3 12 -2 15
3 12 -1 15
3 12 0 4
3 12 1 4
3 12 2 4
3 12 3 12
3 12 4 10
4 12 -3 10
4 12 -2 10
4 12 -1 15
4 12 0 4
4 12 1 4
4 12 2 10
4 12 3 12
5 12 -2 10
5 12 -1 10
5 12 0 10
5 12 1 10
5 12 2 10
6 12 -1 10
6 12 0 10
6 12 1 10
7 12 0 8
-6 13 -1 10
-6 13 0 10
-6 13 1 10
-5 13 -2 12
-5 13 -1 12
-5 13 0 12
-5 13 1 12
-5 13 2 10
-4 13 -3 12
-4 13 -2 10
-4 13 -1 15
-4 13 0 15
-4 13 1 15
-4 13 2 10
-4 13 3 10
-3 13 -4 12
-3 13 -3 10
-3 13 -2 15
-3 13 -1 15
-3 13 0 15
-3 13 1 15
-3 13 2 15
-3 13 3 10
-3 13 4 10
-2 13 -5 10
-2 13 -4 10
-2 13 -3 15
-2 13 -2 15
-2 13 -1 15
-2 13 0 15
-2 13 1 15
-2 13 2 15
-2 13 3 15
-2 13 4 10
-2 13 5 10
-1 13 -6 12
-1 13 -5 10
-1 13 -4 15
-1 13 -3 15
-1 13 -2 15
-1 13 -1 15
-1 13 0 15
-1 13 1 15
-1 13 2 15
-1 13 3 15
-1 13 4 15
-1 13 5 10
0 13 -6 10
0 13 -5 12
0 13 -4 15
0 13 -3 15
0 13 -2 15
0 13 -1 15
0 13 0 19
0 13 1 15
0 13 2 15
0 13 3 15
0 13 4 15
0 13 5 23
1 13 -6 12
1 13 -5 10
1 13 -4 15
1 13 -3 15
1 13 -2 15
1 13 -1 15
1 13 0 15
1 13 1 8
1 13 2 8
1 13 3 15
1 13 4 15
1 13 5 10
2 13 -5 10
2 13 -4 12
2 13 -3 15
2 13 -2 15
2 13 -1 15
2 13 0 15
2 13 1 15
2 13 2 8
2 13 3 8
2 13 4 10
2 13 5 10
3 13 -4 10
3 13 -3 10
3 13 -2 15
3 13 -1 15
3 13 0 15
3 13 1 15
3 13 2 4
3 13 3 10
3 13 4 10
4 13 -3 12
4 13 -2 12
4 13 -1 15
4 13 0 15
4 13 1 15
4 13 2 10
4 13 3 10
5 13 -2 12
5 13 -1 12
5 13 0 10
5 13 1 12
5 13 2 10
6 13 -1 10
6 13 0 10
6 13 1 10
-6 14 -1 0
-6 14 0 10
-6 14 1 0
-5 14 -2 12
-5 14 -1 10
-5 14 0 12
-5 14 1 10
-5 14 2 10
-4 14 -3 10
-4 14 -2 10
-4 14 -1 15
-4 14 0 15
-4 14 1 15
-4 14 2 10
-4 14 3 10
-3 14 -4 10
-3 14 -3 10
-3 14 -2 15
-3 14 -1 15
-3 14 0 15
-3 14 1 15
-3 14 2 15
-3 14 3 10
-3 14 4 10
-2 14 -5 12
-2 14 -4 10
-2 14 -3 15
-2 14 -2 15
-2 14 -1 15
-2 14 0 15
-2 14 1 15
-2 14 2 15
-2 14 3 15
-2 14 4 10
-2 14 5 10
-1 14 -6 4
-1 14 -5 10
-1 14 -4 15
-1 14 -3 15
-1 14 -2 15
-1 14 -1 15
-1 14 0 15
-1 14 1 15
-1 14 2 15
-1 14 3 15
-1 14 4 15
-1 14 5 12
0 14 -6 10
0 14 -5 10
0 14 -4 15
0 14 -3 15
0 14 -2 15
0 14 -1 15
0 14 0 19
0 14 1 8
0 14 2 8
0 14 3 8
0 14 4 8
0 14 5 11
1 14 -6 4
1 14 -5 12
1 14 -4 15
1 14 -3 15
1 14 -2 15
1 14 -1 15
1 14 0 15
1 14 1 15
1 14 2 8
1 14 3 8
1 14 4 8
1 14 5 10
2 14 -5 12
2 14 -4 10
2 14 -3 15
2 14 -2 15
2 14 -1 15
2 14 0 15
2 14 1 15
2 14 2 15
2 14 3 15
2 14 4 10
2 14 5 10
3 14 -4 10
3 14 -3 10
3 14 -2 15
3 14 -1 15
3 14 0 15
3 14 1 15
3 14 2 15
3 14 3 10
3 14 4 10
4 14 -3 10
4 14 -2 10
4 14 -1 15
4 14 0 15
4 14 1 15
4 14 2 10
4 14 3 12
5 14 -2 12
5 14 -1 10
5 14 0 10
5 14 1 10
5 14 2 10
6 14 -1 8
6 14 0 10
6 14 1 8
-6 15 0 0
-5 15 -2 10
-5 15 -1 10
-5 15 0 10
-5 15 1 10
-5 15 2 10
-4 15 -3 12
-4 15 -2 12
-4 15 -1 15
-4 15 0 15
-4 15 1 15
-4 15 2 12
-4 15 3 10
-3 15 -4 10
-3 15 -3 10
-3 15 -2 15
-3 15 -1 15
-3 15 0 15
-3 15 1 15
-3 15 2 15
-3 15 3 10
-3 15 4 10
-2 15 -5 10
-2 15 -4 10
-2 15 -3 15
-2 15 -2 15
-2 15 -1 15
-2 15 0 15
-2 15 1 15
-2 15 2 15
-2 15 3 8
-2 15 4 10
-2 15 5 12
-1 15 -5 10
-1 15 -4 15
-1 15 -3 15
-1 15 -2 15
-1 15 -1 15
-1 15 0 15
-1 15 1 15
-1 15 2 8
-1 15 3 8
-1 15 4 8
-1 15 5 10
0 15 -6 4
0 15 -5 10
0 15 -4 15
0 15 -3 15
0 15 -2 15
0 15 -1 15
0 15 0 19
0 15 1 8
0 15 2 8
0 15 3 8
0 15 4 8
0 15 5 19
1 15 -5 10
1 15 -4 15
1 15 -3 15
1 15 -2 15
1 15 -1 15
1 15 0 15
1 15 1 15
1 15 2 15
1 15 3 15
1 15 4 15
1 15 5 10
2 15 -5 10
2 15 -4 10
2 15 -3 15
2 15 -2 15
2 15 -1 15
2 15 0 15
2 15 1 15
2 15 2 15
2 15 3 15
2 15 4 10
2 15 5 10
3 15 -4 12
3 15 -3 10
3 15 -2 15
3 15 -1 15
3 15 0 15
3 15 1 15
3 15 2 15
3 15 3 10
3 15 4 10
4 15 -3 10
4 15 -2 10
4 15 -1 15
4 15 0 15
4 15 1 15
4 15 2 12
4 15 3 12
5 15 -2 10
5 15 -1 10
5 15 0 10
5 15 1 10
5 15 2 10
6 15 0 8
-5 16 -2 1
-5 16 -1 10
-5 16 0 12
-5 16 1 10
-5 16 2 1
-4 16 -3 1
-4 16 -2 1
-4 16 -1 15
-4 16 0 15
-4 16 1 15
-4 16 2 1
-4 16 3 1
-3 16 -4 1
-3 16 -3 1
-3 16 -2 15
-3 16 -1 15
-3 16 0 15
-3 16 1 15
-3 16 2 5
-3 16 3 1
-3 16 4 1
-2 16 -5 1
-2 16 -4 1
-2 16 -3 15
-2 16 -2 15
-2 16 -1 15
-2 16 0 15
-2 16 1 5
-2 16 2 5
-2 16 3 8
-2 16 4 1
-2 16 5 1
-1 16 -5 10
-1 16 -4 15
-1 16 -3 15
-1 16 -2 15
-1 16 -1 15
-1 16 0 15
-1 16 1 5
-1 16 2 15
-1 16 3 15
-1 16 4 15
-1 16 5 1
0 16 -5 10
0 16 -4 15
0 16 -3 15
0 16 -2 15
0 16 -1 15
0 16 0 19
0 16 1 15
0 16 2 15
0 16 3 15
0 16 4 15
0 16 5 1
1 16 -5 10
1 16 -4 15
1 16 -3 15
1 16 -2 15
1 16 -1 15
1 16 0 15
1 16 1 15
1 16 2 15
1 16 3 15
1 16 4 15
1 16 5 1
2 16 -5 1
2 16 -4 1
2 16 -3 15
2 16 -2 15
2 16 -1 15
2 16 0 15
2 16 1 15
2 16 2 15
2 16 3 15
2 16 4 1
2 16 5 1
3 16 -4 1
3 16 -3 1
3 16 -2 15
3 16 -1 15
3 16 0 15
3 16 1 15
3 16 2 15
3 16 3 1
3 16 4 1
4 16 -3 1
4 16 -2 1
4 16 -1 15
4 16 0 15
4 16 1 15
4 16 2 1
4 16 3 1
5 16 -2 1
5 16 -1 10
5 16 0 10
5 16 1 10
5 16 2 1
-5 17 -2 10
-5 17 -1 0
-5 17 0 12
-5 17 1 3
-5 17 2 10
-4 17 -3 10
-4 17 -2 10
-4 17 -1 15
-4 17 0 5
-4 17 1 5
-4 17 2 10
-4 17 3 10
-3 17 -4 10
-3 17 -3 10
-3 17 -2 15
-3 17 -1 15
-3 17 0 5
-3 17 1 5
-3 17 2 15
-3 17 3 12
-3 17 4 12
-2 17 -5 10
-2 17 -4 10
-2 17 -3 15
-2 17 -2 15
-2 17 -1 15
-2 17 0 5
-2 17 1 5
-2 17 2 15
-2 17 3 15
-2 17 4 10
-2 17 5 10
-1 17 -5 4
-1 17 -4 15
-1 17 -3 15
-1 17 -2 15
-1 17 -1 15
-1 17 0 5
-1 17 1 15
-1 17 2 15
-1 17 3 15
-1 17 4 15
-1 17 5 12
0 17 -5 10
0 17 -4 15
0 17 -3 15
0 17 -2 15
0 17 -1 15
0 17 0 19
0 17 1 15
0 17 2 15
0 17 3 15
0 17 4 15
0 17 5 19
1 17 -5 4
1 17 -4 15
1 17 -3 15
1 17 -2 15
1 17 -1 15
1 17 0 15
1 17 1 15
1 17 2 15
1 17 3 15
1 17 4 15
1 17 5 12
2 17 -5 10
2 17 -4 10
2 17 -3 15
2 17 -2 15
2 17 -1 15
2 17 0 15
2 17 1 15
2 17 2 15
2 17 3 15
2 17 4 10
2 17 5 10
3 17 -4 10
3 17 -3 12
3 17 -2 15
3 17 -1 15
3 17 0 15
3 17 1 15
3 17 2 15
3 17 3 10
3 17 4 10
4 17 -3 10
4 17 -2 12
4 17 -1 15
4 17 0 15
4 17 1 15
4 17 2 12
4 17 3 10
5 17 -2 10
5 17 -1 8
5 17 0 12
5 17 1 8
5 17 2 10
-5 18 -2 10
-5 18 -1 10
-5 18 0 3
-5 18 1 10
-5 18 2 10
-4 18 -3 10
-4 18 -2 10
-4 18 -1 5
-4 18 0 5
-4 18 1 15
-4 18 2 10
-4 18 3 12
-3 18 -4 10
-3 18 -3 10
-3 18 -2 5
-3 18 -1 5
-3 18 0 5
-3 18 1 15
-3 18 2 15
-3 18 3 10
-3 18 4 10
-2 18 -5 10
-2 18 -4 10
-2 18 -3 15
-2 18 -2 15
-2 18 -1 5
-2 18 0 5
-2 18 1 15
-2 18 2 15
-2 18 3 15
-2 18 4 10
-2 18 5 10
-1 18 -5 10
-1 18 -4 15
-1 18 -3 15
-1 18 -2 15
-1 18 -1 15
-1 18 0 5
-1 18 1 15
-1 18 2 15
-1 18 3 15
-1 18 4 15
-1 18 5 10
0 18 -5 4
0 18 -4 15
0 18 -3 15
0 18 -2 15
0 18 -1 15
0 18 0 19
0 18 1 15
0 18 2 15
0 18 3 15
0 18 4 15
0 18 5 19
1 18 -5 10
1 18 -4 15
1 18 -3 15
1 18 -2 15
1 18 -1 15
1 18 0 15
1 18 1 15
1 18 2 15
1 18 3 15
1 18 4 15
1 18 5 10
2 18 -5 10
2 18 -4 10
2 18 -3 15
2 18 -2 15
2 18 -1 15
2 18 0 15
2 18 1 15
2 18 2 15
2 18 3 15
2 18 4 10
2 18 5 10
3 18 -4 12
3 18 -3 10
3 18 -2 15
3 18 -1 15
3 18 0 15
3 18 1 15
3 18 2 15
3 18 3 10
3 18 4 10
4 18 -3 10
4 18 -2 10
4 18 -1 15
4 18 0 15
4 18 1 15
4 18 2 10
4 18 3 12
5 18 -2 12
5 18 -1 10
5 18 0 8
5 18 1 10
5 18 2 12
-5 19 -2 12
-5 19 -1 12
-5 19 0 24
-5 19 1 10
-5 19 2 10
-4 19 -3 10
-4 19 -2 10
-4 19 -1 15
-4 19 0 15
-4 19 1 15
-4 19 2 12
-4 19 3 10
-3 19 -4 12
-3 19 -3 12
-3 19 -2 5
-3 19 -1 15
-3 19 0 15
-3 19 1 15
-3 19 2 15
-3 19 3 10
-3 19 4 10
-2 19 -5 10
-2 19 -4 10
-2 19 -3 0
-2 19 -2 0
-2 19 -1 15
-2 19 0 15
-2 19 1 15
-2 19 2 15
-2 19 3 15
-2 19 4 10
-2 19 5 10
-1 19 -5 10
-1 19 -4 15
-1 19 -3 15
-1 19 -2 0
-1 19 -1 0
-1 19 0 15
-1 19 1 15
-1 19 2 15
-1 19 3 15
-1 19 4 15
-1 19 5 10
0 19 -5 23
0 19 -4 15
0 19 -3 15
0 19 -2 15
0 19 -1 15
0 19 0 19
0 19 1 15
0 19 2 15
0 19 3 15
0 19 4 15
0 19 5 23
1 19 -5 10
1 19 -4 15
1 19 -3 15
1 19 -2 15
1 19 -1 15
1 19 0 15
1 19 1 15
1 19 2 15
1 19 3 15
1 19 4 15
1 19 5 10
2 19 -5 10
2 19 -4 10
2 19 -3 15
2 19 -2 15
2 19 -1 15
2 19 0 15
2 19 1 15
2 19 2 15
2 19 3 15
2 19 4 10
2 19 5 12
3 19 -4 10
3 19 -3 10
3 19 -2 15
3 19 -1 15
3 19 0 15
3 19 1 15
3 19 2 15
3 19 3 12
3 19 4 10
4 19 -3 10
4 19 -2 10
4 19 -1 15
4 19 0 15
4 19 1 15
4 19 2 10
4 19 3 10
5 19 -2 10
5 19 -1 10
5 19 0 24
5 19 1 12
5 19 2 10
-5 20 -2 12
-5 20 -1 10
-5 20 0 24
-5 20 1 10
-5 20 2 10
-4 20 -3 10
-4 20 -2 12
-4 20 -1 15
-4 20 0 15
-4 20 1 15
-4 20 2 12
-4 20 3 10
-3 20 -4 10
-3 20 -3 10
-3 20 -2 15
-3 20 -1 15
-3 20 0 15
-3 20 1 15
-3 20 2 15
-3 20 3 12
-3 20 4 10
-2 20 -5 10
-2 20 -4 12
-2 20 -3 15
-2 20 -2 15
-2 20 -1 15
-2 20 0 15
-2 20 1 15
-2 20 2 15
-2 20 3 15
-2 20 4 12
-2 20 5 10
-1 20 -5 10
-1 20 -4 0
-1 20 -3 0
-1 20 -2 0
-1 20 -1 15
-1 20 0 15
-1 20 1 15
-1 20 2 15
-1 20 3 15
-1 20 4 15
-1 20 5 10
0 20 -5 23
0 20 -4 0
0 20 -3 0
0 20 -2 0
0 20 -1 0
0 20 0 19
0 20 1 15
0 20 2 15
0 20 3 15
0 20 4 15
0 20 5 23
1 20 -5 10
1 20 -4 15
1 20 -3 15
1 20 -2 15
1 20 -1 15
1 20 0 15
1 20 1 15
1 20 2 15
1 20 3 15
1 20 4 15
1 20 5 10
2 20 -5 10
2 20 -4 10
2 20 -3 15
2 20 -2 15
2 20 -1 15
2 20 0 15
2 20 1 15
2 20 2 15
2 20 3 15
2 20 4 10
2 20 5 10
3 20 -4 10
3 20 -3 12
3 20 -2 15
3 20 -1 15
3 20 0 15
3 20 1 15
3 20 2 15
3 20 3 10
3 20 4 10
4 20 -3 10
4 20 -2 10
4 20 -1 15
4 20 0 15
4 20 1 15
4 20 2 12
4 20 3 12
5 20 -2 10
5 20 -1 10
5 20 0 24
5 20 1 10
5 20 2 10
-5 21 -2 10
-5 21 -1 10
-5 21 0 11
-5 21 1 10
-5 21 2 12
-4 21 -3 10
-4 21 -2 10
-4 21 -1 15
-4 21 0 15
-4 21 1 15
-4 21 2 12
-4 21 3 12
-3 21 -4 10
-3 21 -3 10
-3 21 -2 15
-3 21 -1 15
-3 21 0 15
-3 21 1 15
-3 21 2 15
-3 21 3 10
-3 21 4 10
-2 21 -5 12
-2 21 -4 10
-2 21 -3 15
-2 21 -2 15
-2 21 -1 15
-2 21 0 15
-2 21 1 15
-2 21 2 15
-2 21 3 15
-2 21 4 10
-2 21 5 10
-1 21 -5 10
-1 21 -4 15
-1 21 -3 15
-1 21 -2 15
-1 21 -1 15
-1 21 0 15
-1 21 1 15
-1 21 2 15
-1 21 3 15
-1 21 4 15
-1 21 5 10
0 21 -5 11
0 21 -4 0
0 21 -3 0
0 21 -2 0
0 21 -1 0
0 21 0 19
0 21 1 15
0 21 2 15
0 21 3 15
0 21 4 15
0 21 5 11
1 21 -5 10
1 21 -4 0
1 21 -3 0
1 21 -2 0
1 21 -1 15
1 21 0 15
1 21 1 15
1 21 2 15
1 21 3 15
1 21 4 15
1 21 5 10
2 21 -5 10
2 21 -4 10
2 21 -3 0
2 21 -2 15
2 21 -1 15
2 21 0 15
2 21 1 15
2 21 2 15
2 21 3 15
2 21 4 10
2 21 5 10
3 21 -4 10
3 21 -3 10
3 21 -2 15
3 21 -1 15
3 21 0 15
3 21 1 15
3 21 2 15
3 21 3 10
3 21 4 10
4 21 -3 10
4 21 -2 10
4 21 -1 15
4 21 0 15
4 21 1 15
4 21 2 10
4 21 3 10
5 21 -2 10
5 21 -1 10
5 21 0 11
5 21 1 10
5 21 2 10
-5 22 -2 12
-5 22 -1 12
-5 22 0 19
-5 22 1 10
-5 22 2 10
-4 22 -3 10
-4 22 -2 10
-4 22 -1 15
-4 22 0 15
-4 22 1 15
-4 22 2 10
-4 22 3 10
-3 22 -4 10
-3 22 -3 10
-3 22 -2 15
-3 22 -1 15
-3 22 0 15
-3 22 1 15
-3 22 2 15
-3 22 3 12
-3 22 4 10
-2 22 -5 10
-2 22 -4 10
-2 22 -3 15
-2 22 -2 15
-2 22 -1 15
-2 22 0 15
-2 22 1 15
-2 22 2 15
-2 22 3 15
-2 22 4 10
-2 22 5 10
-1 22 -5 10
-1 22 -4 15
-1 22 -3 15
-1 22 -2 15
-1 22 -1 15
-1 22 0 15
-1 22 1 15
-1 22 2 15
-1 22 3 15
-1 22 4 15
-1 22 5 10
0 22 -5 19
0 22 -4 15
0 22 -3 15
0 22 -2 15
0 22 -1 15
0 22 0 19
0 22 1 15
0 22 2 15
0 22 3 15
0 22 4 15
0 22 5 19
1 22 -5 10
1 22 -4 15
1 22 -3 15
1 22 -2 15
1 22 -1 4
1 22 0 15
1 22 1 15
1 22 2 15
1 22 3 15
1 22 4 15
1 22 5 10
2 22 -5 10
2 22 -4 10
2 22 -3 0
2 22 -2 4
2 22 -1 4
2 22 0 15
2 22 1 15
2 22 2 15
2 22 3 15
2 22 4 12
2 22 5 10
3 22 -4 10
3 22 -3 12
3 22 -2 4
3 22 -1 15
3 22 0 15
3 22 1 15
3 22 2 15
3 22 3 10
3 22 4 10
4 22 -3 12
4 22 -2 10
4 22 -1 15
4 22 0 15
4 22 1 15
4 22 2 10
4 22 3 10
5 22 -2 12
5 22 -1 10
5 22 0 19
5 22 1 12
5 22 2 10
-5 23 -2 0
-5 23 -1 0
-5 23 0 0
-5 23 1 0
-5 23 2 0
-4 23 -3 0
-4 23 -2 10
-4 23 -1 10
-4 23 0 10
-4 23 1 10
-4 23 2 10
-4 23 3 0
-3 23 -4 4
-3 23 -3 10
-3 23 -2 10
-3 23 -1 15
-3 23 0 15
-3 23 1 15
-3 23 2 12
-3 23 3 10
-3 23 4 5
-2 23 -5 4
-2 23 -4 10
-2 23 -3 12
-2 23 -2 15
-2 23 -1 15
-2 23 0 15
-2 23 1 15
-2 23 2 15
-2 23 3 12
-2 23 4 12
-2 23 5 5
-1 23 -5 4
-1 23 -4 12
-1 23 -3 15
-1 23 -2 15
-1 23 -1 15
-1 23 0 15
-1 23 1 15
-1 23 2 15
-1 23 3 15
-1 23 4 12
-1 23 5 5
0 23 -5 4
0 23 -4 10
0 23 -3 15
0 23 -2 15
0 23 -1 15
0 23 0 19
0 23 1 15
0 23 2 15
0 23 3 15
0 23 4 10
0 23 5 5
1 23 -5 4
1 23 -4 10
1 23 -3 15
1 23 -2 15
1 23 -1 15
1 23 0 4
1 23 1 15
1 23 2 15
1 23 3 15
1 23 4 10
1 23 5 5
2 23 -5 4
2 23 -4 12
2 23 -3 10
2 23 -2 15
2 23 -1 4
2 23 0 4
2 23 1 15
2 23 2 15
2 23 3 10
2 23 4 12
2 23 5 5
3 23 -4 4
3 23 -3 10
3 23 -2 10
3 23 -1 4
3 23 0 4
3 23 1 15
3 23 2 12
3 23 3 10
3 23 4 5
4 23 -3 8
4 23 -2 10
4 23 -1 10
4 23 0 10
4 23 1 12
4 23 2 12
4 23 3 8
5 23 -2 8
5 23 -1 8
5 23 0 8
5 23 1 8
5 23 2 8
-4 24 -2 10
-4 24 -1 10
-4 24 0 12
-4 24 1 10
-4 24 2 12
-3 24 -3 10
-3 24 -2 10
-3 24 -1 15
-3 24 0 15
-3 24 1 15
-3 24 2 10
-3 24 3 10
-2 24 -4 10
-2 24 -3 10
-2 24 -2 15
-2 24 -1 15
-2 24 0 15
-2 24 1 15
-2 24 2 15
-2 24 3 12
-2 24 4 12
-1 24 -4 12
-1 24 -3 15
-1 24 -2 15
-1 24 -1 15
-1 24 0 15
-1 24 1 15
-1 24 2 15
-1 24 3 15
-1 24 4 12
0 24 -4 10
0 24 -3 15
0 24 -2 15
0 24 -1 15
0 24 0 19
0 24 1 15
0 24 2 15
0 24 3 15
0 24 4 10
1 24 -4 10
1 24 -3 15
1 24 -2 15
1 24 -1 15
1 24 0 4
1 24 1 15
1 24 2 15
1 24 3 15
1 24 4 10
2 24 -4 10
2 24 -3 10
2 24 -2 15
2 24 -1 15
2 24 0 4
2 24 1 4
2 24 2 15
2 24 3 10
2 24 4 10
3 24 -3 10
3 24 -2 10
3 24 -1 15
3 24 0 4
3 24 1 4
3 24 2 12
3 24 3 10
4 24 -2 10
4 24 -1 10
4 24 0 10
4 24 1 10
4 24 2 10
-4 25 -2 10
-4 25 -1 10
-4 25 0 12
-4 25 1 10
-4 25 2 12
-3 25 -3 12
-3 25 -2 10
-3 25 -1 15
-3 25 0 15
-3 25 1 15
-3 25 2 12
-3 25 3 10
-2 25 -4 10
-2 25 -3 10
-2 25 -2 15
-2 25 -1 15
-2 25 0 15
-2 25 1 15
-2 25 2 15
-2 25 3 10
-2 25 4 10
-1 25 -4 10
-1 25 -3 15
-1 25 -2 15
-1 25 -1 15
-1 25 0 15
-1 25 1 15
-1 25 2 15
-1 25 3 15
-1 25 4 10
0 25 -4 10
0 25 -3 15
0 25 -2 15
0 25 -1 15
0 25 0 19
0 25 1 15
0 25 2 15
0 25 3 15
0 25 4 12
1 25 -4 10
1 25 -3 15
1 25 -2 15
1 25 -1 15
1 25 0 15
1 25 1 8
1 25 2 8
1 25 3 15
1 25 4 10
2 25 -4 10
2 25 -3 10
2 25 -2 15
2 25 -1 15
2 25 0 15
2 25 1 15
2 25 2 8
2 25 3 12
2 25 4 12
3 25 -3 10
3 25 -2 10
3 25 -1 15
3 25 0 15
3 25 1 15
3 25 2 10
3 25 3 12
4 25 -2 10
4 25 -1 10
4 25 0 10
4 25 1 10
4 25 2 10
-4 26 -2 10
-4 26 -1 10
-4 26 0 10
-4 26 1 10
-4 26 2 10
-3 26 -3 12
-3 26 -2 12
-3 26 -1 15
-3 26 0 15
-3 26 1 15
-3 26 2 10
-3 26 3 10
-2 26 -4 12
-2 26 -3 10
-2 26 -2 15
-2 26 -1 15
-2 26 0 15
-2 26 1 15
-2 26 2 15
-2 26 3 10
-2 26 4 10
-1 26 -4 10
-1 26 -3 15
-1 26 -2 15
-1 26 -1 15
-1 26 0 15
-1 26 1 15
-1 26 2 15
-1 26 3 15
-1 26 4 12
0 26 -4 12
0 26 -3 15
0 26 -2 15
0 26 -1 15
0 26 0 19
0 26 1 8
0 26 2 8
0 26 3 8
0 26 4 10
1 26 -4 10
1 26 -3 15
1 26 -2 15
1 26 -1 15
1 26 0 15
1 26 1 15
1 26 2 8
1 26 3 8
1 26 4 10
2 26 -4 10
2 26 -3 10
2 26 -2 15
2 26 -1 15
2 26 0 15
2 26 1 15
2 26 2 15
2 26 3 10
2 26 4 10
3 26 -3 10
3 26 -2 10
3 26 -1 15
3 26 0 15
3 26 1 15
3 26 2 10
3 26 3 12
4 26 -2 10
4 26 -1 10
4 26 0 10
4 26 1 12
4 26 2 10
-4 27 -2 10
-4 27 -1 10
-4 27 0 24
-4 27 1 12
-4 27 2 10
-3 27 -3 10
-3 27 -2 10
-3 27 -1 15
-3 27 0 15
-3 27 1 15
-3 27 2 10
-3 27 3 10
-2 27 -4 12
-2 27 -3 10
-2 27 -2 15
-2 27 -1 15
-2 27 0 15
-2 27 1 15
-2 27 2 15
-2 27 3 10
-2 27 4 10
-1 27 -4 10
-1 27 -3 15
-1 27 -2 15
-1 27 -1 15
-1 27 0 15
-1 27 1 15
-1 27 2 8
-1 27 3 8
-1 27 4 10
0 27 -4 23
0 27 -3 15
0 27 -2 15
0 27 -1 15
0 27 0 19
0 27 1 8
0 27 2 8
0 27 3 8
0 27 4 23
1 27 -4 10
1 27 -3 15
1 27 -2 15
1 27 -1 15
1 27 0 15
1 27 1 15
1 27 2 15
1 27 3 15
1 27 4 10
2 27 -4 10
2 27 -3 10
2 27 -2 15
2 27 -1 15
2 27 0 15
2 27 1 15
2 27 2 15
2 27 3 12
2 27 4 10
3 27 -3 10
3 27 -2 10
3 27 -1 15
3 27 0 15
3 27 1 15
3 27 2 10
3 27 3 10
4 27 -2 12
4 27 -1 10
4 27 0 24
4 27 1 10
4 27 2 10
-4 28 -2 10
-4 28 -1 10
-4 28 0 24
-4 28 1 12
-4 28 2 10
-3 28 -3 10
-3 28 -2 12
-3 28 -1 15
-3 28 0 15
-3 28 1 15
-3 28 2 10
-3 28 3 10
-2 28 -4 10
-2 28 -3 10
-2 28 -2 15
-2 28 -1 15
-2 28 0 15
-2 28 1 5
-2 28 2 5
-2 28 3 10
-2 28 4 10
-1 28 -4 12
-1 28 -3 15
-1 28 -2 15
-1 28 -1 15
-1 28 0 15
-1 28 1 5
-1 28 2 15
-1 28 3 15
-1 28 4 10
0 28 -4 23
0 28 -3 15
0 28 -2 15
0 28 -1 15
0 28 0 19
0 28 1 15
0 28 2 15
0 28 3 15
0 28 4 23
1 28 -4 10
1 28 -3 15
1 28 -2 15
1 28 -1 15
1 28 0 15
1 28 1 15
1 28 2 15
1 28 3 15
1 28 4 10
2 28 -4 10
2 28 -3 10
2 28 -2 15
2 28 -1 15
2 28 0 15
2 28 1 15
2 28 2 15
2 28 3 12
2 28 4 10
3 28 -3 10
3 28 -2 12
3 28 -1 15
3 28 0 15
3 28 1 15
3 28 2 10
3 28 3 10
4 28 -2 10
4 28 -1 10
4 28 0 24
4 28 1 12
4 28 2 10
-4 29 -2 1
-4 29 -1 1
-4 29 0 11
-4 29 1 1
-4 29 2 1
-3 29 -3 1
-3 29 -2 1
-3 29 -1 15
-3 29 0 5
-3 29 1 5
-3 29 2 1
-3 29 3 1
-2 29 -4 1
-2 29 -3 1
-2 29 -2 15
-2 29 -1 15
-2 29 0 5
-2 29 1 5
-2 29 2 15
-2 29 3 1
-2 29 4 1
-1 29 -4 1
-1 29 -3 15
-1 29 -2 15
-1 29 -1 15
-1 29 0 5
-1 29 1 15
-1 29 2 15
-1 29 3 15
-1 29 4 1
0 29 -4 11
0 29 -3 15
0 29 -2 15
0 29 -1 15
0 29 0 19
0 29 1 15
0 29 2 15
0 29 3 15
0 29 4 11
1 29 -4 1
1 29 -3 15
1 29 -2 15
1 29 -1 15
1 29 0 15
1 29 1 15
1 29 2 15
1 29 3 15
1 29 4 1
2 29 -4 1
2 29 -3 1
2 29 -2 15
2 29 -1 15
2 29 0 15
2 29 1 15
2 29 2 15
2 29 3 1
2 29 4 1
3 29 -3 1
3 29 -2 1
3 29 -1 15
3 29 0 15
3 29 1 15
3 29 2 1
3 29 3 1
4 29 -2 1
4 29 -1 1
4 29 0 11
4 29 1 1
4 29 2 1
-4 30 -2 10
-4 30 -1 10
-4 30 0 10
-4 30 1 10
-4 30 2 10
-3 30 -3 10
-3 30 -2 10
-3 30 -1 5
-3 30 0 5
-3 30 1 15
-3 30 2 10
-3 30 3 10
-2 30 -4 10
-2 30 -3 10
-2 30 -2 15
-2 30 -1 5
-2 30 0 5
-2 30 1 15
-2 30 2 15
-2 30 3 10
-2 30 4 12
-1 30 -4 10
-1 30 -3 15
-1 30 -2 15
-1 30 -1 15
-1 30 0 5
-1 30 1 15
-1 30 2 15
-1 30 3 15
-1 30 4 10
0 30 -4 10
0 30 -3 15
0 30 -2 15
0 30 -1 15
0 30 0 19
0 30 1 15
0 30 2 15
0 30 3 15
0 30 4 10
1 30 -4 10
1 30 -3 15
1 30 -2 15
1 30 -1 15
1 30 0 15
1 30 1 15
1 30 2 15
1 30 3 15
1 30 4 12
2 30 -4 10
2 30 -3 10
2 30 -2 15
2 30 -1 15
2 30 0 15
2 30 1 15
2 30 2 15
2 30 3 10
2 30 4 10
3 30 -3 10
3 30 -2 10
3 30 -1 15
3 30 0 15
3 30 1 15
3 30 2 10
3 30 3 10
4 30 -2 10
4 30 -1 10
4 30 0 10
4 30 1 10
4 30 2 10
-4 31 -2 10
-4 31 -1 10
-4 31 0 12
-4 31 1 10
-4 31 2 10
-3 31 -3 10
-3 31 -2 12
-3 31 -1 15
-3 31 0 15
-3 31 1 15
-3 31 2 10
-3 31 3 10
-2 31 -4 10
-2 31 -3 10
-2 31 -2 0
-2 31 -1 15
-2 31 0 15
-2 31 1 15
-2 31 2 15
-2 31 3 10
-2 31 4 10
-1 31 -4 10
-1 31 -3 15
-1 31 -2 0
-1 31 -1 0
-1 31 0 15
-1 31 1 15
-1 31 2 15
-1 31 3 15
-1 31 4 10
0 31 -4 10
0 31 -3 15
0 31 -2 15
0 31 -1 15
0 31 0 19
0 31 1 15
0 31 2 15
0 31 3 15
0 31 4 10
1 31 -4 12
1 31 -3 15
1 31 -2 15
1 31 -1 15
1 31 0 15
1 31 1 15
1 31 2 15
1 31 3 15
1 31 4 10
2 31 -4 10
2 31 -3 10
2 31 -2 15
2 31 -1 15
2 31 0 15
2 31 1 15
2 31 2 15
2 31 3 12
2 31 4 12
3 31 -3 10
3 31 -2 10
3 31 -1 15
3 31 0 15
3 31 1 15
3 31 2 10
3 31 3 10
4 31 -2 10
4 31 -1 10
4 31 0 10
4 31 1 10
4 31 2 10
-4 32 -2 10
-4 32 -1 10
-4 32 0 10
-4 32 1 12
-4 32 2 10
-3 32 -3 10
-3 32 -2 12
-3 32 -1 15
-3 32 0 15
-3 32 1 15
-3 32 2 12
-3 32 3 10
-2 32 -4 10
-2 32 -3 10
-2 32 -2 15
-2 32 -1 15
-2 32 0 15
-2 32 1 15
-2 32 2 15
-2 32 3 12
-2 32 4 10
-1 32 -4 10
-1 32 -3 0
-1 32 -2 0
-1 32 -1 15
-1 32 0 15
-1 32 1 15
-1 32 2 15
-1 32 3 15
-1 32 4 12
0 32 -4 10
0 32 -3 0
0 32 -2 0
0 32 -1 0
0 32 0 19
0 32 1 15
0 32 2 15
0 32 3 15
0 32 4 10
1 32 -4 10
1 32 -3 15
1 32 -2 15
1 32 -1 15
1 32 0 15
1 32 1 15
1 32 2 15
1 32 3 15
1 32 4 10
2 32 -4 10
2 32 -3 10
2 32 -2 15
2 32 -1 15
2 32 0 15
2 32 1 15
2 32 2 15
2 32 3 10
2 32 4 10
3 32 -3 10
3 32 -2 10
3 32 -1 15
3 32 0 15
3 32 1 15
3 32 2 10
3 32 3 10
4 32 -2 12
4 32 -1 10
4 32 0 12
4 32 1 10
4 32 2 10
-6 33 0 22
-4 33 -2 10
-4 33 -1 10
-4 33 0 24
-4 33 1 12
-4 33 2 10
-3 33 -3 12
-3 33 -2 12
-3 33 -1 15
-3 33 0 15
-3 33 1 15
-3 33 2 12
-3 33 3 12
-2 33 -4 12
-2 33 -3 10
-2 33 -2 15
-2 33 -1 15
-2 33 0 15
-2 33 1 15
-2 33 2 15
-2 33 3 12
-2 33 4 10
-1 33 -4 10
-1 33 -3 15
-1 33 -2 15
-1 33 -1 15
-1 33 0 15
-1 33 1 15
-1 33 2 15
-1 33 3 15
-1 33 4 10
0 33 -6 22
0 33 -4 23
0 33 -3 0
0 33 -2 0
0 33 -1 0
0 33 0 19
0 33 1 15
0 33 2 15
0 33 3 15
0 33 4 23
0 33 6 22
1 33 -4 12
1 33 -3 0
1 33 -2 0
1 33 -1 15
1 33 0 15
1 33 1 15
1 33 2 15
1 33 3 15
1 33 4 12
2 33 -4 10
2 33 -3 10
2 33 -2 15
2 33 -1 15
2 33 0 15
2 33 1 15
2 33 2 15
2 33 3 12
2 33 4 10
3 33 -3 12
3 33 -2 10
3 33 -1 15
3 33 0 15
3 33 1 15
3 33 2 10
3 33 3 12
4 33 -2 10
4 33 -1 10
4 33 0 24
4 33 1 10
4 33 2 10
6 33 0 22
-6 34 0 25
-5 34 0 11
-4 34 -2 10
-4 34 -1 12
-4 34 0 26
-4 34 1 12
-4 34 2 12
-3 34 -3 11
-3 34 -2 10
-3 34 -1 15
-3 34 0 15
-3 34 1 15
-3 34 2 10
-3 34 3 11
-2 34 -4 10
-2 34 -3 10
-2 34 -2 15
-2 34 -1 15
-2 34 0 15
-2 34 1 15
-2 34 2 15
-2 34 3 12
-2 34 4 10
-1 34 -4 10
-1 34 -3 15
-1 34 -2 15
-1 34 -1 15
-1 34 0 15
-1 34 1 15
-1 34 2 15
-1 34 3 15
-1 34 4 10
0 34 -6 25
0 34 -5 11
0 34 -4 27
0 34 -3 15
0 34 -2 15
0 34 -1 15
0 34 0 19
0 34 1 15
0 34 2 15
0 34 3 15
0 34 4 28
0 34 5 11
0 34 6 25
1 34 -4 10
1 34 -3 15
1 34 -2 15
1 34 -1 4
1 34 0 15
1 34 1 15
1 34 2 15
1 34 3 15
1 34 4 10
2 34 -4 10
2 34 -3 10
2 34 -2 4
2 34 -1 4
2 34 0 15
2 34 1 15
2 34 2 15
2 34 3 12
2 34 4 10
3 34 -3 11
3 34 -2 12
3 34 -1 15
3 34 0 15
3 34 1 15
3 34 2 10
3 34 3 11
4 34 -2 10
4 34 -1 12
4 34 0 29
4 34 1 10
4 34 2 10
5 34 0 11
6 34 0 25
-6 35 0 25
-4 35 -2 10
-4 35 -1 12
-4 35 0 11
-4 35 1 10
-4 35 2 10
-3 35 -3 10
-3 35 -2 10
-3 35 -1 15
-3 35 0 15
-3 35 1 15
-3 35 2 10
-3 35 3 12
-2 35 -4 12
-2 35 -3 12
-2 35 -2 15
-2 35 -1 15
-2 35 0 15
-2 35 1 15
-2 35 2 15
-2 35 3 12
-2 35 4 10
-1 35 -4 10
-1 35 -3 15
-1 35 -2 15
-1 35 -1 15
-1 35 0 15
-1 35 1 15
-1 35 2 15
-1 35 3 15
-1 35 4 10
0 35 -6 25
0 35 -4 11
0 35 -3 15
0 35 -2 15
0 35 -1 15
0 35 0 19
0 35 1 15
0 35 2 15
0 35 3 15
0 35 4 11
0 35 6 25
1 35 -4 10
1 35 -3 15
1 35 -2 15
1 35 -1 15
1 35 0 4
1 35 1 15
1 35 2 15
1 35 3 15
1 35 4 10
2 35 -4 10
2 35 -3 10
2 35 -2 15
2 35 -1 4
2 35 0 4
2 35 1 15
2 35 2 15
2 35 3 10
2 35 4 12
3 35 -3 12
3 35 -2 10
3 35 -1 4
3 35 0 4
3 35 1 15
3 35 2 12
3 35 3 10
4 35 -2 10
4 35 -1 10
4 35 0 11
4 35 1 12
4 35 2 10
6 35 0 25
-6 36 -1 20
-6 36 0 20
-6 36 1 20
-5 36 -3 20
-5 36 -2 20
-5 36 -1 20
-5 36 0 20
-5 36 1 20
-5 36 2 20
-5 36 3 20
-4 36 -4 30
-4 36 -3 20
-4 36 -2 12
-4 36 -1 10
-4 36 0 10
-4 36 1 10
-4 36 2 12
-4 36 3 20
-4 36 4 31
-3 36 -5 32
-3 36 -4 32
-3 36 -3 10
-3 36 -2 10
-3 36 -1 15
-3 36 0 15
-3 36 1 15
-3 36 2 10
-3 36 3 10
-3 36 4 33
-3 36 5 33
-2 36 -5 32
-2 36 -4 10
-2 36 -3 10
-2 36 -2 15
-2 36 -1 15
-2 36 0 15
-2 36 1 15
-2 36 2 15
-2 36 3 12
-2 36 4 10
-2 36 5 33
-1 36 -6 32
-1 36 -5 32
-1 36 -4 12
-1 36 -3 15
-1 36 -2 15
-1 36 -1 15
-1 36 0 15
-1 36 1 15
-1 36 2 15
-1 36 3 15
-1 36 4 10
-1 36 5 33
-1 36 6 33
0 36 -6 32
0 36 -5 32
0 36 -4 10
0 36 -3 15
0 36 -2 15
0 36 -1 15
0 36 0 19
0 36 1 15
0 36 2 15
0 36 3 15
0 36 4 10
0 36 5 33
0 36 6 33
1 36 -6 32
1 36 -5 32
1 36 -4 10
1 36 -3 15
1 36 -2 15
1 36 -1 15
1 36 0 4
1 36 1 15
1 36 2 15
1 36 3 15
1 36 4 10
1 36 5 33
1 36 6 33
2 36 -5 32
2 36 -4 10
2 36 -3 10
2 36 -2 15
2 36 -1 15
2 36 0 4
2 36 1 4
2 36 2 15
2 36 3 10
2 36 4 10
2 36 5 33
3 36 -5 32
3 36 -4 32
3 36 -3 10
3 36 -2 10
3 36 -1 15
3 36 0 4
3 36 1 4
3 36 2 12
3 36 3 10
3 36 4 33
3 36 5 33
4 36 -4 34
4 36 -3 21
4 36 -2 10
4 36 -1 12
4 36 0 10
4 36 1 12
4 36 2 10
4 36 3 21
4 36 4 35
5 36 -3 21
5 36 -2 21
5 36 -1 21
5 36 0 21
5 36 1 21
5 36 2 21
5 36 3 21
6 36 -1 21
6 36 0 21
6 36 1 21
-7 37 -2 1
-7 37 -1 1
-7 37 0 1
-7 37 1 1
-7 37 2 1
-6 37 -4 1
-6 37 -3 1
-6 37 -2 1
-6 37 -1 1
-6 37 0 1
-6 37 1 1
-6 37 2 1
-6 37 3 1
-6 37 4 1
-5 37 -5 1
-5 37 -4 1
-5 37 -3 1
-5 37 -2 1
-5 37 -1 1
-5 37 0 1
-5 37 1 1
-5 37 2 1
-5 37 3 1
-5 37 4 1
-5 37 5 1
-4 37 -6 1
-4 37 -5 1
-4 37 -4 1
-4 37 -3 1
-4 37 -2 1
-4 37 -1 1
-4 37 0 1
-4 37 1 1
-4 37 2 1
-4 37 3 1
-4 37 4 1
-4 37 5 1
-4 37 6 1
-3 37 -6 1
-3 37 -5 1
-3 37 -4 1
-3 37 -3 1
-3 37 -2 1
-3 37 -1 10
-3 37 0 10
-3 37 1 10
-3 37 2 1
-3 37 3 1
-3 37 4 1
-3 37 5 1
-3 37 6 1
-2 37 -7 1
-2 37 -6 1
-2 37 -5 1
-2 37 -4 1
-2 37 -3 1
-2 37 -2 10
-2 37 -1 10
-2 37 0 10
-2 37 1 10
-2 37 2 10
-2 37 3 1
-2 37 4 1
-2 37 5 1
-2 37 6 1
-2 37 7 1
-1 37 -7 1
-1 37 -6 1
-1 37 -5 1
-1 37 -4 1
-1 37 -3 10
-1 37 -2 10
-1 37 -1 10
-1 37 0 10
-1 37 1 10
-1 37 2 10
-1 37 3 10
-1 37 4 1
-1 37 5 1
-1 37 6 1
-1 37 7 1
0 37 -7 1
0 37 -6 1
0 37 -5 1
0 37 -4 1
0 37 -3 10
0 37 -2 10
0 37 -1 10
0 37 0 19
0 37 1 10
0 37 2 10
0 37 3 10
0 37 4 1
0 37 5 1
0 37 6 1
0 37 7 1
1 37 -7 1
1 37 -6 1
1 37 -5 1
1 37 -4 1
1 37 -3 10
1 37 -2 10
1 37 -1 10
1 37 0 15
1 37 1 10
1 37 2 10
1 37 3 10
1 37 4 1
1 37 5 1
1 37 6 1
1 37 7 1
2 37 -7 1
2 37 -6 1
2 37 -5 1
2 37 -4 1
2 37 -3 1
2 37 -2 10
2 37 -1 15
2 37 0 15
2 37 1 15
2 37 2 10
2 37 3 1
2 37 4 1
2 37 5 1
2 37 6 1
2 37 7 1
3 37 -6 1
3 37 -5 1
3 37 -4 1
3 37 -3 1
3 37 -2 1
3 37 -1 15
3 37 0 15
3 37 1 15
3 37 2 1
3 37 3 1
3 37 4 1
3 37 5 1
3 37 6 1
4 37 -6 1
4 37 -5 1
4 37 -4 1
4 37 -3 1
4 37 -2 1
4 37 -1 1
4 37 0 1
4 37 1 1
4 37 2 1
4 37 3 1
4 37 4 1
4 37 5 1
4 37 6 1
5 37 -5 1
5 37 -4 1
5 37 -3 1
5 37 -2 1
5 37 -1 1
5 37 0 1
5 37 1 1
5 37 2 1
5 37 3 1
5 37 4 1
5 37 5 1
6 37 -4 1
6 37 -3 1
6 37 -2 1
6 37 -1 1
6 37 0 1
6 37 1 1
6 37 2 1
6 37 3 1
6 37 4 1
7 37 -2 1
7 37 -1 1
7 37 0 1
7 37 1 1
7 37 2 1
-7 38 -2 10
-7 38 -1 10
-7 38 0 12
-7 38 1 36
-7 38 2 37
-6 38 -4 38
-6 38 -3 39
-6 38 -2 10
-6 38 2 40
-6 38 3 39
-6 38 4 10
-5 38 -5 19
-5 38 -4 41
-5 38 4 12
-5 38 5 19
-4 38 -6 10
-4 38 -5 10
-4 38 5 40
-4 38 6 37
-3 38 -6 39
-3 38 6 39
-2 38 -7 38
-2 38 -6 41
-2 38 6 10
-2 38 7 10
-1 38 -7 42
-1 38 7 10
0 38 -7 10
0 38 0 19
0 38 7 10
1 38 -7 10
1 38 0 15
1 38 7 42
2 38 -7 10
2 38 -6 10
2 38 -1 15
2 38 0 15
2 38 1 15
2 38 6 38
2 38 7 41
3 38 -6 39
3 38 -1 15
3 38 0 15
3 38 1 15
3 38 6 39
4 38 -6 40
4 38 -5 37
4 38 5 12
4 38 6 10
5 38 -5 19
5 38 -4 10
5 38 4 38
5 38 5 19
6 38 -4 10
6 38 -3 39
6 38 -2 37
6 38 2 10
6 38 3 39
6 38 4 41
7 38 -2 40
7 38 -1 36
7 38 0 10
7 38 1 10
7 38 2 10
-7 39 -2 43
-7 39 -1 43
-7 39 0 43
-6 39 -3 22
-6 39 -2 43
-6 39 3 22
-6 39 4 43
-5 39 -5 19
-5 39 4 43
-5 39 5 19
-4 39 -6 43
-4 39 -5 43
-3 39 -6 22
-3 39 6 22
-2 39 6 43
-2 39 7 43
-1 39 7 43
0 39 -7 43
0 39 0 19
0 39 7 43
1 39 -7 43
2 39 -7 43
2 39 -6 43
3 39 -6 22
3 39 6 22
4 39 5 43
4 39 6 43
5 39 -5 19
5 39 -4 43
5 39 5 19
6 39 -4 43
6 39 -3 22
6 39 2 43
6 39 3 22
7 39 0 43
7 39 1 43
7 39 2 43
-5 40 -5 19
-5 40 5 19
0 40 0 11
5 40 -5 19
5 40 5 19
-5 41 -5 19
-5 41 5 19
0 41 0 19
5 41 -5 19
5 41 5 19
-5 42 -5 19
-5 42 5 19
-1 42 0 20
0 42 -1 32
0 42 0 19
0 42 1 33
1 42 0 21
5 42 -5 19
5 42 5 19
-5 43 -5 11
-5 43 5 11
0 43 0 22
5 43 -5 11
5 43 5 11
-5 44 -5 44
-5 44 5 44
0 44 0 44
5 44 -5 44
5 44 5 44
-5 45 -5 44
-5 45 5 44
0 45 0 44
5 45 -5 44
5 45 5 44
