core 0 1 14
P minecraft:stone_bricks
P minecraft:mossy_stone_bricks
P minecraft:cracked_stone_bricks
P minecraft:andesite
P minecraft:polished_andesite
P minecraft:air
P minecraft:dark_oak_stairs[facing=south,half=bottom,shape=straight,waterlogged=false]
P minecraft:stone_brick_slab[type=top,waterlogged=false]
P minecraft:stone_brick_wall[east=none,north=low,south=none,up=true,waterlogged=false,west=none]
P minecraft:quartz_pillar[axis=y]
P minecraft:dark_oak_door[facing=north,half=lower,hinge=right,open=false,powered=false]
P minecraft:gold_block
P minecraft:brewing_stand[has_bottle_0=false,has_bottle_1=false,has_bottle_2=false]
P minecraft:red_carpet
P minecraft:dark_oak_door[facing=north,half=lower,hinge=left,open=false,powered=false]
P minecraft:lantern[hanging=false,waterlogged=false]
P minecraft:candle[candles=3,lit=true,waterlogged=false]
P minecraft:dark_oak_door[facing=north,half=upper,hinge=right,open=false,powered=false]
P minecraft:candle[candles=4,lit=true,waterlogged=false]
P minecraft:dark_oak_door[facing=north,half=upper,hinge=left,open=false,powered=false]
P minecraft:white_stained_glass_pane[east=false,north=true,south=true,waterlogged=false,west=false]
P minecraft:yellow_stained_glass_pane[east=false,north=true,south=true,waterlogged=false,west=false]
P minecraft:stone_brick_stairs[facing=east,half=top,shape=outer_right,waterlogged=false]
P minecraft:stone_brick_stairs[facing=south,half=top,shape=straight,waterlogged=false]
P minecraft:stone_brick_stairs[facing=west,half=top,shape=outer_left,waterlogged=false]
P minecraft:light_blue_stained_glass_pane[east=true,north=false,south=false,waterlogged=false,west=true]
P minecraft:red_stained_glass_pane[east=true,north=false,south=false,waterlogged=false,west=true]
P minecraft:lantern[hanging=true,waterlogged=false]
P minecraft:stone_brick_stairs[facing=east,half=bottom,shape=straight,waterlogged=false]
P minecraft:chain[axis=y,waterlogged=false]
P minecraft:stone_brick_stairs[facing=west,half=bottom,shape=straight,waterlogged=false]
P minecraft:deepslate_tile_stairs[facing=east,half=bottom,shape=straight,waterlogged=false]
P minecraft:deepslate_tile_stairs[facing=west,half=bottom,shape=straight,waterlogged=false]
P minecraft:deepslate_tile_slab[type=bottom,waterlogged=false]
P minecraft:bell[attachment=ceiling,facing=south,powered=false]
P minecraft:deepslate_tiles
P minecraft:lightning_rod[facing=up,powered=false,waterlogged=false]
-7 0 -14 0
-7 0 -13 0
-7 0 -12 1
-7 0 -11 0
-7 0 -10 0
-7 0 -9 2
-7 0 -8 2
-7 0 -7 1
-7 0 -6 3
-7 0 -5 0
-7 0 -4 0
-7 0 -3 1
-7 0 -2 0
-7 0 -1 0
-7 0 0 0
-7 0 1 0
-7 0 2 0
-7 0 3 0
-7 0 4 2
-7 0 5 2
-7 0 6 0
-7 0 7 2
-7 0 8 0
-7 0 9 0
-7 0 10 0
-7 0 11 0
-7 0 12 0
-6 0 -14 0
-6 0 -13 4
-6 0 -12 0
-6 0 -11 4
-6 0 -10 0
-6 0 -9 4
-6 0 -8 0
-6 0 -7 4
-6 0 -6 0
-6 0 -5 4
-6 0 -4 0
-6 0 -3 4
-6 0 -2 0
-6 0 -1 4
-6 0 0 0
-6 0 1 4
-6 0 2 0
-6 0 3 4
-6 0 4 0
-6 0 5 4
-6 0 6 0
-6 0 7 4
-6 0 8 0
-6 0 9 4
-6 0 10 0
-6 0 11 4
-6 0 12 0
-5 0 -14 0
-5 0 -13 0
-5 0 -12 4
-5 0 -11 0
-5 0 -10 4
-5 0 -9 0
-5 0 -8 4
-5 0 -7 0
-5 0 -6 4
-5 0 -5 0
-5 0 -4 4
-5 0 -3 0
-5 0 -2 4
-5 0 -1 0
-5 0 0 4
-5 0 1 0
-5 0 2 4
-5 0 3 0
-5 0 4 4
-5 0 5 0
-5 0 6 4
-5 0 7 0
-5 0 8 4
-5 0 9 0
-5 0 10 4
-5 0 11 0
-5 0 12 1
-4 0 -14 1
-4 0 -13 4
-4 0 -12 0
-4 0 -11 4
-4 0 -10 0
-4 0 -9 4
-4 0 -8 0
-4 0 -7 4
-4 0 -6 0
-4 0 -5 4
-4 0 -4 0
-4 0 -3 4
-4 0 -2 0
-4 0 -1 4
-4 0 0 0
-4 0 1 4
-4 0 2 0
-4 0 3 4
-4 0 4 0
-4 0 5 4
-4 0 6 0
-4 0 7 4
-4 0 8 0
-4 0 9 4
-4 0 10 0
-4 0 11 4
-4 0 12 0
-3 0 -14 0
-3 0 -13 0
-3 0 -12 4
-3 0 -11 0
-3 0 -10 4
-3 0 -9 0
-3 0 -8 4
-3 0 -7 0
-3 0 -6 4
-3 0 -5 0
-3 0 -4 4
-3 0 -3 0
-3 0 -2 4
-3 0 -1 0
-3 0 0 4
-3 0 1 0
-3 0 2 4
-3 0 3 0
-3 0 4 4
-3 0 5 0
-3 0 6 4
-3 0 7 0
-3 0 8 4
-3 0 9 0
-3 0 10 4
-3 0 11 0
-3 0 12 0
-2 0 -14 3
-2 0 -13 4
-2 0 -12 0
-2 0 -11 4
-2 0 -10 0
-2 0 -9 4
-2 0 -8 0
-2 0 -7 4
-2 0 -6 0
-2 0 -5 4
-2 0 -4 0
-2 0 -3 4
-2 0 -2 0
-2 0 -1 4
-2 0 0 0
-2 0 1 4
-2 0 2 0
-2 0 3 4
-2 0 4 0
-2 0 5 4
-2 0 6 0
-2 0 7 4
-2 0 8 0
-2 0 9 4
-2 0 10 0
-2 0 11 4
-2 0 12 0
-1 0 -14 0
-1 0 -13 0
-1 0 -12 4
-1 0 -11 0
-1 0 -10 4
-1 0 -9 0
-1 0 -8 4
-1 0 -7 0
-1 0 -6 4
-1 0 -5 0
-1 0 -4 4
-1 0 -3 0
-1 0 -2 4
-1 0 -1 0
-1 0 0 4
-1 0 1 0
-1 0 2 4
-1 0 3 0
-1 0 4 4
-1 0 5 0
-1 0 6 4
-1 0 7 0
-1 0 8 4
-1 0 9 0
-1 0 10 4
-1 0 11 0
-1 0 12 0
0 0 -14 3
0 0 -13 4
0 0 -12 0
0 0 -11 4
0 0 -10 0
0 0 -9 4
0 0 -8 0
0 0 -7 4
0 0 -6 0
0 0 -5 4
0 0 -4 0
0 0 -3 4
0 0 -2 0
0 0 -1 4
0 0 0 0
0 0 1 4
0 0 2 0
0 0 3 4
0 0 4 0
0 0 5 4
0 0 6 0
0 0 7 4
0 0 8 0
0 0 9 4
0 0 10 0
0 0 11 4
0 0 12 2
1 0 -14 0
1 0 -13 0
1 0 -12 4
1 0 -11 0
1 0 -10 4
1 0 -9 0
1 0 -8 4
1 0 -7 0
1 0 -6 4
1 0 -5 0
1 0 -4 4
1 0 -3 0
1 0 -2 4
1 0 -1 0
1 0 0 4
1 0 1 0
1 0 2 4
1 0 3 0
1 0 4 4
1 0 5 0
1 0 6 4
1 0 7 0
1 0 8 4
1 0 9 0
1 0 10 4
1 0 11 0
1 0 12 0
2 0 -14 0
2 0 -13 4
2 0 -12 0
2 0 -11 4
2 0 -10 0
2 0 -9 4
2 0 -8 0
2 0 -7 4
2 0 -6 0
2 0 -5 4
2 0 -4 0
2 0 -3 4
2 0 -2 0
2 0 -1 4
2 0 0 0
2 0 1 4
2 0 2 0
2 0 3 4
2 0 4 0
2 0 5 4
2 0 6 0
2 0 7 4
2 0 8 0
2 0 9 4
2 0 10 0
2 0 11 4
2 0 12 0
3 0 -14 2
3 0 -13 0
3 0 -12 4
3 0 -11 0
3 0 -10 4
3 0 -9 0
3 0 -8 4
3 0 -7 0
3 0 -6 4
3 0 -5 0
3 0 -4 4
3 0 -3 0
3 0 -2 4
3 0 -1 0
3 0 0 4
3 0 1 0
3 0 2 4
3 0 3 0
3 0 4 4
3 0 5 0
3 0 6 4
3 0 7 0
3 0 8 4
3 0 9 0
3 0 10 4
3 0 11 0
3 0 12 1
4 0 -14 0
4 0 -13 4
4 0 -12 0
4 0 -11 4
4 0 -10 0
4 0 -9 4
4 0 -8 0
4 0 -7 4
4 0 -6 0
4 0 -5 4
4 0 -4 0
4 0 -3 4
4 0 -2 0
4 0 -1 4
4 0 0 0
4 0 1 4
4 0 2 0
4 0 3 4
4 0 4 0
4 0 5 4
4 0 6 0
4 0 7 4
4 0 8 0
4 0 9 4
4 0 10 0
4 0 11 4
4 0 12 0
5 0 -14 0
5 0 -13 0
5 0 -12 4
5 0 -11 0
5 0 -10 4
5 0 -9 0
5 0 -8 4
5 0 -7 0
5 0 -6 4
5 0 -5 0
5 0 -4 4
5 0 -3 0
5 0 -2 4
5 0 -1 0
5 0 0 4
5 0 1 0
5 0 2 4
5 0 3 0
5 0 4 4
5 0 5 0
5 0 6 4
5 0 7 0
5 0 8 4
5 0 9 0
5 0 10 4
5 0 11 0
5 0 12 1
6 0 -14 0
6 0 -13 4
6 0 -12 0
6 0 -11 4
6 0 -10 0
6 0 -9 4
6 0 -8 0
6 0 -7 4
6 0 -6 0
6 0 -5 4
6 0 -4 0
6 0 -3 4
6 0 -2 0
6 0 -1 4
6 0 0 0
6 0 1 4
6 0 2 0
6 0 3 4
6 0 4 0
6 0 5 4
6 0 6 0
6 0 7 4
6 0 8 0
6 0 9 4
6 0 10 0
6 0 11 4
6 0 12 0
7 0 -14 3
7 0 -13 0
7 0 -12 0
7 0 -11 0
7 0 -10 0
7 0 -9 0
7 0 -8 0
7 0 -7 2
7 0 -6 0
7 0 -5 2
7 0 -4 0
7 0 -3 0
7 0 -2 0
7 0 -1 0
7 0 0 0
7 0 1 0
7 0 2 2
7 0 3 1
7 0 4 0
7 0 5 0
7 0 6 0
7 0 7 1
7 0 8 3
7 0 9 2
7 0 10 2
7 0 11 0
7 0 12 0
-8 1 -12 0
-8 1 -8 0
-8 1 -4 0
-8 1 0 0
-8 1 4 0
-8 1 8 1
-7 1 -14 3
-7 1 -13 0
-7 1 -12 0
-7 1 -11 0
-7 1 -10 0
-7 1 -9 0
-7 1 -8 0
-7 1 -7 0
-7 1 -6 3
-7 1 -5 0
-7 1 -4 2
-7 1 -3 1
-7 1 -2 1
-7 1 -1 2
-7 1 0 0
-7 1 1 0
-7 1 2 0
-7 1 3 0
-7 1 4 0
-7 1 5 0
-7 1 6 1
-7 1 7 0
-7 1 8 0
-7 1 9 0
-7 1 10 0
-7 1 11 0
-7 1 12 2
-6 1 -14 0
-6 1 -13 5
-6 1 -12 5
-6 1 -11 5
-6 1 -10 5
-6 1 -9 5
-6 1 -8 5
-6 1 -7 5
-6 1 -6 5
-6 1 -5 5
-6 1 -4 5
-6 1 -3 5
-6 1 -2 5
-6 1 -1 5
-6 1 0 5
-6 1 1 5
-6 1 2 5
-6 1 3 5
-6 1 4 5
-6 1 5 5
-6 1 6 5
-6 1 7 5
-6 1 8 5
-6 1 9 5
-6 1 10 5
-6 1 11 5
-6 1 12 0
-5 1 -14 0
-5 1 -13 5
-5 1 -12 5
-5 1 -11 5
-5 1 -10 5
-5 1 -9 6
-5 1 -8 5
-5 1 -7 6
-5 1 -6 5
-5 1 -5 6
-5 1 -4 5
-5 1 -3 6
-5 1 -2 5
-5 1 -1 6
-5 1 0 5
-5 1 1 6
-5 1 2 5
-5 1 3 6
-5 1 4 5
-5 1 5 6
-5 1 6 5
-5 1 7 6
-5 1 8 5
-5 1 9 5
-5 1 10 5
-5 1 11 5
-5 1 12 3
-4 1 -14 0
-4 1 -13 5
-4 1 -12 5
-4 1 -11 5
-4 1 -10 5
-4 1 -9 6
-4 1 -8 5
-4 1 -7 6
-4 1 -6 5
-4 1 -5 6
-4 1 -4 5
-4 1 -3 6
-4 1 -2 5
-4 1 -1 6
-4 1 0 5
-4 1 1 6
-4 1 2 5
-4 1 3 6
-4 1 4 5
-4 1 5 6
-4 1 6 5
-4 1 7 6
-4 1 8 5
-4 1 9 5
-4 1 10 5
-4 1 11 5
-4 1 12 0
-3 1 -14 0
-3 1 -13 5
-3 1 -12 5
-3 1 -11 5
-3 1 -10 5
-3 1 -9 6
-3 1 -8 5
-3 1 -7 6
-3 1 -6 5
-3 1 -5 6
-3 1 -4 5
-3 1 -3 6
-3 1 -2 5
-3 1 -1 6
-3 1 0 5
-3 1 1 6
-3 1 2 5
-3 1 3 6
-3 1 4 5
-3 1 5 6
-3 1 6 5
-3 1 7 6
-3 1 8 5
-3 1 9 5
-3 1 10 5
-3 1 11 5
-3 1 12 0
-2 1 -14 0
-2 1 -13 5
-2 1 -12 7
-2 1 -11 5
-2 1 -10 5
-2 1 -9 6
-2 1 -8 5
-2 1 -7 6
-2 1 -6 5
-2 1 -5 6
-2 1 -4 5
-2 1 -3 6
-2 1 -2 5
-2 1 -1 6
-2 1 0 5
-2 1 1 6
-2 1 2 5
-2 1 3 6
-2 1 4 5
-2 1 5 6
-2 1 6 5
-2 1 7 6
-2 1 8 5
-2 1 9 4
-2 1 10 0
-2 1 11 1
-2 1 12 2
-2 1 13 4
-2 1 14 8
-1 1 -14 0
-1 1 -13 9
-1 1 -12 5
-1 1 -11 5
-1 1 -10 5
-1 1 -9 5
-1 1 -8 5
-1 1 -7 5
-1 1 -6 5
-1 1 -5 5
-1 1 -4 5
-1 1 -3 5
-1 1 -2 5
-1 1 -1 5
-1 1 0 5
-1 1 1 5
-1 1 2 5
-1 1 3 5
-1 1 4 5
-1 1 5 5
-1 1 6 5
-1 1 7 5
-1 1 8 5
-1 1 9 0
-1 1 10 5
-1 1 11 5
-1 1 12 5
-1 1 13 10
0 1 -14 1
0 1 -13 11
0 1 -12 12
0 1 -11 13
0 1 -10 13
0 1 -9 13
0 1 -8 13
0 1 -7 13
0 1 -6 13
0 1 -5 13
0 1 -4 13
0 1 -3 13
0 1 -2 13
0 1 -1 13
0 1 0 13
0 1 1 13
0 1 2 13
0 1 3 13
0 1 4 13
0 1 5 13
0 1 6 13
0 1 7 13
0 1 8 13
0 1 9 2
0 1 10 5
0 1 11 5
0 1 12 5
0 1 13 14
1 1 -14 0
1 1 -13 9
1 1 -12 5
1 1 -11 5
1 1 -10 5
1 1 -9 5
1 1 -8 5
1 1 -7 5
1 1 -6 5
1 1 -5 5
1 1 -4 5
1 1 -3 5
1 1 -2 5
1 1 -1 5
1 1 0 5
1 1 1 5
1 1 2 5
1 1 3 5
1 1 4 5
1 1 5 5
1 1 6 5
1 1 7 5
1 1 8 5
1 1 9 0
1 1 10 5
1 1 11 5
1 1 12 5
1 1 13 14
2 1 -14 0
2 1 -13 5
2 1 -12 7
2 1 -11 5
2 1 -10 5
2 1 -9 6
2 1 -8 5
2 1 -7 6
2 1 -6 5
2 1 -5 6
2 1 -4 5
2 1 -3 6
2 1 -2 5
2 1 -1 6
2 1 0 5
2 1 1 6
2 1 2 5
2 1 3 6
2 1 4 5
2 1 5 6
2 1 6 5
2 1 7 6
2 1 8 5
2 1 9 4
2 1 10 3
2 1 11 0
2 1 12 0
2 1 13 4
2 1 14 8
3 1 -14 1
3 1 -13 5
3 1 -12 5
3 1 -11 5
3 1 -10 5
3 1 -9 6
3 1 -8 5
3 1 -7 6
3 1 -6 5
3 1 -5 6
3 1 -4 5
3 1 -3 6
3 1 -2 5
3 1 -1 6
3 1 0 5
3 1 1 6
3 1 2 5
3 1 3 6
3 1 4 5
3 1 5 6
3 1 6 5
3 1 7 6
3 1 8 5
3 1 9 5
3 1 10 5
3 1 11 5
3 1 12 0
4 1 -14 3
4 1 -13 5
4 1 -12 5
4 1 -11 5
4 1 -10 5
4 1 -9 6
4 1 -8 5
4 1 -7 6
4 1 -6 5
4 1 -5 6
4 1 -4 5
4 1 -3 6
4 1 -2 5
4 1 -1 6
4 1 0 5
4 1 1 6
4 1 2 5
4 1 3 6
4 1 4 5
4 1 5 6
4 1 6 5
4 1 7 6
4 1 8 5
4 1 9 5
4 1 10 5
4 1 11 5
4 1 12 1
5 1 -14 1
5 1 -13 5
5 1 -12 5
5 1 -11 5
5 1 -10 5
5 1 -9 6
5 1 -8 5
5 1 -7 6
5 1 -6 5
5 1 -5 6
5 1 -4 5
5 1 -3 6
5 1 -2 5
5 1 -1 6
5 1 0 5
5 1 1 6
5 1 2 5
5 1 3 6
5 1 4 5
5 1 5 6
5 1 6 5
5 1 7 6
5 1 8 5
5 1 9 5
5 1 10 5
5 1 11 5
5 1 12 0
6 1 -14 1
6 1 -13 5
6 1 -12 5
6 1 -11 5
6 1 -10 5
6 1 -9 5
6 1 -8 5
6 1 -7 5
6 1 -6 5
6 1 -5 5
6 1 -4 5
6 1 -3 5
6 1 -2 5
6 1 -1 5
6 1 0 5
6 1 1 5
6 1 2 5
6 1 3 5
6 1 4 5
6 1 5 5
6 1 6 5
6 1 7 5
6 1 8 5
6 1 9 5
6 1 10 5
6 1 11 5
6 1 12 2
7 1 -14 2
7 1 -13 0
7 1 -12 0
7 1 -11 0
7 1 -10 3
7 1 -9 0
7 1 -8 0
7 1 -7 0
7 1 -6 0
7 1 -5 0
7 1 -4 2
7 1 -3 0
7 1 -2 0
7 1 -1 0
7 1 0 3
7 1 1 2
7 1 2 0
7 1 3 1
7 1 4 0
7 1 5 0
7 1 6 0
7 1 7 0
7 1 8 1
7 1 9 0
7 1 10 0
7 1 11 0
7 1 12 2
8 1 -12 0
8 1 -8 1
8 1 -4 1
8 1 0 0
8 1 4 0
8 1 8 0
-8 2 -12 0
-8 2 -8 1
-8 2 -4 1
-8 2 0 0
-8 2 4 0
-8 2 8 3
-7 2 -14 0
-7 2 -13 0
-7 2 -12 0
-7 2 -11 1
-7 2 -10 0
-7 2 -9 0
-7 2 -8 0
-7 2 -7 0
-7 2 -6 0
-7 2 -5 0
-7 2 -4 1
-7 2 -3 1
-7 2 -2 0
-7 2 -1 3
-7 2 0 3
-7 2 1 2
-7 2 2 0
-7 2 3 0
-7 2 4 2
-7 2 5 0
-7 2 6 0
-7 2 7 1
-7 2 8 0
-7 2 9 0
-7 2 10 2
-7 2 11 0
-7 2 12 0
-6 2 -14 0
-6 2 -13 5
-6 2 -12 5
-6 2 -11 5
-6 2 -10 5
-6 2 -9 5
-6 2 -8 5
-6 2 -7 5
-6 2 -6 5
-6 2 -5 5
-6 2 -4 5
-6 2 -3 5
-6 2 -2 5
-6 2 -1 5
-6 2 0 5
-6 2 1 5
-6 2 2 5
-6 2 3 5
-6 2 4 5
-6 2 5 5
-6 2 6 5
-6 2 7 5
-6 2 8 5
-6 2 9 5
-6 2 10 5
-6 2 11 5
-6 2 12 0
-5 2 -14 0
-5 2 -13 5
-5 2 -12 5
-5 2 -11 5
-5 2 -10 5
-5 2 -9 5
-5 2 -8 5
-5 2 -7 5
-5 2 -6 5
-5 2 -5 5
-5 2 -4 5
-5 2 -3 5
-5 2 -2 5
-5 2 -1 5
-5 2 0 5
-5 2 1 5
-5 2 2 5
-5 2 3 5
-5 2 4 5
-5 2 5 5
-5 2 6 5
-5 2 7 5
-5 2 8 5
-5 2 9 5
-5 2 10 5
-5 2 11 5
-5 2 12 0
-4 2 -14 0
-4 2 -13 5
-4 2 -12 5
-4 2 -11 5
-4 2 -10 5
-4 2 -9 5
-4 2 -8 5
-4 2 -7 5
-4 2 -6 5
-4 2 -5 5
-4 2 -4 5
-4 2 -3 5
-4 2 -2 5
-4 2 -1 5
-4 2 0 5
-4 2 1 5
-4 2 2 5
-4 2 3 5
-4 2 4 5
-4 2 5 5
-4 2 6 5
-4 2 7 5
-4 2 8 5
-4 2 9 5
-4 2 10 5
-4 2 11 5
-4 2 12 2
-3 2 -14 1
-3 2 -13 5
-3 2 -12 5
-3 2 -11 5
-3 2 -10 5
-3 2 -9 5
-3 2 -8 5
-3 2 -7 5
-3 2 -6 5
-3 2 -5 5
-3 2 -4 5
-3 2 -3 5
-3 2 -2 5
-3 2 -1 5
-3 2 0 5
-3 2 1 5
-3 2 2 5
-3 2 3 5
-3 2 4 5
-3 2 5 5
-3 2 6 5
-3 2 7 5
-3 2 8 5
-3 2 9 5
-3 2 10 5
-3 2 11 5
-3 2 12 3
-2 2 -14 0
-2 2 -13 5
-2 2 -12 5
-2 2 -11 5
-2 2 -10 5
-2 2 -9 5
-2 2 -8 5
-2 2 -7 5
-2 2 -6 5
-2 2 -5 5
-2 2 -4 5
-2 2 -3 5
-2 2 -2 5
-2 2 -1 5
-2 2 0 5
-2 2 1 5
-2 2 2 5
-2 2 3 5
-2 2 4 5
-2 2 5 5
-2 2 6 5
-2 2 7 5
-2 2 8 5
-2 2 9 4
-2 2 10 0
-2 2 11 0
-2 2 12 0
-2 2 13 4
-2 2 14 15
-1 2 -14 0
-1 2 -13 16
-1 2 -12 5
-1 2 -11 5
-1 2 -10 5
-1 2 -9 5
-1 2 -8 5
-1 2 -7 5
-1 2 -6 5
-1 2 -5 5
-1 2 -4 5
-1 2 -3 5
-1 2 -2 5
-1 2 -1 5
-1 2 0 5
-1 2 1 5
-1 2 2 5
-1 2 3 5
-1 2 4 5
-1 2 5 5
-1 2 6 5
-1 2 7 5
-1 2 8 5
-1 2 9 0
-1 2 10 5
-1 2 11 5
-1 2 12 5
-1 2 13 17
0 2 -14 0
0 2 -13 18
0 2 -12 5
0 2 -11 5
0 2 -10 5
0 2 -9 5
0 2 -8 5
0 2 -7 5
0 2 -6 5
0 2 -5 5
0 2 -4 5
0 2 -3 5
0 2 -2 5
0 2 -1 5
0 2 0 5
0 2 1 5
0 2 2 5
0 2 3 5
0 2 4 5
0 2 5 5
0 2 6 5
0 2 7 5
0 2 8 5
0 2 9 0
0 2 10 5
0 2 11 5
0 2 12 5
0 2 13 19
1 2 -14 0
1 2 -13 16
1 2 -12 5
1 2 -11 5
1 2 -10 5
1 2 -9 5
1 2 -8 5
1 2 -7 5
1 2 -6 5
1 2 -5 5
1 2 -4 5
1 2 -3 5
1 2 -2 5
1 2 -1 5
1 2 0 5
1 2 1 5
1 2 2 5
1 2 3 5
1 2 4 5
1 2 5 5
1 2 6 5
1 2 7 5
1 2 8 5
1 2 9 0
1 2 10 5
1 2 11 5
1 2 12 5
1 2 13 19
2 2 -14 0
2 2 -13 5
2 2 -12 5
2 2 -11 5
2 2 -10 5
2 2 -9 5
2 2 -8 5
2 2 -7 5
2 2 -6 5
2 2 -5 5
2 2 -4 5
2 2 -3 5
2 2 -2 5
2 2 -1 5
2 2 0 5
2 2 1 5
2 2 2 5
2 2 3 5
2 2 4 5
2 2 5 5
2 2 6 5
2 2 7 5
2 2 8 5
2 2 9 4
2 2 10 0
2 2 11 0
2 2 12 1
2 2 13 4
2 2 14 15
3 2 -14 0
3 2 -13 5
3 2 -12 5
3 2 -11 5
3 2 -10 5
3 2 -9 5
3 2 -8 5
3 2 -7 5
3 2 -6 5
3 2 -5 5
3 2 -4 5
3 2 -3 5
3 2 -2 5
3 2 -1 5
3 2 0 5
3 2 1 5
3 2 2 5
3 2 3 5
3 2 4 5
3 2 5 5
3 2 6 5
3 2 7 5
3 2 8 5
3 2 9 5
3 2 10 5
3 2 11 5
3 2 12 0
4 2 -14 0
4 2 -13 5
4 2 -12 5
4 2 -11 5
4 2 -10 5
4 2 -9 5
4 2 -8 5
4 2 -7 5
4 2 -6 5
4 2 -5 5
4 2 -4 5
4 2 -3 5
4 2 -2 5
4 2 -1 5
4 2 0 5
4 2 1 5
4 2 2 5
4 2 3 5
4 2 4 5
4 2 5 5
4 2 6 5
4 2 7 5
4 2 8 5
4 2 9 5
4 2 10 5
4 2 11 5
4 2 12 0
5 2 -14 0
5 2 -13 5
5 2 -12 5
5 2 -11 5
5 2 -10 5
5 2 -9 5
5 2 -8 5
5 2 -7 5
5 2 -6 5
5 2 -5 5
5 2 -4 5
5 2 -3 5
5 2 -2 5
5 2 -1 5
5 2 0 5
5 2 1 5
5 2 2 5
5 2 3 5
5 2 4 5
5 2 5 5
5 2 6 5
5 2 7 5
5 2 8 5
5 2 9 5
5 2 10 5
5 2 11 5
5 2 12 0
6 2 -14 0
6 2 -13 5
6 2 -12 5
6 2 -11 5
6 2 -10 5
6 2 -9 5
6 2 -8 5
6 2 -7 5
6 2 -6 5
6 2 -5 5
6 2 -4 5
6 2 -3 5
6 2 -2 5
6 2 -1 5
6 2 0 5
6 2 1 5
6 2 2 5
6 2 3 5
6 2 4 5
6 2 5 5
6 2 6 5
6 2 7 5
6 2 8 5
6 2 9 5
6 2 10 5
6 2 11 5
6 2 12 0
7 2 -14 3
7 2 -13 2
7 2 -12 0
7 2 -11 0
7 2 -10 2
7 2 -9 0
7 2 -8 0
7 2 -7 1
7 2 -6 0
7 2 -5 0
7 2 -4 1
7 2 -3 0
7 2 -2 2
7 2 -1 2
7 2 0 0
7 2 1 3
7 2 2 1
7 2 3 1
7 2 4 0
7 2 5 0
7 2 6 1
7 2 7 0
7 2 8 2
7 2 9 0
7 2 10 0
7 2 11 1
7 2 12 2
8 2 -12 2
8 2 -8 3
8 2 -4 0
8 2 0 3
8 2 4 0
8 2 8 1
-8 3 -12 0
-8 3 -8 0
-8 3 -4 0
-8 3 0 3
-8 3 4 0
-8 3 8 2
-7 3 -14 0
-7 3 -13 0
-7 3 -12 2
-7 3 -11 0
-7 3 -10 20
-7 3 -9 1
-7 3 -8 0
-7 3 -7 3
-7 3 -6 20
-7 3 -5 0
-7 3 -4 3
-7 3 -3 1
-7 3 -2 20
-7 3 -1 0
-7 3 0 0
-7 3 1 0
-7 3 2 20
-7 3 3 2
-7 3 4 0
-7 3 5 0
-7 3 6 20
-7 3 7 0
-7 3 8 2
-7 3 9 1
-7 3 10 20
-7 3 11 1
-7 3 12 0
-6 3 -14 0
-6 3 -13 5
-6 3 -12 5
-6 3 -11 5
-6 3 -10 5
-6 3 -9 5
-6 3 -8 5
-6 3 -7 5
-6 3 -6 5
-6 3 -5 5
-6 3 -4 5
-6 3 -3 5
-6 3 -2 5
-6 3 -1 5
-6 3 0 5
-6 3 1 5
-6 3 2 5
-6 3 3 5
-6 3 4 5
-6 3 5 5
-6 3 6 5
-6 3 7 5
-6 3 8 5
-6 3 9 5
-6 3 10 5
-6 3 11 5
-6 3 12 0
-5 3 -14 0
-5 3 -13 5
-5 3 -12 5
-5 3 -11 5
-5 3 -10 5
-5 3 -9 5
-5 3 -8 5
-5 3 -7 5
-5 3 -6 5
-5 3 -5 5
-5 3 -4 5
-5 3 -3 5
-5 3 -2 5
-5 3 -1 5
-5 3 0 5
-5 3 1 5
-5 3 2 5
-5 3 3 5
-5 3 4 5
-5 3 5 5
-5 3 6 5
-5 3 7 5
-5 3 8 5
-5 3 9 5
-5 3 10 5
-5 3 11 5
-5 3 12 0
-4 3 -14 0
-4 3 -13 5
-4 3 -12 5
-4 3 -11 5
-4 3 -10 5
-4 3 -9 5
-4 3 -8 5
-4 3 -7 5
-4 3 -6 5
-4 3 -5 5
-4 3 -4 5
-4 3 -3 5
-4 3 -2 5
-4 3 -1 5
-4 3 0 5
-4 3 1 5
-4 3 2 5
-4 3 3 5
-4 3 4 5
-4 3 5 5
-4 3 6 5
-4 3 7 5
-4 3 8 5
-4 3 9 5
-4 3 10 5
-4 3 11 5
-4 3 12 0
-3 3 -14 0
-3 3 -13 5
-3 3 -12 5
-3 3 -11 5
-3 3 -10 5
-3 3 -9 5
-3 3 -8 5
-3 3 -7 5
-3 3 -6 5
-3 3 -5 5
-3 3 -4 5
-3 3 -3 5
-3 3 -2 5
-3 3 -1 5
-3 3 0 5
-3 3 1 5
-3 3 2 5
-3 3 3 5
-3 3 4 5
-3 3 5 5
-3 3 6 5
-3 3 7 5
-3 3 8 5
-3 3 9 5
-3 3 10 5
-3 3 11 5
-3 3 12 3
-2 3 -14 2
-2 3 -13 5
-2 3 -12 5
-2 3 -11 5
-2 3 -10 5
-2 3 -9 5
-2 3 -8 5
-2 3 -7 5
-2 3 -6 5
-2 3 -5 5
-2 3 -4 5
-2 3 -3 5
-2 3 -2 5
-2 3 -1 5
-2 3 0 5
-2 3 1 5
-2 3 2 5
-2 3 3 5
-2 3 4 5
-2 3 5 5
-2 3 6 5
-2 3 7 5
-2 3 8 5
-2 3 9 4
-2 3 10 0
-2 3 11 3
-2 3 12 0
-2 3 13 4
-1 3 -14 0
-1 3 -13 5
-1 3 -12 5
-1 3 -11 5
-1 3 -10 5
-1 3 -9 5
-1 3 -8 5
-1 3 -7 5
-1 3 -6 5
-1 3 -5 5
-1 3 -4 5
-1 3 -3 5
-1 3 -2 5
-1 3 -1 5
-1 3 0 5
-1 3 1 5
-1 3 2 5
-1 3 3 5
-1 3 4 5
-1 3 5 5
-1 3 6 5
-1 3 7 5
-1 3 8 5
-1 3 9 0
-1 3 10 5
-1 3 11 5
-1 3 12 5
-1 3 13 5
0 3 -14 3
0 3 -13 5
0 3 -12 5
0 3 -11 5
0 3 -10 5
0 3 -9 5
0 3 -8 5
0 3 -7 5
0 3 -6 5
0 3 -5 5
0 3 -4 5
0 3 -3 5
0 3 -2 5
0 3 -1 5
0 3 0 5
0 3 1 5
0 3 2 5
0 3 3 5
0 3 4 5
0 3 5 5
0 3 6 5
0 3 7 5
0 3 8 5
0 3 9 0
0 3 10 5
0 3 11 5
0 3 12 5
0 3 13 5
1 3 -14 0
1 3 -13 5
1 3 -12 5
1 3 -11 5
1 3 -10 5
1 3 -9 5
1 3 -8 5
1 3 -7 5
1 3 -6 5
1 3 -5 5
1 3 -4 5
1 3 -3 5
1 3 -2 5
1 3 -1 5
1 3 0 5
1 3 1 5
1 3 2 5
1 3 3 5
1 3 4 5
1 3 5 5
1 3 6 5
1 3 7 5
1 3 8 5
1 3 9 0
1 3 10 5
1 3 11 5
1 3 12 5
1 3 13 5
2 3 -14 0
2 3 -13 5
2 3 -12 5
2 3 -11 5
2 3 -10 5
2 3 -9 5
2 3 -8 5
2 3 -7 5
2 3 -6 5
2 3 -5 5
2 3 -4 5
2 3 -3 5
2 3 -2 5
2 3 -1 5
2 3 0 5
2 3 1 5
2 3 2 5
2 3 3 5
2 3 4 5
2 3 5 5
2 3 6 5
2 3 7 5
2 3 8 5
2 3 9 4
2 3 10 0
2 3 11 0
2 3 12 2
2 3 13 4
3 3 -14 0
3 3 -13 5
3 3 -12 5
3 3 -11 5
3 3 -10 5
3 3 -9 5
3 3 -8 5
3 3 -7 5
3 3 -6 5
3 3 -5 5
3 3 -4 5
3 3 -3 5
3 3 -2 5
3 3 -1 5
3 3 0 5
3 3 1 5
3 3 2 5
3 3 3 5
3 3 4 5
3 3 5 5
3 3 6 5
3 3 7 5
3 3 8 5
3 3 9 5
3 3 10 5
3 3 11 5
3 3 12 0
4 3 -14 0
4 3 -13 5
4 3 -12 5
4 3 -11 5
4 3 -10 5
4 3 -9 5
4 3 -8 5
4 3 -7 5
4 3 -6 5
4 3 -5 5
4 3 -4 5
4 3 -3 5
4 3 -2 5
4 3 -1 5
4 3 0 5
4 3 1 5
4 3 2 5
4 3 3 5
4 3 4 5
4 3 5 5
4 3 6 5
4 3 7 5
4 3 8 5
4 3 9 5
4 3 10 5
4 3 11 5
4 3 12 0
5 3 -14 0
5 3 -13 5
5 3 -12 5
5 3 -11 5
5 3 -10 5
5 3 -9 5
5 3 -8 5
5 3 -7 5
5 3 -6 5
5 3 -5 5
5 3 -4 5
5 3 -3 5
5 3 -2 5
5 3 -1 5
5 3 0 5
5 3 1 5
5 3 2 5
5 3 3 5
5 3 4 5
5 3 5 5
5 3 6 5
5 3 7 5
5 3 8 5
5 3 9 5
5 3 10 5
5 3 11 5
5 3 12 0
6 3 -14 0
6 3 -13 5
6 3 -12 5
6 3 -11 5
6 3 -10 5
6 3 -9 5
6 3 -8 5
6 3 -7 5
6 3 -6 5
6 3 -5 5
6 3 -4 5
6 3 -3 5
6 3 -2 5
6 3 -1 5
6 3 0 5
6 3 1 5
6 3 2 5
6 3 3 5
6 3 4 5
6 3 5 5
6 3 6 5
6 3 7 5
6 3 8 5
6 3 9 5
6 3 10 5
6 3 11 5
6 3 12 0
7 3 -14 0
7 3 -13 1
7 3 -12 3
7 3 -11 1
7 3 -10 20
7 3 -9 1
7 3 -8 0
7 3 -7 0
7 3 -6 20
7 3 -5 0
7 3 -4 0
7 3 -3 2
7 3 -2 20
7 3 -1 0
7 3 0 1
7 3 1 0
7 3 2 20
7 3 3 1
7 3 4 1
7 3 5 0
7 3 6 20
7 3 7 3
7 3 8 0
7 3 9 1
7 3 10 20
7 3 11 0
7 3 12 0
8 3 -12 0
8 3 -8 2
8 3 -4 0
8 3 0 0
8 3 4 0
8 3 8 0
-8 4 -12 0
-8 4 -8 0
-8 4 -4 1
-8 4 0 0
-8 4 4 0
-8 4 8 2
-7 4 -14 0
-7 4 -13 0
-7 4 -12 0
-7 4 -11 0
-7 4 -10 21
-7 4 -9 2
-7 4 -8 0
-7 4 -7 3
-7 4 -6 21
-7 4 -5 2
-7 4 -4 0
-7 4 -3 0
-7 4 -2 21
-7 4 -1 2
-7 4 0 0
-7 4 1 0
-7 4 2 21
-7 4 3 1
-7 4 4 0
-7 4 5 3
-7 4 6 21
-7 4 7 0
-7 4 8 0
-7 4 9 3
-7 4 10 21
-7 4 11 0
-7 4 12 0
-6 4 -14 3
-6 4 -13 5
-6 4 -12 5
-6 4 -11 5
-6 4 -10 5
-6 4 -9 5
-6 4 -8 5
-6 4 -7 5
-6 4 -6 5
-6 4 -5 5
-6 4 -4 5
-6 4 -3 5
-6 4 -2 5
-6 4 -1 5
-6 4 0 5
-6 4 1 5
-6 4 2 5
-6 4 3 5
-6 4 4 5
-6 4 5 5
-6 4 6 5
-6 4 7 5
-6 4 8 5
-6 4 9 5
-6 4 10 5
-6 4 11 5
-6 4 12 0
-5 4 -14 0
-5 4 -13 5
-5 4 -12 5
-5 4 -11 5
-5 4 -10 5
-5 4 -9 5
-5 4 -8 5
-5 4 -7 5
-5 4 -6 5
-5 4 -5 5
-5 4 -4 5
-5 4 -3 5
-5 4 -2 5
-5 4 -1 5
-5 4 0 5
-5 4 1 5
-5 4 2 5
-5 4 3 5
-5 4 4 5
-5 4 5 5
-5 4 6 5
-5 4 7 5
-5 4 8 5
-5 4 9 5
-5 4 10 5
-5 4 11 5
-5 4 12 1
-4 4 -14 0
-4 4 -13 5
-4 4 -12 5
-4 4 -11 5
-4 4 -10 5
-4 4 -9 5
-4 4 -8 5
-4 4 -7 5
-4 4 -6 5
-4 4 -5 5
-4 4 -4 5
-4 4 -3 5
-4 4 -2 5
-4 4 -1 5
-4 4 0 5
-4 4 1 5
-4 4 2 5
-4 4 3 5
-4 4 4 5
-4 4 5 5
-4 4 6 5
-4 4 7 5
-4 4 8 5
-4 4 9 5
-4 4 10 5
-4 4 11 5
-4 4 12 0
-3 4 -14 0
-3 4 -13 5
-3 4 -12 5
-3 4 -11 5
-3 4 -10 5
-3 4 -9 5
-3 4 -8 5
-3 4 -7 5
-3 4 -6 5
-3 4 -5 5
-3 4 -4 5
-3 4 -3 5
-3 4 -2 5
-3 4 -1 5
-3 4 0 5
-3 4 1 5
-3 4 2 5
-3 4 3 5
-3 4 4 5
-3 4 5 5
-3 4 6 5
-3 4 7 5
-3 4 8 5
-3 4 9 5
-3 4 10 5
-3 4 11 5
-3 4 12 0
-2 4 -14 2
-2 4 -13 5
-2 4 -12 5
-2 4 -11 5
-2 4 -10 5
-2 4 -9 5
-2 4 -8 5
-2 4 -7 5
-2 4 -6 5
-2 4 -5 5
-2 4 -4 5
-2 4 -3 5
-2 4 -2 5
-2 4 -1 5
-2 4 0 5
-2 4 1 5
-2 4 2 5
-2 4 3 5
-2 4 4 5
-2 4 5 5
-2 4 6 5
-2 4 7 5
-2 4 8 5
-2 4 9 4
-2 4 10 0
-2 4 11 0
-2 4 12 0
-2 4 13 4
-1 4 -14 0
-1 4 -13 5
-1 4 -12 5
-1 4 -11 5
-1 4 -10 5
-1 4 -9 5
-1 4 -8 5
-1 4 -7 5
-1 4 -6 5
-1 4 -5 5
-1 4 -4 5
-1 4 -3 5
-1 4 -2 5
-1 4 -1 5
-1 4 0 5
-1 4 1 5
-1 4 2 5
-1 4 3 5
-1 4 4 5
-1 4 5 5
-1 4 6 5
-1 4 7 5
-1 4 8 5
-1 4 9 0
-1 4 10 5
-1 4 11 5
-1 4 12 5
-1 4 13 22
0 4 -14 0
0 4 -13 5
0 4 -12 5
0 4 -11 5
0 4 -10 5
0 4 -9 5
0 4 -8 5
0 4 -7 5
0 4 -6 5
0 4 -5 5
0 4 -4 5
0 4 -3 5
0 4 -2 5
0 4 -1 5
0 4 0 5
0 4 1 5
0 4 2 5
0 4 3 5
0 4 4 5
0 4 5 5
0 4 6 5
0 4 7 5
0 4 8 5
0 4 9 0
0 4 10 5
0 4 11 5
0 4 12 5
0 4 13 23
1 4 -14 0
1 4 -13 5
1 4 -12 5
1 4 -11 5
1 4 -10 5
1 4 -9 5
1 4 -8 5
1 4 -7 5
1 4 -6 5
1 4 -5 5
1 4 -4 5
1 4 -3 5
1 4 -2 5
1 4 -1 5
1 4 0 5
1 4 1 5
1 4 2 5
1 4 3 5
1 4 4 5
1 4 5 5
1 4 6 5
1 4 7 5
1 4 8 5
1 4 9 0
1 4 10 5
1 4 11 5
1 4 12 5
1 4 13 24
2 4 -14 1
2 4 -13 5
2 4 -12 5
2 4 -11 5
2 4 -10 5
2 4 -9 5
2 4 -8 5
2 4 -7 5
2 4 -6 5
2 4 -5 5
2 4 -4 5
2 4 -3 5
2 4 -2 5
2 4 -1 5
2 4 0 5
2 4 1 5
2 4 2 5
2 4 3 5
2 4 4 5
2 4 5 5
2 4 6 5
2 4 7 5
2 4 8 5
2 4 9 4
2 4 10 0
2 4 11 2
2 4 12 0
2 4 13 4
3 4 -14 0
3 4 -13 5
3 4 -12 5
3 4 -11 5
3 4 -10 5
3 4 -9 5
3 4 -8 5
3 4 -7 5
3 4 -6 5
3 4 -5 5
3 4 -4 5
3 4 -3 5
3 4 -2 5
3 4 -1 5
3 4 0 5
3 4 1 5
3 4 2 5
3 4 3 5
3 4 4 5
3 4 5 5
3 4 6 5
3 4 7 5
3 4 8 5
3 4 9 5
3 4 10 5
3 4 11 5
3 4 12 1
4 4 -14 0
4 4 -13 5
4 4 -12 5
4 4 -11 5
4 4 -10 5
4 4 -9 5
4 4 -8 5
4 4 -7 5
4 4 -6 5
4 4 -5 5
4 4 -4 5
4 4 -3 5
4 4 -2 5
4 4 -1 5
4 4 0 5
4 4 1 5
4 4 2 5
4 4 3 5
4 4 4 5
4 4 5 5
4 4 6 5
4 4 7 5
4 4 8 5
4 4 9 5
4 4 10 5
4 4 11 5
4 4 12 0
5 4 -14 0
5 4 -13 5
5 4 -12 5
5 4 -11 5
5 4 -10 5
5 4 -9 5
5 4 -8 5
5 4 -7 5
5 4 -6 5
5 4 -5 5
5 4 -4 5
5 4 -3 5
5 4 -2 5
5 4 -1 5
5 4 0 5
5 4 1 5
5 4 2 5
5 4 3 5
5 4 4 5
5 4 5 5
5 4 6 5
5 4 7 5
5 4 8 5
5 4 9 5
5 4 10 5
5 4 11 5
5 4 12 0
6 4 -14 0
6 4 -13 5
6 4 -12 5
6 4 -11 5
6 4 -10 5
6 4 -9 5
6 4 -8 5
6 4 -7 5
6 4 -6 5
6 4 -5 5
6 4 -4 5
6 4 -3 5
6 4 -2 5
6 4 -1 5
6 4 0 5
6 4 1 5
6 4 2 5
6 4 3 5
6 4 4 5
6 4 5 5
6 4 6 5
6 4 7 5
6 4 8 5
6 4 9 5
6 4 10 5
6 4 11 5
6 4 12 2
7 4 -14 0
7 4 -13 0
7 4 -12 0
7 4 -11 0
7 4 -10 21
7 4 -9 3
7 4 -8 2
7 4 -7 0
7 4 -6 21
7 4 -5 3
7 4 -4 0
7 4 -3 1
7 4 -2 21
7 4 -1 0
7 4 0 2
7 4 1 2
7 4 2 21
7 4 3 0
7 4 4 0
7 4 5 2
7 4 6 21
7 4 7 3
7 4 8 0
7 4 9 2
7 4 10 21
7 4 11 0
7 4 12 0
8 4 -12 0
8 4 -8 2
8 4 -4 0
8 4 0 0
8 4 4 1
8 4 8 0
-8 5 -12 0
-8 5 -8 0
-8 5 -4 3
-8 5 0 0
-8 5 4 0
-8 5 8 3
-7 5 -14 0
-7 5 -13 0
-7 5 -12 0
-7 5 -11 3
-7 5 -10 21
-7 5 -9 0
-7 5 -8 0
-7 5 -7 2
-7 5 -6 21
-7 5 -5 0
-7 5 -4 0
-7 5 -3 0
-7 5 -2 21
-7 5 -1 0
-7 5 0 0
-7 5 1 0
-7 5 2 21
-7 5 3 0
-7 5 4 1
-7 5 5 1
-7 5 6 21
-7 5 7 3
-7 5 8 3
-7 5 9 3
-7 5 10 21
-7 5 11 0
-7 5 12 1
-6 5 -14 3
-6 5 -13 5
-6 5 -12 5
-6 5 -11 5
-6 5 -10 5
-6 5 -9 5
-6 5 -8 5
-6 5 -7 5
-6 5 -6 5
-6 5 -5 5
-6 5 -4 5
-6 5 -3 5
-6 5 -2 5
-6 5 -1 5
-6 5 0 5
-6 5 1 5
-6 5 2 5
-6 5 3 5
-6 5 4 5
-6 5 5 5
-6 5 6 5
-6 5 7 5
-6 5 8 5
-6 5 9 5
-6 5 10 5
-6 5 11 5
-6 5 12 3
-5 5 -14 3
-5 5 -13 5
-5 5 -12 5
-5 5 -11 5
-5 5 -10 5
-5 5 -9 5
-5 5 -8 5
-5 5 -7 5
-5 5 -6 5
-5 5 -5 5
-5 5 -4 5
-5 5 -3 5
-5 5 -2 5
-5 5 -1 5
-5 5 0 5
-5 5 1 5
-5 5 2 5
-5 5 3 5
-5 5 4 5
-5 5 5 5
-5 5 6 5
-5 5 7 5
-5 5 8 5
-5 5 9 5
-5 5 10 5
-5 5 11 5
-5 5 12 0
-4 5 -14 3
-4 5 -13 5
-4 5 -12 5
-4 5 -11 5
-4 5 -10 5
-4 5 -9 5
-4 5 -8 5
-4 5 -7 5
-4 5 -6 5
-4 5 -5 5
-4 5 -4 5
-4 5 -3 5
-4 5 -2 5
-4 5 -1 5
-4 5 0 5
-4 5 1 5
-4 5 2 5
-4 5 3 5
-4 5 4 5
-4 5 5 5
-4 5 6 5
-4 5 7 5
-4 5 8 5
-4 5 9 5
-4 5 10 5
-4 5 11 5
-4 5 12 0
-3 5 -14 0
-3 5 -13 5
-3 5 -12 5
-3 5 -11 5
-3 5 -10 5
-3 5 -9 5
-3 5 -8 5
-3 5 -7 5
-3 5 -6 5
-3 5 -5 5
-3 5 -4 5
-3 5 -3 5
-3 5 -2 5
-3 5 -1 5
-3 5 0 5
-3 5 1 5
-3 5 2 5
-3 5 3 5
-3 5 4 5
-3 5 5 5
-3 5 6 5
-3 5 7 5
-3 5 8 5
-3 5 9 5
-3 5 10 5
-3 5 11 5
-3 5 12 0
-2 5 -14 0
-2 5 -13 5
-2 5 -12 5
-2 5 -11 5
-2 5 -10 5
-2 5 -9 5
-2 5 -8 5
-2 5 -7 5
-2 5 -6 5
-2 5 -5 5
-2 5 -4 5
-2 5 -3 5
-2 5 -2 5
-2 5 -1 5
-2 5 0 5
-2 5 1 5
-2 5 2 5
-2 5 3 5
-2 5 4 5
-2 5 5 5
-2 5 6 5
-2 5 7 5
-2 5 8 5
-2 5 9 4
-2 5 10 2
-2 5 11 0
-2 5 12 0
-2 5 13 4
-1 5 -14 2
-1 5 -13 5
-1 5 -12 5
-1 5 -11 5
-1 5 -10 5
-1 5 -9 5
-1 5 -8 5
-1 5 -7 5
-1 5 -6 5
-1 5 -5 5
-1 5 -4 5
-1 5 -3 5
-1 5 -2 5
-1 5 -1 5
-1 5 0 5
-1 5 1 5
-1 5 2 5
-1 5 3 5
-1 5 4 5
-1 5 5 5
-1 5 6 5
-1 5 7 5
-1 5 8 5
-1 5 9 2
-1 5 10 5
-1 5 11 5
-1 5 12 5
-1 5 13 0
0 5 -14 2
0 5 -13 5
0 5 -12 5
0 5 -11 5
0 5 -10 5
0 5 -9 5
0 5 -8 5
0 5 -7 5
0 5 -6 5
0 5 -5 5
0 5 -4 5
0 5 -3 5
0 5 -2 5
0 5 -1 5
0 5 0 5
0 5 1 5
0 5 2 5
0 5 3 5
0 5 4 5
0 5 5 5
0 5 6 5
0 5 7 5
0 5 8 5
0 5 9 0
0 5 10 5
0 5 11 5
0 5 12 5
0 5 13 0
1 5 -14 2
1 5 -13 5
1 5 -12 5
1 5 -11 5
1 5 -10 5
1 5 -9 5
1 5 -8 5
1 5 -7 5
1 5 -6 5
1 5 -5 5
1 5 -4 5
1 5 -3 5
1 5 -2 5
1 5 -1 5
1 5 0 5
1 5 1 5
1 5 2 5
1 5 3 5
1 5 4 5
1 5 5 5
1 5 6 5
1 5 7 5
1 5 8 5
1 5 9 0
1 5 10 5
1 5 11 5
1 5 12 5
1 5 13 0
2 5 -14 2
2 5 -13 5
2 5 -12 5
2 5 -11 5
2 5 -10 5
2 5 -9 5
2 5 -8 5
2 5 -7 5
2 5 -6 5
2 5 -5 5
2 5 -4 5
2 5 -3 5
2 5 -2 5
2 5 -1 5
2 5 0 5
2 5 1 5
2 5 2 5
2 5 3 5
2 5 4 5
2 5 5 5
2 5 6 5
2 5 7 5
2 5 8 5
2 5 9 4
2 5 10 0
2 5 11 0
2 5 12 0
2 5 13 4
3 5 -14 0
3 5 -13 5
3 5 -12 5
3 5 -11 5
3 5 -10 5
3 5 -9 5
3 5 -8 5
3 5 -7 5
3 5 -6 5
3 5 -5 5
3 5 -4 5
3 5 -3 5
3 5 -2 5
3 5 -1 5
3 5 0 5
3 5 1 5
3 5 2 5
3 5 3 5
3 5 4 5
3 5 5 5
3 5 6 5
3 5 7 5
3 5 8 5
3 5 9 5
3 5 10 5
3 5 11 5
3 5 12 0
4 5 -14 0
4 5 -13 5
4 5 -12 5
4 5 -11 5
4 5 -10 5
4 5 -9 5
4 5 -8 5
4 5 -7 5
4 5 -6 5
4 5 -5 5
4 5 -4 5
4 5 -3 5
4 5 -2 5
4 5 -1 5
4 5 0 5
4 5 1 5
4 5 2 5
4 5 3 5
4 5 4 5
4 5 5 5
4 5 6 5
4 5 7 5
4 5 8 5
4 5 9 5
4 5 10 5
4 5 11 5
4 5 12 0
5 5 -14 2
5 5 -13 5
5 5 -12 5
5 5 -11 5
5 5 -10 5
5 5 -9 5
5 5 -8 5
5 5 -7 5
5 5 -6 5
5 5 -5 5
5 5 -4 5
5 5 -3 5
5 5 -2 5
5 5 -1 5
5 5 0 5
5 5 1 5
5 5 2 5
5 5 3 5
5 5 4 5
5 5 5 5
5 5 6 5
5 5 7 5
5 5 8 5
5 5 9 5
5 5 10 5
5 5 11 5
5 5 12 1
6 5 -14 2
6 5 -13 5
6 5 -12 5
6 5 -11 5
6 5 -10 5
6 5 -9 5
6 5 -8 5
6 5 -7 5
6 5 -6 5
6 5 -5 5
6 5 -4 5
6 5 -3 5
6 5 -2 5
6 5 -1 5
6 5 0 5
6 5 1 5
6 5 2 5
6 5 3 5
6 5 4 5
6 5 5 5
6 5 6 5
6 5 7 5
6 5 8 5
6 5 9 5
6 5 10 5
6 5 11 5
6 5 12 0
7 5 -14 0
7 5 -13 1
7 5 -12 0
7 5 -11 0
7 5 -10 21
7 5 -9 3
7 5 -8 0
7 5 -7 3
7 5 -6 21
7 5 -5 1
7 5 -4 0
7 5 -3 0
7 5 -2 21
7 5 -1 0
7 5 0 0
7 5 1 0
7 5 2 21
7 5 3 0
7 5 4 0
7 5 5 0
7 5 6 21
7 5 7 2
7 5 8 0
7 5 9 0
7 5 10 21
7 5 11 3
7 5 12 0
8 5 -12 0
8 5 -8 3
8 5 -4 0
8 5 0 2
8 5 4 2
8 5 8 0
-8 6 -12 0
-8 6 -8 2
-8 6 -4 1
-8 6 0 0
-8 6 4 0
-8 6 8 0
-7 6 -14 0
-7 6 -13 1
-7 6 -12 0
-7 6 -11 0
-7 6 -10 20
-7 6 -9 3
-7 6 -8 0
-7 6 -7 2
-7 6 -6 20
-7 6 -5 1
-7 6 -4 0
-7 6 -3 0
-7 6 -2 20
-7 6 -1 0
-7 6 0 0
-7 6 1 0
-7 6 2 20
-7 6 3 1
-7 6 4 1
-7 6 5 0
-7 6 6 20
-7 6 7 0
-7 6 8 0
-7 6 9 0
-7 6 10 20
-7 6 11 1
-7 6 12 0
-6 6 -14 3
-6 6 -13 5
-6 6 -12 5
-6 6 -11 5
-6 6 -10 5
-6 6 -9 5
-6 6 -8 5
-6 6 -7 5
-6 6 -6 5
-6 6 -5 5
-6 6 -4 5
-6 6 -3 5
-6 6 -2 5
-6 6 -1 5
-6 6 0 5
-6 6 1 5
-6 6 2 5
-6 6 3 5
-6 6 4 5
-6 6 5 5
-6 6 6 5
-6 6 7 5
-6 6 8 5
-6 6 9 5
-6 6 10 5
-6 6 11 5
-6 6 12 1
-5 6 -14 0
-5 6 -13 5
-5 6 -12 5
-5 6 -11 5
-5 6 -10 5
-5 6 -9 5
-5 6 -8 5
-5 6 -7 5
-5 6 -6 5
-5 6 -5 5
-5 6 -4 5
-5 6 -3 5
-5 6 -2 5
-5 6 -1 5
-5 6 0 5
-5 6 1 5
-5 6 2 5
-5 6 3 5
-5 6 4 5
-5 6 5 5
-5 6 6 5
-5 6 7 5
-5 6 8 5
-5 6 9 5
-5 6 10 5
-5 6 11 5
-5 6 12 0
-4 6 -14 0
-4 6 -13 5
-4 6 -12 5
-4 6 -11 5
-4 6 -10 5
-4 6 -9 5
-4 6 -8 5
-4 6 -7 5
-4 6 -6 5
-4 6 -5 5
-4 6 -4 5
-4 6 -3 5
-4 6 -2 5
-4 6 -1 5
-4 6 0 5
-4 6 1 5
-4 6 2 5
-4 6 3 5
-4 6 4 5
-4 6 5 5
-4 6 6 5
-4 6 7 5
-4 6 8 5
-4 6 9 5
-4 6 10 5
-4 6 11 5
-4 6 12 0
-3 6 -14 0
-3 6 -13 5
-3 6 -12 5
-3 6 -11 5
-3 6 -10 5
-3 6 -9 5
-3 6 -8 5
-3 6 -7 5
-3 6 -6 5
-3 6 -5 5
-3 6 -4 5
-3 6 -3 5
-3 6 -2 5
-3 6 -1 5
-3 6 0 5
-3 6 1 5
-3 6 2 5
-3 6 3 5
-3 6 4 5
-3 6 5 5
-3 6 6 5
-3 6 7 5
-3 6 8 5
-3 6 9 5
-3 6 10 5
-3 6 11 5
-3 6 12 0
-2 6 -14 0
-2 6 -13 5
-2 6 -12 5
-2 6 -11 5
-2 6 -10 5
-2 6 -9 5
-2 6 -8 5
-2 6 -7 5
-2 6 -6 5
-2 6 -5 5
-2 6 -4 5
-2 6 -3 5
-2 6 -2 5
-2 6 -1 5
-2 6 0 5
-2 6 1 5
-2 6 2 5
-2 6 3 5
-2 6 4 5
-2 6 5 5
-2 6 6 5
-2 6 7 5
-2 6 8 5
-2 6 9 4
-2 6 10 0
-2 6 11 2
-2 6 12 0
-2 6 13 4
-1 6 -14 0
-1 6 -13 5
-1 6 -12 5
-1 6 -11 5
-1 6 -10 5
-1 6 -9 5
-1 6 -8 5
-1 6 -7 5
-1 6 -6 5
-1 6 -5 5
-1 6 -4 5
-1 6 -3 5
-1 6 -2 5
-1 6 -1 5
-1 6 0 5
-1 6 1 5
-1 6 2 5
-1 6 3 5
-1 6 4 5
-1 6 5 5
-1 6 6 5
-1 6 7 5
-1 6 8 5
-1 6 9 0
-1 6 10 5
-1 6 11 5
-1 6 12 5
-1 6 13 0
0 6 -14 0
0 6 -13 5
0 6 -12 5
0 6 -11 5
0 6 -10 5
0 6 -9 5
0 6 -8 5
0 6 -7 5
0 6 -6 5
0 6 -5 5
0 6 -4 5
0 6 -3 5
0 6 -2 5
0 6 -1 5
0 6 0 5
0 6 1 5
0 6 2 5
0 6 3 5
0 6 4 5
0 6 5 5
0 6 6 5
0 6 7 5
0 6 8 5
0 6 9 0
0 6 10 5
0 6 11 5
0 6 12 5
0 6 13 0
1 6 -14 0
1 6 -13 5
1 6 -12 5
1 6 -11 5
1 6 -10 5
1 6 -9 5
1 6 -8 5
1 6 -7 5
1 6 -6 5
1 6 -5 5
1 6 -4 5
1 6 -3 5
1 6 -2 5
1 6 -1 5
1 6 0 5
1 6 1 5
1 6 2 5
1 6 3 5
1 6 4 5
1 6 5 5
1 6 6 5
1 6 7 5
1 6 8 5
1 6 9 0
1 6 10 5
1 6 11 5
1 6 12 5
1 6 13 0
2 6 -14 0
2 6 -13 5
2 6 -12 5
2 6 -11 5
2 6 -10 5
2 6 -9 5
2 6 -8 5
2 6 -7 5
2 6 -6 5
2 6 -5 5
2 6 -4 5
2 6 -3 5
2 6 -2 5
2 6 -1 5
2 6 0 5
2 6 1 5
2 6 2 5
2 6 3 5
2 6 4 5
2 6 5 5
2 6 6 5
2 6 7 5
2 6 8 5
2 6 9 4
2 6 10 1
2 6 11 1
2 6 12 0
2 6 13 4
3 6 -14 2
3 6 -13 5
3 6 -12 5
3 6 -11 5
3 6 -10 5
3 6 -9 5
3 6 -8 5
3 6 -7 5
3 6 -6 5
3 6 -5 5
3 6 -4 5
3 6 -3 5
3 6 -2 5
3 6 -1 5
3 6 0 5
3 6 1 5
3 6 2 5
3 6 3 5
3 6 4 5
3 6 5 5
3 6 6 5
3 6 7 5
3 6 8 5
3 6 9 5
3 6 10 5
3 6 11 5
3 6 12 1
4 6 -14 0
4 6 -13 5
4 6 -12 5
4 6 -11 5
4 6 -10 5
4 6 -9 5
4 6 -8 5
4 6 -7 5
4 6 -6 5
4 6 -5 5
4 6 -4 5
4 6 -3 5
4 6 -2 5
4 6 -1 5
4 6 0 5
4 6 1 5
4 6 2 5
4 6 3 5
4 6 4 5
4 6 5 5
4 6 6 5
4 6 7 5
4 6 8 5
4 6 9 5
4 6 10 5
4 6 11 5
4 6 12 2
5 6 -14 0
5 6 -13 5
5 6 -12 5
5 6 -11 5
5 6 -10 5
5 6 -9 5
5 6 -8 5
5 6 -7 5
5 6 -6 5
5 6 -5 5
5 6 -4 5
5 6 -3 5
5 6 -2 5
5 6 -1 5
5 6 0 5
5 6 1 5
5 6 2 5
5 6 3 5
5 6 4 5
5 6 5 5
5 6 6 5
5 6 7 5
5 6 8 5
5 6 9 5
5 6 10 5
5 6 11 5
5 6 12 1
6 6 -14 0
6 6 -13 5
6 6 -12 5
6 6 -11 5
6 6 -10 5
6 6 -9 5
6 6 -8 5
6 6 -7 5
6 6 -6 5
6 6 -5 5
6 6 -4 5
6 6 -3 5
6 6 -2 5
6 6 -1 5
6 6 0 5
6 6 1 5
6 6 2 5
6 6 3 5
6 6 4 5
6 6 5 5
6 6 6 5
6 6 7 5
6 6 8 5
6 6 9 5
6 6 10 5
6 6 11 5
6 6 12 0
7 6 -14 0
7 6 -13 0
7 6 -12 1
7 6 -11 1
7 6 -10 20
7 6 -9 0
7 6 -8 0
7 6 -7 0
7 6 -6 20
7 6 -5 0
7 6 -4 0
7 6 -3 1
7 6 -2 20
7 6 -1 0
7 6 0 0
7 6 1 0
7 6 2 20
7 6 3 0
7 6 4 0
7 6 5 1
7 6 6 20
7 6 7 2
7 6 8 3
7 6 9 3
7 6 10 20
7 6 11 0
7 6 12 0
8 6 -12 0
8 6 -8 0
8 6 -4 0
8 6 0 0
8 6 4 2
8 6 8 2
-8 7 -12 0
-8 7 -8 3
-8 7 -4 2
-8 7 0 0
-8 7 4 0
-8 7 8 0
-7 7 -14 0
-7 7 -13 3
-7 7 -12 0
-7 7 -11 3
-7 7 -10 21
-7 7 -9 0
-7 7 -8 0
-7 7 -7 3
-7 7 -6 21
-7 7 -5 0
-7 7 -4 0
-7 7 -3 0
-7 7 -2 21
-7 7 -1 0
-7 7 0 0
-7 7 1 0
-7 7 2 21
-7 7 3 1
-7 7 4 0
-7 7 5 0
-7 7 6 21
-7 7 7 0
-7 7 8 0
-7 7 9 3
-7 7 10 21
-7 7 11 0
-7 7 12 0
-6 7 -14 0
-6 7 -13 5
-6 7 -12 5
-6 7 -11 5
-6 7 -10 5
-6 7 -9 5
-6 7 -8 5
-6 7 -7 5
-6 7 -6 5
-6 7 -5 5
-6 7 -4 5
-6 7 -3 5
-6 7 -2 5
-6 7 -1 5
-6 7 0 5
-6 7 1 5
-6 7 2 5
-6 7 3 5
-6 7 4 5
-6 7 5 5
-6 7 6 5
-6 7 7 5
-6 7 8 5
-6 7 9 5
-6 7 10 5
-6 7 11 5
-6 7 12 0
-5 7 -14 0
-5 7 -13 5
-5 7 -12 5
-5 7 -11 5
-5 7 -10 5
-5 7 -9 5
-5 7 -8 5
-5 7 -7 5
-5 7 -6 5
-5 7 -5 5
-5 7 -4 5
-5 7 -3 5
-5 7 -2 5
-5 7 -1 5
-5 7 0 5
-5 7 1 5
-5 7 2 5
-5 7 3 5
-5 7 4 5
-5 7 5 5
-5 7 6 5
-5 7 7 5
-5 7 8 5
-5 7 9 5
-5 7 10 5
-5 7 11 5
-5 7 12 0
-4 7 -14 1
-4 7 -13 5
-4 7 -12 5
-4 7 -11 5
-4 7 -10 5
-4 7 -9 5
-4 7 -8 5
-4 7 -7 5
-4 7 -6 5
-4 7 -5 5
-4 7 -4 5
-4 7 -3 5
-4 7 -2 5
-4 7 -1 5
-4 7 0 5
-4 7 1 5
-4 7 2 5
-4 7 3 5
-4 7 4 5
-4 7 5 5
-4 7 6 5
-4 7 7 5
-4 7 8 5
-4 7 9 5
-4 7 10 5
-4 7 11 5
-4 7 12 0
-3 7 -14 0
-3 7 -13 5
-3 7 -12 5
-3 7 -11 5
-3 7 -10 5
-3 7 -9 5
-3 7 -8 5
-3 7 -7 5
-3 7 -6 5
-3 7 -5 5
-3 7 -4 5
-3 7 -3 5
-3 7 -2 5
-3 7 -1 5
-3 7 0 5
-3 7 1 5
-3 7 2 5
-3 7 3 5
-3 7 4 5
-3 7 5 5
-3 7 6 5
-3 7 7 5
-3 7 8 5
-3 7 9 5
-3 7 10 5
-3 7 11 5
-3 7 12 0
-2 7 -14 0
-2 7 -13 5
-2 7 -12 5
-2 7 -11 5
-2 7 -10 5
-2 7 -9 5
-2 7 -8 5
-2 7 -7 5
-2 7 -6 5
-2 7 -5 5
-2 7 -4 5
-2 7 -3 5
-2 7 -2 5
-2 7 -1 5
-2 7 0 5
-2 7 1 5
-2 7 2 5
-2 7 3 5
-2 7 4 5
-2 7 5 5
-2 7 6 5
-2 7 7 5
-2 7 8 5
-2 7 9 4
-2 7 10 0
-2 7 11 0
-2 7 12 3
-2 7 13 4
-1 7 -14 3
-1 7 -13 5
-1 7 -12 5
-1 7 -11 5
-1 7 -10 5
-1 7 -9 5
-1 7 -8 5
-1 7 -7 5
-1 7 -6 5
-1 7 -5 5
-1 7 -4 5
-1 7 -3 5
-1 7 -2 5
-1 7 -1 5
-1 7 0 5
-1 7 1 5
-1 7 2 5
-1 7 3 5
-1 7 4 5
-1 7 5 5
-1 7 6 5
-1 7 7 5
-1 7 8 5
-1 7 9 0
-1 7 10 5
-1 7 11 5
-1 7 12 5
-1 7 13 0
0 7 -14 25
0 7 -13 5
0 7 -12 5
0 7 -11 5
0 7 -10 5
0 7 -9 5
0 7 -8 5
0 7 -7 5
0 7 -6 5
0 7 -5 5
0 7 -4 5
0 7 -3 5
0 7 -2 5
0 7 -1 5
0 7 0 5
0 7 1 5
0 7 2 5
0 7 3 5
0 7 4 5
0 7 5 5
0 7 6 5
0 7 7 5
0 7 8 5
0 7 9 0
0 7 10 5
0 7 11 5
0 7 12 5
0 7 13 0
1 7 -14 3
1 7 -13 5
1 7 -12 5
1 7 -11 5
1 7 -10 5
1 7 -9 5
1 7 -8 5
1 7 -7 5
1 7 -6 5
1 7 -5 5
1 7 -4 5
1 7 -3 5
1 7 -2 5
1 7 -1 5
1 7 0 5
1 7 1 5
1 7 2 5
1 7 3 5
1 7 4 5
1 7 5 5
1 7 6 5
1 7 7 5
1 7 8 5
1 7 9 0
1 7 10 5
1 7 11 5
1 7 12 5
1 7 13 2
2 7 -14 2
2 7 -13 5
2 7 -12 5
2 7 -11 5
2 7 -10 5
2 7 -9 5
2 7 -8 5
2 7 -7 5
2 7 -6 5
2 7 -5 5
2 7 -4 5
2 7 -3 5
2 7 -2 5
2 7 -1 5
2 7 0 5
2 7 1 5
2 7 2 5
2 7 3 5
2 7 4 5
2 7 5 5
2 7 6 5
2 7 7 5
2 7 8 5
2 7 9 4
2 7 10 0
2 7 11 2
2 7 12 0
2 7 13 4
3 7 -14 0
3 7 -13 5
3 7 -12 5
3 7 -11 5
3 7 -10 5
3 7 -9 5
3 7 -8 5
3 7 -7 5
3 7 -6 5
3 7 -5 5
3 7 -4 5
3 7 -3 5
3 7 -2 5
3 7 -1 5
3 7 0 5
3 7 1 5
3 7 2 5
3 7 3 5
3 7 4 5
3 7 5 5
3 7 6 5
3 7 7 5
3 7 8 5
3 7 9 5
3 7 10 5
3 7 11 5
3 7 12 1
4 7 -14 0
4 7 -13 5
4 7 -12 5
4 7 -11 5
4 7 -10 5
4 7 -9 5
4 7 -8 5
4 7 -7 5
4 7 -6 5
4 7 -5 5
4 7 -4 5
4 7 -3 5
4 7 -2 5
4 7 -1 5
4 7 0 5
4 7 1 5
4 7 2 5
4 7 3 5
4 7 4 5
4 7 5 5
4 7 6 5
4 7 7 5
4 7 8 5
4 7 9 5
4 7 10 5
4 7 11 5
4 7 12 0
5 7 -14 2
5 7 -13 5
5 7 -12 5
5 7 -11 5
5 7 -10 5
5 7 -9 5
5 7 -8 5
5 7 -7 5
5 7 -6 5
5 7 -5 5
5 7 -4 5
5 7 -3 5
5 7 -2 5
5 7 -1 5
5 7 0 5
5 7 1 5
5 7 2 5
5 7 3 5
5 7 4 5
5 7 5 5
5 7 6 5
5 7 7 5
5 7 8 5
5 7 9 5
5 7 10 5
5 7 11 5
5 7 12 0
6 7 -14 0
6 7 -13 5
6 7 -12 5
6 7 -11 5
6 7 -10 5
6 7 -9 5
6 7 -8 5
6 7 -7 5
6 7 -6 5
6 7 -5 5
6 7 -4 5
6 7 -3 5
6 7 -2 5
6 7 -1 5
6 7 0 5
6 7 1 5
6 7 2 5
6 7 3 5
6 7 4 5
6 7 5 5
6 7 6 5
6 7 7 5
6 7 8 5
6 7 9 5
6 7 10 5
6 7 11 5
6 7 12 1
7 7 -14 2
7 7 -13 0
7 7 -12 1
7 7 -11 0
7 7 -10 21
7 7 -9 3
7 7 -8 0
7 7 -7 0
7 7 -6 21
7 7 -5 0
7 7 -4 0
7 7 -3 1
7 7 -2 21
7 7 -1 0
7 7 0 0
7 7 1 0
7 7 2 21
7 7 3 0
7 7 4 0
7 7 5 0
7 7 6 21
7 7 7 3
7 7 8 0
7 7 9 0
7 7 10 21
7 7 11 3
7 7 12 0
8 7 -12 0
8 7 -8 0
8 7 -4 0
8 7 0 0
8 7 4 1
8 7 8 3
-8 8 -12 2
-8 8 -8 0
-8 8 -4 1
-8 8 0 0
-8 8 4 0
-8 8 8 2
-7 8 -14 0
-7 8 -13 0
-7 8 -12 0
-7 8 -11 0
-7 8 -10 21
-7 8 -9 0
-7 8 -8 2
-7 8 -7 0
-7 8 -6 21
-7 8 -5 0
-7 8 -4 3
-7 8 -3 0
-7 8 -2 21
-7 8 -1 0
-7 8 0 0
-7 8 1 0
-7 8 2 21
-7 8 3 0
-7 8 4 0
-7 8 5 3
-7 8 6 21
-7 8 7 0
-7 8 8 0
-7 8 9 0
-7 8 10 21
-7 8 11 1
-7 8 12 0
-6 8 -14 3
-6 8 -13 5
-6 8 -12 5
-6 8 -11 5
-6 8 -10 5
-6 8 -9 5
-6 8 -8 5
-6 8 -7 5
-6 8 -6 5
-6 8 -5 5
-6 8 -4 5
-6 8 -3 5
-6 8 -2 5
-6 8 -1 5
-6 8 0 5
-6 8 1 5
-6 8 2 5
-6 8 3 5
-6 8 4 5
-6 8 5 5
-6 8 6 5
-6 8 7 5
-6 8 8 5
-6 8 9 5
-6 8 10 5
-6 8 11 5
-6 8 12 0
-5 8 -14 0
-5 8 -13 5
-5 8 -12 5
-5 8 -11 5
-5 8 -10 5
-5 8 -9 5
-5 8 -8 5
-5 8 -7 5
-5 8 -6 5
-5 8 -5 5
-5 8 -4 5
-5 8 -3 5
-5 8 -2 5
-5 8 -1 5
-5 8 0 5
-5 8 1 5
-5 8 2 5
-5 8 3 5
-5 8 4 5
-5 8 5 5
-5 8 6 5
-5 8 7 5
-5 8 8 5
-5 8 9 5
-5 8 10 5
-5 8 11 5
-5 8 12 0
-4 8 -14 3
-4 8 -13 5
-4 8 -12 5
-4 8 -11 5
-4 8 -10 5
-4 8 -9 5
-4 8 -8 5
-4 8 -7 5
-4 8 -6 5
-4 8 -5 5
-4 8 -4 5
-4 8 -3 5
-4 8 -2 5
-4 8 -1 5
-4 8 0 5
-4 8 1 5
-4 8 2 5
-4 8 3 5
-4 8 4 5
-4 8 5 5
-4 8 6 5
-4 8 7 5
-4 8 8 5
-4 8 9 5
-4 8 10 5
-4 8 11 5
-4 8 12 0
-3 8 -14 2
-3 8 -13 5
-3 8 -12 5
-3 8 -11 5
-3 8 -10 5
-3 8 -9 5
-3 8 -8 5
-3 8 -7 5
-3 8 -6 5
-3 8 -5 5
-3 8 -4 5
-3 8 -3 5
-3 8 -2 5
-3 8 -1 5
-3 8 0 5
-3 8 1 5
-3 8 2 5
-3 8 3 5
-3 8 4 5
-3 8 5 5
-3 8 6 5
-3 8 7 5
-3 8 8 5
-3 8 9 5
-3 8 10 5
-3 8 11 5
-3 8 12 3
-2 8 -14 0
-2 8 -13 5
-2 8 -12 5
-2 8 -11 5
-2 8 -10 5
-2 8 -9 5
-2 8 -8 5
-2 8 -7 5
-2 8 -6 5
-2 8 -5 5
-2 8 -4 5
-2 8 -3 5
-2 8 -2 5
-2 8 -1 5
-2 8 0 5
-2 8 1 5
-2 8 2 5
-2 8 3 5
-2 8 4 5
-2 8 5 5
-2 8 6 5
-2 8 7 5
-2 8 8 5
-2 8 9 4
-2 8 10 0
-2 8 11 0
-2 8 12 3
-2 8 13 4
-1 8 -14 25
-1 8 -13 5
-1 8 -12 5
-1 8 -11 5
-1 8 -10 5
-1 8 -9 5
-1 8 -8 5
-1 8 -7 5
-1 8 -6 5
-1 8 -5 5
-1 8 -4 5
-1 8 -3 5
-1 8 -2 5
-1 8 -1 5
-1 8 0 5
-1 8 1 5
-1 8 2 5
-1 8 3 5
-1 8 4 5
-1 8 5 5
-1 8 6 5
-1 8 7 5
-1 8 8 5
-1 8 9 3
-1 8 10 5
-1 8 11 5
-1 8 12 5
-1 8 13 0
0 8 -14 26
0 8 -13 5
0 8 -12 5
0 8 -11 5
0 8 -10 5
0 8 -9 5
0 8 -8 5
0 8 -7 5
0 8 -6 5
0 8 -5 5
0 8 -4 5
0 8 -3 5
0 8 -2 5
0 8 -1 5
0 8 0 5
0 8 1 5
0 8 2 5
0 8 3 5
0 8 4 5
0 8 5 5
0 8 6 5
0 8 7 5
0 8 8 5
0 8 9 0
0 8 10 5
0 8 11 5
0 8 12 5
0 8 13 0
1 8 -14 25
1 8 -13 5
1 8 -12 5
1 8 -11 5
1 8 -10 5
1 8 -9 5
1 8 -8 5
1 8 -7 5
1 8 -6 5
1 8 -5 5
1 8 -4 5
1 8 -3 5
1 8 -2 5
1 8 -1 5
1 8 0 5
1 8 1 5
1 8 2 5
1 8 3 5
1 8 4 5
1 8 5 5
1 8 6 5
1 8 7 5
1 8 8 5
1 8 9 0
1 8 10 5
1 8 11 5
1 8 12 5
1 8 13 3
2 8 -14 0
2 8 -13 5
2 8 -12 5
2 8 -11 5
2 8 -10 5
2 8 -9 5
2 8 -8 5
2 8 -7 5
2 8 -6 5
2 8 -5 5
2 8 -4 5
2 8 -3 5
2 8 -2 5
2 8 -1 5
2 8 0 5
2 8 1 5
2 8 2 5
2 8 3 5
2 8 4 5
2 8 5 5
2 8 6 5
2 8 7 5
2 8 8 5
2 8 9 4
2 8 10 0
2 8 11 0
2 8 12 0
2 8 13 4
3 8 -14 0
3 8 -13 5
3 8 -12 5
3 8 -11 5
3 8 -10 5
3 8 -9 5
3 8 -8 5
3 8 -7 5
3 8 -6 5
3 8 -5 5
3 8 -4 5
3 8 -3 5
3 8 -2 5
3 8 -1 5
3 8 0 5
3 8 1 5
3 8 2 5
3 8 3 5
3 8 4 5
3 8 5 5
3 8 6 5
3 8 7 5
3 8 8 5
3 8 9 5
3 8 10 5
3 8 11 5
3 8 12 0
4 8 -14 0
4 8 -13 5
4 8 -12 5
4 8 -11 5
4 8 -10 5
4 8 -9 5
4 8 -8 5
4 8 -7 5
4 8 -6 5
4 8 -5 5
4 8 -4 5
4 8 -3 5
4 8 -2 5
4 8 -1 5
4 8 0 5
4 8 1 5
4 8 2 5
4 8 3 5
4 8 4 5
4 8 5 5
4 8 6 5
4 8 7 5
4 8 8 5
4 8 9 5
4 8 10 5
4 8 11 5
4 8 12 2
5 8 -14 0
5 8 -13 5
5 8 -12 5
5 8 -11 5
5 8 -10 5
5 8 -9 5
5 8 -8 5
5 8 -7 5
5 8 -6 5
5 8 -5 5
5 8 -4 5
5 8 -3 5
5 8 -2 5
5 8 -1 5
5 8 0 5
5 8 1 5
5 8 2 5
5 8 3 5
5 8 4 5
5 8 5 5
5 8 6 5
5 8 7 5
5 8 8 5
5 8 9 5
5 8 10 5
5 8 11 5
5 8 12 1
6 8 -14 2
6 8 -13 5
6 8 -12 5
6 8 -11 5
6 8 -10 5
6 8 -9 5
6 8 -8 5
6 8 -7 5
6 8 -6 5
6 8 -5 5
6 8 -4 5
6 8 -3 5
6 8 -2 5
6 8 -1 5
6 8 0 5
6 8 1 5
6 8 2 5
6 8 3 5
6 8 4 5
6 8 5 5
6 8 6 5
6 8 7 5
6 8 8 5
6 8 9 5
6 8 10 5
6 8 11 5
6 8 12 0
7 8 -14 0
7 8 -13 1
7 8 -12 1
7 8 -11 1
7 8 -10 21
7 8 -9 0
7 8 -8 0
7 8 -7 0
7 8 -6 21
7 8 -5 3
7 8 -4 0
7 8 -3 0
7 8 -2 21
7 8 -1 0
7 8 0 3
7 8 1 0
7 8 2 21
7 8 3 0
7 8 4 2
7 8 5 0
7 8 6 21
7 8 7 0
7 8 8 0
7 8 9 0
7 8 10 21
7 8 11 0
7 8 12 0
8 8 -12 2
8 8 -8 2
8 8 -4 0
8 8 0 0
8 8 4 1
8 8 8 0
-8 9 -12 0
-8 9 -8 0
-8 9 -4 0
-8 9 0 0
-8 9 4 0
-8 9 8 3
-7 9 -14 0
-7 9 -13 0
-7 9 -12 0
-7 9 -11 0
-7 9 -10 20
-7 9 -9 3
-7 9 -8 2
-7 9 -7 0
-7 9 -6 20
-7 9 -5 1
-7 9 -4 3
-7 9 -3 0
-7 9 -2 20
-7 9 -1 3
-7 9 0 0
-7 9 1 0
-7 9 2 20
-7 9 3 0
-7 9 4 0
-7 9 5 3
-7 9 6 20
-7 9 7 3
-7 9 8 1
-7 9 9 0
-7 9 10 20
-7 9 11 0
-7 9 12 3
-6 9 -14 3
-6 9 -13 5
-6 9 -12 5
-6 9 -11 5
-6 9 -10 5
-6 9 -9 5
-6 9 -8 5
-6 9 -7 5
-6 9 -6 5
-6 9 -5 5
-6 9 -4 5
-6 9 -3 5
-6 9 -2 5
-6 9 -1 5
-6 9 0 5
-6 9 1 5
-6 9 2 5
-6 9 3 5
-6 9 4 5
-6 9 5 5
-6 9 6 5
-6 9 7 5
-6 9 8 5
-6 9 9 5
-6 9 10 5
-6 9 11 5
-6 9 12 3
-5 9 -14 0
-5 9 -13 5
-5 9 -12 5
-5 9 -11 5
-5 9 -10 5
-5 9 -9 5
-5 9 -8 5
-5 9 -7 5
-5 9 -6 5
-5 9 -5 5
-5 9 -4 5
-5 9 -3 5
-5 9 -2 5
-5 9 -1 5
-5 9 0 5
-5 9 1 5
-5 9 2 5
-5 9 3 5
-5 9 4 5
-5 9 5 5
-5 9 6 5
-5 9 7 5
-5 9 8 5
-5 9 9 5
-5 9 10 5
-5 9 11 5
-5 9 12 0
-4 9 -14 0
-4 9 -13 5
-4 9 -12 5
-4 9 -11 5
-4 9 -10 5
-4 9 -9 5
-4 9 -8 5
-4 9 -7 5
-4 9 -6 5
-4 9 -5 5
-4 9 -4 5
-4 9 -3 5
-4 9 -2 5
-4 9 -1 5
-4 9 0 5
-4 9 1 5
-4 9 2 5
-4 9 3 5
-4 9 4 5
-4 9 5 5
-4 9 6 5
-4 9 7 5
-4 9 8 5
-4 9 9 5
-4 9 10 5
-4 9 11 5
-4 9 12 1
-3 9 -14 2
-3 9 -13 5
-3 9 -12 5
-3 9 -11 5
-3 9 -10 5
-3 9 -9 5
-3 9 -8 5
-3 9 -7 5
-3 9 -6 5
-3 9 -5 5
-3 9 -4 5
-3 9 -3 5
-3 9 -2 5
-3 9 -1 5
-3 9 0 5
-3 9 1 5
-3 9 2 5
-3 9 3 5
-3 9 4 5
-3 9 5 5
-3 9 6 5
-3 9 7 5
-3 9 8 5
-3 9 9 5
-3 9 10 5
-3 9 11 5
-3 9 12 1
-2 9 -14 25
-2 9 -13 5
-2 9 -12 5
-2 9 -11 5
-2 9 -10 5
-2 9 -9 5
-2 9 -8 5
-2 9 -7 5
-2 9 -6 5
-2 9 -5 5
-2 9 -4 5
-2 9 -3 5
-2 9 -2 5
-2 9 -1 5
-2 9 0 5
-2 9 1 5
-2 9 2 5
-2 9 3 5
-2 9 4 5
-2 9 5 5
-2 9 6 5
-2 9 7 5
-2 9 8 5
-2 9 9 4
-2 9 10 0
-2 9 11 3
-2 9 12 1
-2 9 13 4
-1 9 -14 26
-1 9 -13 5
-1 9 -12 5
-1 9 -11 5
-1 9 -10 5
-1 9 -9 5
-1 9 -8 5
-1 9 -7 5
-1 9 -6 5
-1 9 -5 5
-1 9 -4 5
-1 9 -3 5
-1 9 -2 5
-1 9 -1 5
-1 9 0 5
-1 9 1 5
-1 9 2 5
-1 9 3 5
-1 9 4 5
-1 9 5 5
-1 9 6 5
-1 9 7 5
-1 9 8 5
-1 9 9 3
-1 9 10 5
-1 9 11 5
-1 9 12 5
-1 9 13 3
0 9 -14 25
0 9 -13 5
0 9 -12 5
0 9 -11 5
0 9 -10 5
0 9 -9 5
0 9 -8 5
0 9 -7 5
0 9 -6 5
0 9 -5 5
0 9 -4 5
0 9 -3 5
0 9 -2 5
0 9 -1 5
0 9 0 5
0 9 1 5
0 9 2 5
0 9 3 5
0 9 4 5
0 9 5 5
0 9 6 5
0 9 7 5
0 9 8 5
0 9 9 0
0 9 10 5
0 9 11 5
0 9 12 5
0 9 13 0
1 9 -14 26
1 9 -13 5
1 9 -12 5
1 9 -11 5
1 9 -10 5
1 9 -9 5
1 9 -8 5
1 9 -7 5
1 9 -6 5
1 9 -5 5
1 9 -4 5
1 9 -3 5
1 9 -2 5
1 9 -1 5
1 9 0 5
1 9 1 5
1 9 2 5
1 9 3 5
1 9 4 5
1 9 5 5
1 9 6 5
1 9 7 5
1 9 8 5
1 9 9 1
1 9 10 5
1 9 11 5
1 9 12 5
1 9 13 0
2 9 -14 25
2 9 -13 5
2 9 -12 5
2 9 -11 5
2 9 -10 5
2 9 -9 5
2 9 -8 5
2 9 -7 5
2 9 -6 5
2 9 -5 5
2 9 -4 5
2 9 -3 5
2 9 -2 5
2 9 -1 5
2 9 0 5
2 9 1 5
2 9 2 5
2 9 3 5
2 9 4 5
2 9 5 5
2 9 6 5
2 9 7 5
2 9 8 5
2 9 9 4
2 9 10 2
2 9 11 0
2 9 12 0
2 9 13 4
3 9 -14 0
3 9 -13 5
3 9 -12 5
3 9 -11 5
3 9 -10 5
3 9 -9 5
3 9 -8 5
3 9 -7 5
3 9 -6 5
3 9 -5 5
3 9 -4 5
3 9 -3 5
3 9 -2 5
3 9 -1 5
3 9 0 5
3 9 1 5
3 9 2 5
3 9 3 5
3 9 4 5
3 9 5 5
3 9 6 5
3 9 7 5
3 9 8 5
3 9 9 5
3 9 10 5
3 9 11 5
3 9 12 0
4 9 -14 1
4 9 -13 5
4 9 -12 5
4 9 -11 5
4 9 -10 5
4 9 -9 5
4 9 -8 5
4 9 -7 5
4 9 -6 5
4 9 -5 5
4 9 -4 5
4 9 -3 5
4 9 -2 5
4 9 -1 5
4 9 0 5
4 9 1 5
4 9 2 5
4 9 3 5
4 9 4 5
4 9 5 5
4 9 6 5
4 9 7 5
4 9 8 5
4 9 9 5
4 9 10 5
4 9 11 5
4 9 12 2
5 9 -14 0
5 9 -13 5
5 9 -12 5
5 9 -11 5
5 9 -10 5
5 9 -9 5
5 9 -8 5
5 9 -7 5
5 9 -6 5
5 9 -5 5
5 9 -4 5
5 9 -3 5
5 9 -2 5
5 9 -1 5
5 9 0 5
5 9 1 5
5 9 2 5
5 9 3 5
5 9 4 5
5 9 5 5
5 9 6 5
5 9 7 5
5 9 8 5
5 9 9 5
5 9 10 5
5 9 11 5
5 9 12 3
6 9 -14 0
6 9 -13 5
6 9 -12 5
6 9 -11 5
6 9 -10 5
6 9 -9 5
6 9 -8 5
6 9 -7 5
6 9 -6 5
6 9 -5 5
6 9 -4 5
6 9 -3 5
6 9 -2 5
6 9 -1 5
6 9 0 5
6 9 1 5
6 9 2 5
6 9 3 5
6 9 4 5
6 9 5 5
6 9 6 5
6 9 7 5
6 9 8 5
6 9 9 5
6 9 10 5
6 9 11 5
6 9 12 0
7 9 -14 0
7 9 -13 1
7 9 -12 2
7 9 -11 0
7 9 -10 20
7 9 -9 0
7 9 -8 0
7 9 -7 3
7 9 -6 20
7 9 -5 3
7 9 -4 3
7 9 -3 0
7 9 -2 20
7 9 -1 0
7 9 0 0
7 9 1 3
7 9 2 20
7 9 3 0
7 9 4 0
7 9 5 1
7 9 6 20
7 9 7 0
7 9 8 0
7 9 9 3
7 9 10 20
7 9 11 0
7 9 12 0
8 9 -12 0
8 9 -8 3
8 9 -4 0
8 9 0 0
8 9 4 0
8 9 8 0
-8 10 -12 0
-8 10 -8 2
-8 10 -4 0
-8 10 0 3
-8 10 4 0
-8 10 8 0
-7 10 -14 3
-7 10 -13 0
-7 10 -12 0
-7 10 -11 0
-7 10 -10 21
-7 10 -9 0
-7 10 -8 0
-7 10 -7 0
-7 10 -6 21
-7 10 -5 2
-7 10 -4 0
-7 10 -3 3
-7 10 -2 21
-7 10 -1 0
-7 10 0 0
-7 10 1 0
-7 10 2 21
-7 10 3 0
-7 10 4 2
-7 10 5 0
-7 10 6 21
-7 10 7 2
-7 10 8 0
-7 10 9 1
-7 10 10 21
-7 10 11 2
-7 10 12 0
-6 10 -14 0
-6 10 -13 5
-6 10 -12 5
-6 10 -11 5
-6 10 -10 5
-6 10 -9 5
-6 10 -8 5
-6 10 -7 5
-6 10 -6 5
-6 10 -5 5
-6 10 -4 5
-6 10 -3 5
-6 10 -2 5
-6 10 -1 5
-6 10 0 5
-6 10 1 5
-6 10 2 5
-6 10 3 5
-6 10 4 5
-6 10 5 5
-6 10 6 5
-6 10 7 5
-6 10 8 5
-6 10 9 5
-6 10 10 5
-6 10 11 5
-6 10 12 0
-5 10 -14 1
-5 10 -13 5
-5 10 -12 5
-5 10 -11 5
-5 10 -10 5
-5 10 -9 5
-5 10 -8 5
-5 10 -7 5
-5 10 -6 5
-5 10 -5 5
-5 10 -4 5
-5 10 -3 5
-5 10 -2 5
-5 10 -1 5
-5 10 0 5
-5 10 1 5
-5 10 2 5
-5 10 3 5
-5 10 4 5
-5 10 5 5
-5 10 6 5
-5 10 7 5
-5 10 8 5
-5 10 9 5
-5 10 10 5
-5 10 11 5
-5 10 12 0
-4 10 -14 0
-4 10 -13 5
-4 10 -12 5
-4 10 -11 5
-4 10 -10 5
-4 10 -9 5
-4 10 -8 5
-4 10 -7 5
-4 10 -6 5
-4 10 -5 5
-4 10 -4 5
-4 10 -3 5
-4 10 -2 5
-4 10 -1 5
-4 10 0 5
-4 10 1 5
-4 10 2 5
-4 10 3 5
-4 10 4 5
-4 10 5 5
-4 10 6 5
-4 10 7 5
-4 10 8 5
-4 10 9 5
-4 10 10 5
-4 10 11 5
-4 10 12 0
-3 10 -14 0
-3 10 -13 5
-3 10 -12 5
-3 10 -11 5
-3 10 -10 5
-3 10 -9 5
-3 10 -8 5
-3 10 -7 5
-3 10 -6 5
-3 10 -5 5
-3 10 -4 5
-3 10 -3 5
-3 10 -2 5
-3 10 -1 5
-3 10 0 5
-3 10 1 5
-3 10 2 5
-3 10 3 5
-3 10 4 5
-3 10 5 5
-3 10 6 5
-3 10 7 5
-3 10 8 5
-3 10 9 5
-3 10 10 5
-3 10 11 5
-3 10 12 0
-2 10 -14 0
-2 10 -13 5
-2 10 -12 5
-2 10 -11 5
-2 10 -10 5
-2 10 -9 5
-2 10 -8 5
-2 10 -7 5
-2 10 -6 5
-2 10 -5 5
-2 10 -4 5
-2 10 -3 5
-2 10 -2 5
-2 10 -1 5
-2 10 0 5
-2 10 1 5
-2 10 2 5
-2 10 3 5
-2 10 4 5
-2 10 5 5
-2 10 6 5
-2 10 7 5
-2 10 8 5
-2 10 9 4
-2 10 10 0
-2 10 11 0
-2 10 12 1
-2 10 13 4
-1 10 -14 25
-1 10 -13 5
-1 10 -12 5
-1 10 -11 5
-1 10 -10 5
-1 10 -9 5
-1 10 -8 5
-1 10 -7 5
-1 10 -6 5
-1 10 -5 5
-1 10 -4 5
-1 10 -3 5
-1 10 -2 5
-1 10 -1 5
-1 10 0 5
-1 10 1 5
-1 10 2 5
-1 10 3 5
-1 10 4 5
-1 10 5 5
-1 10 6 5
-1 10 7 5
-1 10 8 5
-1 10 9 0
-1 10 10 5
-1 10 11 5
-1 10 12 5
-1 10 13 2
0 10 -14 26
0 10 -13 5
0 10 -12 5
0 10 -11 5
0 10 -10 27
0 10 -9 5
0 10 -8 5
0 10 -7 5
0 10 -6 5
0 10 -5 27
0 10 -4 5
0 10 -3 5
0 10 -2 5
0 10 -1 5
0 10 0 27
0 10 1 5
0 10 2 5
0 10 3 5
0 10 4 5
0 10 5 27
0 10 6 5
0 10 7 5
0 10 8 5
0 10 9 0
0 10 10 5
0 10 11 5
0 10 12 5
0 10 13 2
1 10 -14 25
1 10 -13 5
1 10 -12 5
1 10 -11 5
1 10 -10 5
1 10 -9 5
1 10 -8 5
1 10 -7 5
1 10 -6 5
1 10 -5 5
1 10 -4 5
1 10 -3 5
1 10 -2 5
1 10 -1 5
1 10 0 5
1 10 1 5
1 10 2 5
1 10 3 5
1 10 4 5
1 10 5 5
1 10 6 5
1 10 7 5
1 10 8 5
1 10 9 2
1 10 10 5
1 10 11 5
1 10 12 5
1 10 13 0
2 10 -14 1
2 10 -13 5
2 10 -12 5
2 10 -11 5
2 10 -10 5
2 10 -9 5
2 10 -8 5
2 10 -7 5
2 10 -6 5
2 10 -5 5
2 10 -4 5
2 10 -3 5
2 10 -2 5
2 10 -1 5
2 10 0 5
2 10 1 5
2 10 2 5
2 10 3 5
2 10 4 5
2 10 5 5
2 10 6 5
2 10 7 5
2 10 8 5
2 10 9 4
2 10 10 0
2 10 11 0
2 10 12 0
2 10 13 4
3 10 -14 0
3 10 -13 5
3 10 -12 5
3 10 -11 5
3 10 -10 5
3 10 -9 5
3 10 -8 5
3 10 -7 5
3 10 -6 5
3 10 -5 5
3 10 -4 5
3 10 -3 5
3 10 -2 5
3 10 -1 5
3 10 0 5
3 10 1 5
3 10 2 5
3 10 3 5
3 10 4 5
3 10 5 5
3 10 6 5
3 10 7 5
3 10 8 5
3 10 9 5
3 10 10 5
3 10 11 5
3 10 12 1
4 10 -14 0
4 10 -13 5
4 10 -12 5
4 10 -11 5
4 10 -10 5
4 10 -9 5
4 10 -8 5
4 10 -7 5
4 10 -6 5
4 10 -5 5
4 10 -4 5
4 10 -3 5
4 10 -2 5
4 10 -1 5
4 10 0 5
4 10 1 5
4 10 2 5
4 10 3 5
4 10 4 5
4 10 5 5
4 10 6 5
4 10 7 5
4 10 8 5
4 10 9 5
4 10 10 5
4 10 11 5
4 10 12 0
5 10 -14 0
5 10 -13 5
5 10 -12 5
5 10 -11 5
5 10 -10 5
5 10 -9 5
5 10 -8 5
5 10 -7 5
5 10 -6 5
5 10 -5 5
5 10 -4 5
5 10 -3 5
5 10 -2 5
5 10 -1 5
5 10 0 5
5 10 1 5
5 10 2 5
5 10 3 5
5 10 4 5
5 10 5 5
5 10 6 5
5 10 7 5
5 10 8 5
5 10 9 5
5 10 10 5
5 10 11 5
5 10 12 0
6 10 -14 0
6 10 -13 5
6 10 -12 5
6 10 -11 5
6 10 -10 5
6 10 -9 5
6 10 -8 5
6 10 -7 5
6 10 -6 5
6 10 -5 5
6 10 -4 5
6 10 -3 5
6 10 -2 5
6 10 -1 5
6 10 0 5
6 10 1 5
6 10 2 5
6 10 3 5
6 10 4 5
6 10 5 5
6 10 6 5
6 10 7 5
6 10 8 5
6 10 9 5
6 10 10 5
6 10 11 5
6 10 12 0
7 10 -14 2
7 10 -13 0
7 10 -12 0
7 10 -11 2
7 10 -10 21
7 10 -9 1
7 10 -8 2
7 10 -7 2
7 10 -6 21
7 10 -5 0
7 10 -4 1
7 10 -3 0
7 10 -2 21
7 10 -1 0
7 10 0 0
7 10 1 0
7 10 2 21
7 10 3 3
7 10 4 1
7 10 5 2
7 10 6 21
7 10 7 0
7 10 8 2
7 10 9 0
7 10 10 21
7 10 11 0
7 10 12 0
8 10 -12 3
8 10 -8 0
8 10 -4 0
8 10 0 3
8 10 4 2
8 10 8 2
-8 11 -12 28
-8 11 -8 28
-8 11 -4 28
-8 11 0 28
-8 11 4 28
-8 11 8 28
-7 11 -14 0
-7 11 -13 0
-7 11 -12 0
-7 11 -11 0
-7 11 -10 23
-7 11 -9 3
-7 11 -8 0
-7 11 -7 0
-7 11 -6 23
-7 11 -5 2
-7 11 -4 3
-7 11 -3 0
-7 11 -2 23
-7 11 -1 0
-7 11 0 0
-7 11 1 1
-7 11 2 23
-7 11 3 2
-7 11 4 0
-7 11 5 0
-7 11 6 23
-7 11 7 0
-7 11 8 0
-7 11 9 3
-7 11 10 23
-7 11 11 0
-7 11 12 2
-6 11 -14 0
-6 11 -13 5
-6 11 -12 5
-6 11 -11 5
-6 11 -10 5
-6 11 -9 5
-6 11 -8 5
-6 11 -7 5
-6 11 -6 5
-6 11 -5 5
-6 11 -4 5
-6 11 -3 5
-6 11 -2 5
-6 11 -1 5
-6 11 0 5
-6 11 1 5
-6 11 2 5
-6 11 3 5
-6 11 4 5
-6 11 5 5
-6 11 6 5
-6 11 7 5
-6 11 8 5
-6 11 9 5
-6 11 10 5
-6 11 11 5
-6 11 12 0
-5 11 -14 0
-5 11 -13 5
-5 11 -12 5
-5 11 -11 5
-5 11 -10 5
-5 11 -9 5
-5 11 -8 5
-5 11 -7 5
-5 11 -6 5
-5 11 -5 5
-5 11 -4 5
-5 11 -3 5
-5 11 -2 5
-5 11 -1 5
-5 11 0 5
-5 11 1 5
-5 11 2 5
-5 11 3 5
-5 11 4 5
-5 11 5 5
-5 11 6 5
-5 11 7 5
-5 11 8 5
-5 11 9 5
-5 11 10 5
-5 11 11 5
-5 11 12 2
-4 11 -14 0
-4 11 -13 5
-4 11 -12 5
-4 11 -11 5
-4 11 -10 5
-4 11 -9 5
-4 11 -8 5
-4 11 -7 5
-4 11 -6 5
-4 11 -5 5
-4 11 -4 5
-4 11 -3 5
-4 11 -2 5
-4 11 -1 5
-4 11 0 5
-4 11 1 5
-4 11 2 5
-4 11 3 5
-4 11 4 5
-4 11 5 5
-4 11 6 5
-4 11 7 5
-4 11 8 5
-4 11 9 5
-4 11 10 5
-4 11 11 5
-4 11 12 0
-3 11 -14 0
-3 11 -13 5
-3 11 -12 5
-3 11 -11 5
-3 11 -10 5
-3 11 -9 5
-3 11 -8 5
-3 11 -7 5
-3 11 -6 5
-3 11 -5 5
-3 11 -4 5
-3 11 -3 5
-3 11 -2 5
-3 11 -1 5
-3 11 0 5
-3 11 1 5
-3 11 2 5
-3 11 3 5
-3 11 4 5
-3 11 5 5
-3 11 6 5
-3 11 7 5
-3 11 8 5
-3 11 9 5
-3 11 10 5
-3 11 11 5
-3 11 12 2
-2 11 -14 0
-2 11 -13 5
-2 11 -12 5
-2 11 -11 5
-2 11 -10 5
-2 11 -9 5
-2 11 -8 5
-2 11 -7 5
-2 11 -6 5
-2 11 -5 5
-2 11 -4 5
-2 11 -3 5
-2 11 -2 5
-2 11 -1 5
-2 11 0 5
-2 11 1 5
-2 11 2 5
-2 11 3 5
-2 11 4 5
-2 11 5 5
-2 11 6 5
-2 11 7 5
-2 11 8 5
-2 11 9 4
-2 11 10 0
-2 11 11 2
-2 11 12 3
-2 11 13 4
-1 11 -14 0
-1 11 -13 5
-1 11 -12 5
-1 11 -11 5
-1 11 -10 5
-1 11 -9 5
-1 11 -8 5
-1 11 -7 5
-1 11 -6 5
-1 11 -5 5
-1 11 -4 5
-1 11 -3 5
-1 11 -2 5
-1 11 -1 5
-1 11 0 5
-1 11 1 5
-1 11 2 5
-1 11 3 5
-1 11 4 5
-1 11 5 5
-1 11 6 5
-1 11 7 5
-1 11 8 5
-1 11 9 0
-1 11 10 5
-1 11 11 5
-1 11 12 5
-1 11 13 3
0 11 -14 25
0 11 -13 5
0 11 -12 5
0 11 -11 5
0 11 -10 29
0 11 -9 5
0 11 -8 5
0 11 -7 5
0 11 -6 5
0 11 -5 29
0 11 -4 5
0 11 -3 5
0 11 -2 5
0 11 -1 5
0 11 0 29
0 11 1 5
0 11 2 5
0 11 3 5
0 11 4 5
0 11 5 29
0 11 6 5
0 11 7 5
0 11 8 5
0 11 9 0
0 11 10 5
0 11 11 5
0 11 12 5
0 11 13 0
1 11 -14 0
1 11 -13 5
1 11 -12 5
1 11 -11 5
1 11 -10 5
1 11 -9 5
1 11 -8 5
1 11 -7 5
1 11 -6 5
1 11 -5 5
1 11 -4 5
1 11 -3 5
1 11 -2 5
1 11 -1 5
1 11 0 5
1 11 1 5
1 11 2 5
1 11 3 5
1 11 4 5
1 11 5 5
1 11 6 5
1 11 7 5
1 11 8 5
1 11 9 0
1 11 10 5
1 11 11 5
1 11 12 5
1 11 13 3
2 11 -14 1
2 11 -13 5
2 11 -12 5
2 11 -11 5
2 11 -10 5
2 11 -9 5
2 11 -8 5
2 11 -7 5
2 11 -6 5
2 11 -5 5
2 11 -4 5
2 11 -3 5
2 11 -2 5
2 11 -1 5
2 11 0 5
2 11 1 5
2 11 2 5
2 11 3 5
2 11 4 5
2 11 5 5
2 11 6 5
2 11 7 5
2 11 8 5
2 11 9 4
2 11 10 3
2 11 11 0
2 11 12 0
2 11 13 4
3 11 -14 0
3 11 -13 5
3 11 -12 5
3 11 -11 5
3 11 -10 5
3 11 -9 5
3 11 -8 5
3 11 -7 5
3 11 -6 5
3 11 -5 5
3 11 -4 5
3 11 -3 5
3 11 -2 5
3 11 -1 5
3 11 0 5
3 11 1 5
3 11 2 5
3 11 3 5
3 11 4 5
3 11 5 5
3 11 6 5
3 11 7 5
3 11 8 5
3 11 9 5
3 11 10 5
3 11 11 5
3 11 12 0
4 11 -14 0
4 11 -13 5
4 11 -12 5
4 11 -11 5
4 11 -10 5
4 11 -9 5
4 11 -8 5
4 11 -7 5
4 11 -6 5
4 11 -5 5
4 11 -4 5
4 11 -3 5
4 11 -2 5
4 11 -1 5
4 11 0 5
4 11 1 5
4 11 2 5
4 11 3 5
4 11 4 5
4 11 5 5
4 11 6 5
4 11 7 5
4 11 8 5
4 11 9 5
4 11 10 5
4 11 11 5
4 11 12 0
5 11 -14 0
5 11 -13 5
5 11 -12 5
5 11 -11 5
5 11 -10 5
5 11 -9 5
5 11 -8 5
5 11 -7 5
5 11 -6 5
5 11 -5 5
5 11 -4 5
5 11 -3 5
5 11 -2 5
5 11 -1 5
5 11 0 5
5 11 1 5
5 11 2 5
5 11 3 5
5 11 4 5
5 11 5 5
5 11 6 5
5 11 7 5
5 11 8 5
5 11 9 5
5 11 10 5
5 11 11 5
5 11 12 0
6 11 -14 1
6 11 -13 5
6 11 -12 5
6 11 -11 5
6 11 -10 5
6 11 -9 5
6 11 -8 5
6 11 -7 5
6 11 -6 5
6 11 -5 5
6 11 -4 5
6 11 -3 5
6 11 -2 5
6 11 -1 5
6 11 0 5
6 11 1 5
6 11 2 5
6 11 3 5
6 11 4 5
6 11 5 5
6 11 6 5
6 11 7 5
6 11 8 5
6 11 9 5
6 11 10 5
6 11 11 5
6 11 12 3
7 11 -14 0
7 11 -13 0
7 11 -12 3
7 11 -11 0
7 11 -10 23
7 11 -9 3
7 11 -8 0
7 11 -7 0
7 11 -6 23
7 11 -5 0
7 11 -4 0
7 11 -3 2
7 11 -2 23
7 11 -1 1
7 11 0 0
7 11 1 0
7 11 2 23
7 11 3 0
7 11 4 0
7 11 5 2
7 11 6 23
7 11 7 0
7 11 8 0
7 11 9 3
7 11 10 23
7 11 11 0
7 11 12 0
8 11 -12 30
8 11 -8 30
8 11 -4 30
8 11 0 30
8 11 4 30
8 11 8 30
-8 12 -15 31
-8 12 -14 31
-8 12 -13 31
-8 12 -12 31
-8 12 -11 31
-8 12 -10 31
-8 12 -9 31
-8 12 -8 31
-8 12 -7 31
-8 12 -6 31
-8 12 -5 31
-8 12 -4 31
-8 12 -3 31
-8 12 -2 31
-8 12 -1 31
-8 12 0 31
-8 12 1 31
-8 12 2 31
-8 12 3 31
-8 12 4 31
-8 12 5 31
-8 12 6 31
-8 12 7 31
-8 12 8 31
-8 12 9 31
-8 12 10 31
-8 12 11 31
-8 12 12 31
-8 12 13 31
-7 12 -14 0
-7 12 -13 2
-7 12 -12 0
-7 12 -11 2
-7 12 -10 3
-7 12 -9 0
-7 12 -8 0
-7 12 -7 2
-7 12 -6 3
-7 12 -5 0
-7 12 -4 0
-7 12 -3 0
-7 12 -2 0
-7 12 -1 0
-7 12 0 3
-7 12 1 0
-7 12 2 3
-7 12 3 0
-7 12 4 2
-7 12 5 0
-7 12 6 0
-7 12 7 3
-7 12 8 3
-7 12 9 1
-7 12 10 2
-7 12 11 2
-7 12 12 2
-6 12 -14 0
-6 12 -13 5
-6 12 -12 5
-6 12 -11 5
-6 12 -10 5
-6 12 -9 5
-6 12 -8 5
-6 12 -7 5
-6 12 -6 5
-6 12 -5 5
-6 12 -4 5
-6 12 -3 5
-6 12 -2 5
-6 12 -1 5
-6 12 0 5
-6 12 1 5
-6 12 2 5
-6 12 3 5
-6 12 4 5
-6 12 5 5
-6 12 6 5
-6 12 7 5
-6 12 8 5
-6 12 9 5
-6 12 10 5
-6 12 11 5
-6 12 12 1
-5 12 -14 0
-5 12 -13 5
-5 12 -12 5
-5 12 -11 5
-5 12 -10 5
-5 12 -9 5
-5 12 -8 5
-5 12 -7 5
-5 12 -6 5
-5 12 -5 5
-5 12 -4 5
-5 12 -3 5
-5 12 -2 5
-5 12 -1 5
-5 12 0 5
-5 12 1 5
-5 12 2 5
-5 12 3 5
-5 12 4 5
-5 12 5 5
-5 12 6 5
-5 12 7 5
-5 12 8 5
-5 12 9 5
-5 12 10 5
-5 12 11 5
-5 12 12 0
-4 12 -14 2
-4 12 -13 5
-4 12 -12 5
-4 12 -11 5
-4 12 -10 5
-4 12 -9 5
-4 12 -8 5
-4 12 -7 5
-4 12 -6 5
-4 12 -5 5
-4 12 -4 5
-4 12 -3 5
-4 12 -2 5
-4 12 -1 5
-4 12 0 5
-4 12 1 5
-4 12 2 5
-4 12 3 5
-4 12 4 5
-4 12 5 5
-4 12 6 5
-4 12 7 5
-4 12 8 5
-4 12 9 5
-4 12 10 5
-4 12 11 5
-4 12 12 0
-3 12 -14 2
-3 12 -13 5
-3 12 -12 5
-3 12 -11 5
-3 12 -10 5
-3 12 -9 5
-3 12 -8 5
-3 12 -7 5
-3 12 -6 5
-3 12 -5 5
-3 12 -4 5
-3 12 -3 5
-3 12 -2 5
-3 12 -1 5
-3 12 0 5
-3 12 1 5
-3 12 2 5
-3 12 3 5
-3 12 4 5
-3 12 5 5
-3 12 6 5
-3 12 7 5
-3 12 8 5
-3 12 9 5
-3 12 10 5
-3 12 11 5
-3 12 12 0
-2 12 -14 0
-2 12 -13 5
-2 12 -12 5
-2 12 -11 5
-2 12 -10 5
-2 12 -9 5
-2 12 -8 5
-2 12 -7 5
-2 12 -6 5
-2 12 -5 5
-2 12 -4 5
-2 12 -3 5
-2 12 -2 5
-2 12 -1 5
-2 12 0 5
-2 12 1 5
-2 12 2 5
-2 12 3 5
-2 12 4 5
-2 12 5 5
-2 12 6 5
-2 12 7 5
-2 12 8 5
-2 12 9 4
-2 12 10 1
-2 12 11 1
-2 12 12 3
-2 12 13 4
-1 12 -14 0
-1 12 -13 5
-1 12 -12 5
-1 12 -11 5
-1 12 -10 5
-1 12 -9 5
-1 12 -8 5
-1 12 -7 5
-1 12 -6 5
-1 12 -5 5
-1 12 -4 5
-1 12 -3 5
-1 12 -2 5
-1 12 -1 5
-1 12 0 5
-1 12 1 5
-1 12 2 5
-1 12 3 5
-1 12 4 5
-1 12 5 5
-1 12 6 5
-1 12 7 5
-1 12 8 5
-1 12 9 0
-1 12 10 5
-1 12 11 5
-1 12 12 5
-1 12 13 0
0 12 -14 2
0 12 -13 5
0 12 -12 5
0 12 -11 5
0 12 -10 29
0 12 -9 5
0 12 -8 5
0 12 -7 5
0 12 -6 5
0 12 -5 29
0 12 -4 5
0 12 -3 5
0 12 -2 5
0 12 -1 5
0 12 0 29
0 12 1 5
0 12 2 5
0 12 3 5
0 12 4 5
0 12 5 29
0 12 6 5
0 12 7 5
0 12 8 5
0 12 9 1
0 12 10 5
0 12 11 5
0 12 12 5
0 12 13 0
1 12 -14 0
1 12 -13 5
1 12 -12 5
1 12 -11 5
1 12 -10 5
1 12 -9 5
1 12 -8 5
1 12 -7 5
1 12 -6 5
1 12 -5 5
1 12 -4 5
1 12 -3 5
1 12 -2 5
1 12 -1 5
1 12 0 5
1 12 1 5
1 12 2 5
1 12 3 5
1 12 4 5
1 12 5 5
1 12 6 5
1 12 7 5
1 12 8 5
1 12 9 1
1 12 10 5
1 12 11 5
1 12 12 5
1 12 13 0
2 12 -14 0
2 12 -13 5
2 12 -12 5
2 12 -11 5
2 12 -10 5
2 12 -9 5
2 12 -8 5
2 12 -7 5
2 12 -6 5
2 12 -5 5
2 12 -4 5
2 12 -3 5
2 12 -2 5
2 12 -1 5
2 12 0 5
2 12 1 5
2 12 2 5
2 12 3 5
2 12 4 5
2 12 5 5
2 12 6 5
2 12 7 5
2 12 8 5
2 12 9 4
2 12 10 2
2 12 11 1
2 12 12 0
2 12 13 4
3 12 -14 0
3 12 -13 5
3 12 -12 5
3 12 -11 5
3 12 -10 5
3 12 -9 5
3 12 -8 5
3 12 -7 5
3 12 -6 5
3 12 -5 5
3 12 -4 5
3 12 -3 5
3 12 -2 5
3 12 -1 5
3 12 0 5
3 12 1 5
3 12 2 5
3 12 3 5
3 12 4 5
3 12 5 5
3 12 6 5
3 12 7 5
3 12 8 5
3 12 9 5
3 12 10 5
3 12 11 5
3 12 12 0
4 12 -14 3
4 12 -13 5
4 12 -12 5
4 12 -11 5
4 12 -10 5
4 12 -9 5
4 12 -8 5
4 12 -7 5
4 12 -6 5
4 12 -5 5
4 12 -4 5
4 12 -3 5
4 12 -2 5
4 12 -1 5
4 12 0 5
4 12 1 5
4 12 2 5
4 12 3 5
4 12 4 5
4 12 5 5
4 12 6 5
4 12 7 5
4 12 8 5
4 12 9 5
4 12 10 5
4 12 11 5
4 12 12 0
5 12 -14 3
5 12 -13 5
5 12 -12 5
5 12 -11 5
5 12 -10 5
5 12 -9 5
5 12 -8 5
5 12 -7 5
5 12 -6 5
5 12 -5 5
5 12 -4 5
5 12 -3 5
5 12 -2 5
5 12 -1 5
5 12 0 5
5 12 1 5
5 12 2 5
5 12 3 5
5 12 4 5
5 12 5 5
5 12 6 5
5 12 7 5
5 12 8 5
5 12 9 5
5 12 10 5
5 12 11 5
5 12 12 2
6 12 -14 0
6 12 -13 5
6 12 -12 5
6 12 -11 5
6 12 -10 5
6 12 -9 5
6 12 -8 5
6 12 -7 5
6 12 -6 5
6 12 -5 5
6 12 -4 5
6 12 -3 5
6 12 -2 5
6 12 -1 5
6 12 0 5
6 12 1 5
6 12 2 5
6 12 3 5
6 12 4 5
6 12 5 5
6 12 6 5
6 12 7 5
6 12 8 5
6 12 9 5
6 12 10 5
6 12 11 5
6 12 12 0
7 12 -14 1
7 12 -13 0
7 12 -12 3
7 12 -11 2
7 12 -10 3
7 12 -9 1
7 12 -8 0
7 12 -7 3
7 12 -6 0
7 12 -5 0
7 12 -4 0
7 12 -3 0
7 12 -2 2
7 12 -1 0
7 12 0 2
7 12 1 0
7 12 2 0
7 12 3 0
7 12 4 2
7 12 5 0
7 12 6 0
7 12 7 2
7 12 8 0
7 12 9 0
7 12 10 2
7 12 11 2
7 12 12 2
8 12 -15 32
8 12 -14 32
8 12 -13 32
8 12 -12 32
8 12 -11 32
8 12 -10 32
8 12 -9 32
8 12 -8 32
8 12 -7 32
8 12 -6 32
8 12 -5 32
8 12 -4 32
8 12 -3 32
8 12 -2 32
8 12 -1 32
8 12 0 32
8 12 1 32
8 12 2 32
8 12 3 32
8 12 4 32
8 12 5 32
8 12 6 32
8 12 7 32
8 12 8 32
8 12 9 32
8 12 10 32
8 12 11 32
8 12 12 32
8 12 13 32
-7 13 -15 31
-7 13 -14 31
-7 13 -13 31
-7 13 -12 31
-7 13 -11 31
-7 13 -10 31
-7 13 -9 31
-7 13 -8 31
-7 13 -7 31
-7 13 -6 31
-7 13 -5 31
-7 13 -4 31
-7 13 -3 31
-7 13 -2 31
-7 13 -1 31
-7 13 0 31
-7 13 1 31
-7 13 2 31
-7 13 3 31
-7 13 4 31
-7 13 5 31
-7 13 6 31
-7 13 7 31
-7 13 8 31
-7 13 9 31
-7 13 10 31
-7 13 11 31
-7 13 12 31
-7 13 13 31
-6 13 -14 2
-6 13 12 1
-5 13 -14 0
-5 13 -13 5
-5 13 -12 5
-5 13 -11 5
-5 13 -10 5
-5 13 -9 5
-5 13 -8 5
-5 13 -7 5
-5 13 -6 5
-5 13 -5 5
-5 13 -4 5
-5 13 -3 5
-5 13 -2 5
-5 13 -1 5
-5 13 0 5
-5 13 1 5
-5 13 2 5
-5 13 3 5
-5 13 4 5
-5 13 5 5
-5 13 6 5
-5 13 7 5
-5 13 8 5
-5 13 9 5
-5 13 10 5
-5 13 11 5
-5 13 12 1
-4 13 -14 3
-4 13 -13 5
-4 13 -12 5
-4 13 -11 5
-4 13 -10 5
-4 13 -9 5
-4 13 -8 5
-4 13 -7 5
-4 13 -6 5
-4 13 -5 5
-4 13 -4 5
-4 13 -3 5
-4 13 -2 5
-4 13 -1 5
-4 13 0 5
-4 13 1 5
-4 13 2 5
-4 13 3 5
-4 13 4 5
-4 13 5 5
-4 13 6 5
-4 13 7 5
-4 13 8 5
-4 13 9 5
-4 13 10 5
-4 13 11 5
-4 13 12 0
-3 13 -14 0
-3 13 -13 5
-3 13 -12 5
-3 13 -11 5
-3 13 -10 5
-3 13 -9 5
-3 13 -8 5
-3 13 -7 5
-3 13 -6 5
-3 13 -5 5
-3 13 -4 5
-3 13 -3 5
-3 13 -2 5
-3 13 -1 5
-3 13 0 5
-3 13 1 5
-3 13 2 5
-3 13 3 5
-3 13 4 5
-3 13 5 5
-3 13 6 5
-3 13 7 5
-3 13 8 5
-3 13 9 5
-3 13 10 5
-3 13 11 5
-3 13 12 1
-2 13 -14 0
-2 13 -13 5
-2 13 -12 5
-2 13 -11 5
-2 13 -10 5
-2 13 -9 5
-2 13 -8 5
-2 13 -7 5
-2 13 -6 5
-2 13 -5 5
-2 13 -4 5
-2 13 -3 5
-2 13 -2 5
-2 13 -1 5
-2 13 0 5
-2 13 1 5
-2 13 2 5
-2 13 3 5
-2 13 4 5
-2 13 5 5
-2 13 6 5
-2 13 7 5
-2 13 8 5
-2 13 9 4
-2 13 10 0
-2 13 11 0
-2 13 12 3
-2 13 13 4
-1 13 -14 0
-1 13 -13 5
-1 13 -12 5
-1 13 -11 5
-1 13 -10 5
-1 13 -9 5
-1 13 -8 5
-1 13 -7 5
-1 13 -6 5
-1 13 -5 5
-1 13 -4 5
-1 13 -3 5
-1 13 -2 5
-1 13 -1 5
-1 13 0 5
-1 13 1 5
-1 13 2 5
-1 13 3 5
-1 13 4 5
-1 13 5 5
-1 13 6 5
-1 13 7 5
-1 13 8 5
-1 13 9 0
-1 13 10 5
-1 13 11 5
-1 13 12 5
-1 13 13 2
0 13 -14 0
0 13 -13 5
0 13 -12 5
0 13 -11 5
0 13 -10 29
0 13 -9 5
0 13 -8 5
0 13 -7 5
0 13 -6 5
0 13 -5 29
0 13 -4 5
0 13 -3 5
0 13 -2 5
0 13 -1 5
0 13 0 29
0 13 1 5
0 13 2 5
0 13 3 5
0 13 4 5
0 13 5 29
0 13 6 5
0 13 7 5
0 13 8 5
0 13 9 0
0 13 10 5
0 13 11 5
0 13 12 5
0 13 13 0
1 13 -14 2
1 13 -13 5
1 13 -12 5
1 13 -11 5
1 13 -10 5
1 13 -9 5
1 13 -8 5
1 13 -7 5
1 13 -6 5
1 13 -5 5
1 13 -4 5
1 13 -3 5
1 13 -2 5
1 13 -1 5
1 13 0 5
1 13 1 5
1 13 2 5
1 13 3 5
1 13 4 5
1 13 5 5
1 13 6 5
1 13 7 5
1 13 8 5
1 13 9 0
1 13 10 5
1 13 11 5
1 13 12 5
1 13 13 0
2 13 -14 0
2 13 -13 5
2 13 -12 5
2 13 -11 5
2 13 -10 5
2 13 -9 5
2 13 -8 5
2 13 -7 5
2 13 -6 5
2 13 -5 5
2 13 -4 5
2 13 -3 5
2 13 -2 5
2 13 -1 5
2 13 0 5
2 13 1 5
2 13 2 5
2 13 3 5
2 13 4 5
2 13 5 5
2 13 6 5
2 13 7 5
2 13 8 5
2 13 9 4
2 13 10 0
2 13 11 0
2 13 12 0
2 13 13 4
3 13 -14 3
3 13 -13 5
3 13 -12 5
3 13 -11 5
3 13 -10 5
3 13 -9 5
3 13 -8 5
3 13 -7 5
3 13 -6 5
3 13 -5 5
3 13 -4 5
3 13 -3 5
3 13 -2 5
3 13 -1 5
3 13 0 5
3 13 1 5
3 13 2 5
3 13 3 5
3 13 4 5
3 13 5 5
3 13 6 5
3 13 7 5
3 13 8 5
3 13 9 5
3 13 10 5
3 13 11 5
3 13 12 0
4 13 -14 3
4 13 -13 5
4 13 -12 5
4 13 -11 5
4 13 -10 5
4 13 -9 5
4 13 -8 5
4 13 -7 5
4 13 -6 5
4 13 -5 5
4 13 -4 5
4 13 -3 5
4 13 -2 5
4 13 -1 5
4 13 0 5
4 13 1 5
4 13 2 5
4 13 3 5
4 13 4 5
4 13 5 5
4 13 6 5
4 13 7 5
4 13 8 5
4 13 9 5
4 13 10 5
4 13 11 5
4 13 12 3
5 13 -14 0
5 13 -13 5
5 13 -12 5
5 13 -11 5
5 13 -10 5
5 13 -9 5
5 13 -8 5
5 13 -7 5
5 13 -6 5
5 13 -5 5
5 13 -4 5
5 13 -3 5
5 13 -2 5
5 13 -1 5
5 13 0 5
5 13 1 5
5 13 2 5
5 13 3 5
5 13 4 5
5 13 5 5
5 13 6 5
5 13 7 5
5 13 8 5
5 13 9 5
5 13 10 5
5 13 11 5
5 13 12 0
6 13 -14 0
6 13 12 1
7 13 -15 32
7 13 -14 32
7 13 -13 32
7 13 -12 32
7 13 -11 32
7 13 -10 32
7 13 -9 32
7 13 -8 32
7 13 -7 32
7 13 -6 32
7 13 -5 32
7 13 -4 32
7 13 -3 32
7 13 -2 32
7 13 -1 32
7 13 0 32
7 13 1 32
7 13 2 32
7 13 3 32
7 13 4 32
7 13 5 32
7 13 6 32
7 13 7 32
7 13 8 32
7 13 9 32
7 13 10 32
7 13 11 32
7 13 12 32
7 13 13 32
-6 14 -15 31
-6 14 -14 31
-6 14 -13 31
-6 14 -12 31
-6 14 -11 31
-6 14 -10 31
-6 14 -9 31
-6 14 -8 31
-6 14 -7 31
-6 14 -6 31
-6 14 -5 31
-6 14 -4 31
-6 14 -3 31
-6 14 -2 31
-6 14 -1 31
-6 14 0 31
-6 14 1 31
-6 14 2 31
-6 14 3 31
-6 14 4 31
-6 14 5 31
-6 14 6 31
-6 14 7 31
-6 14 8 31
-6 14 9 31
-6 14 10 31
-6 14 11 31
-6 14 12 31
-6 14 13 31
-5 14 -14 0
-5 14 12 0
-4 14 -14 0
-4 14 -13 5
-4 14 -12 5
-4 14 -11 5
-4 14 -10 5
-4 14 -9 5
-4 14 -8 5
-4 14 -7 5
-4 14 -6 5
-4 14 -5 5
-4 14 -4 5
-4 14 -3 5
-4 14 -2 5
-4 14 -1 5
-4 14 0 5
-4 14 1 5
-4 14 2 5
-4 14 3 5
-4 14 4 5
-4 14 5 5
-4 14 6 5
-4 14 7 5
-4 14 8 5
-4 14 9 5
-4 14 10 5
-4 14 11 5
-4 14 12 3
-3 14 -14 0
-3 14 -13 5
-3 14 -12 5
-3 14 -11 5
-3 14 -10 5
-3 14 -9 5
-3 14 -8 5
-3 14 -7 5
-3 14 -6 5
-3 14 -5 5
-3 14 -4 5
-3 14 -3 5
-3 14 -2 5
-3 14 -1 5
-3 14 0 5
-3 14 1 5
-3 14 2 5
-3 14 3 5
-3 14 4 5
-3 14 5 5
-3 14 6 5
-3 14 7 5
-3 14 8 5
-3 14 9 5
-3 14 10 5
-3 14 11 5
-3 14 12 0
-2 14 -14 2
-2 14 -13 5
-2 14 -12 5
-2 14 -11 5
-2 14 -10 5
-2 14 -9 5
-2 14 -8 5
-2 14 -7 5
-2 14 -6 5
-2 14 -5 5
-2 14 -4 5
-2 14 -3 5
-2 14 -2 5
-2 14 -1 5
-2 14 0 5
-2 14 1 5
-2 14 2 5
-2 14 3 5
-2 14 4 5
-2 14 5 5
-2 14 6 5
-2 14 7 5
-2 14 8 5
-2 14 9 4
-2 14 10 2
-2 14 11 0
-2 14 12 0
-2 14 13 4
-1 14 -14 0
-1 14 -13 5
-1 14 -12 5
-1 14 -11 5
-1 14 -10 5
-1 14 -9 5
-1 14 -8 5
-1 14 -7 5
-1 14 -6 5
-1 14 -5 5
-1 14 -4 5
-1 14 -3 5
-1 14 -2 5
-1 14 -1 5
-1 14 0 5
-1 14 1 5
-1 14 2 5
-1 14 3 5
-1 14 4 5
-1 14 5 5
-1 14 6 5
-1 14 7 5
-1 14 8 5
-1 14 9 3
-1 14 10 5
-1 14 11 5
-1 14 12 5
-1 14 13 0
0 14 -14 0
0 14 -13 5
0 14 -12 5
0 14 -11 5
0 14 -10 29
0 14 -9 5
0 14 -8 5
0 14 -7 5
0 14 -6 5
0 14 -5 29
0 14 -4 5
0 14 -3 5
0 14 -2 5
0 14 -1 5
0 14 0 29
0 14 1 5
0 14 2 5
0 14 3 5
0 14 4 5
0 14 5 29
0 14 6 5
0 14 7 5
0 14 8 5
0 14 9 0
0 14 10 5
0 14 11 5
0 14 12 5
0 14 13 0
1 14 -14 3
1 14 -13 5
1 14 -12 5
1 14 -11 5
1 14 -10 5
1 14 -9 5
1 14 -8 5
1 14 -7 5
1 14 -6 5
1 14 -5 5
1 14 -4 5
1 14 -3 5
1 14 -2 5
1 14 -1 5
1 14 0 5
1 14 1 5
1 14 2 5
1 14 3 5
1 14 4 5
1 14 5 5
1 14 6 5
1 14 7 5
1 14 8 5
1 14 9 0
1 14 10 5
1 14 11 5
1 14 12 5
1 14 13 0
2 14 -14 0
2 14 -13 5
2 14 -12 5
2 14 -11 5
2 14 -10 5
2 14 -9 5
2 14 -8 5
2 14 -7 5
2 14 -6 5
2 14 -5 5
2 14 -4 5
2 14 -3 5
2 14 -2 5
2 14 -1 5
2 14 0 5
2 14 1 5
2 14 2 5
2 14 3 5
2 14 4 5
2 14 5 5
2 14 6 5
2 14 7 5
2 14 8 5
2 14 9 4
2 14 10 1
2 14 11 0
2 14 12 1
2 14 13 4
3 14 -14 0
3 14 -13 5
3 14 -12 5
3 14 -11 5
3 14 -10 5
3 14 -9 5
3 14 -8 5
3 14 -7 5
3 14 -6 5
3 14 -5 5
3 14 -4 5
3 14 -3 5
3 14 -2 5
3 14 -1 5
3 14 0 5
3 14 1 5
3 14 2 5
3 14 3 5
3 14 4 5
3 14 5 5
3 14 6 5
3 14 7 5
3 14 8 5
3 14 9 5
3 14 10 5
3 14 11 5
3 14 12 0
4 14 -14 3
4 14 -13 5
4 14 -12 5
4 14 -11 5
4 14 -10 5
4 14 -9 5
4 14 -8 5
4 14 -7 5
4 14 -6 5
4 14 -5 5
4 14 -4 5
4 14 -3 5
4 14 -2 5
4 14 -1 5
4 14 0 5
4 14 1 5
4 14 2 5
4 14 3 5
4 14 4 5
4 14 5 5
4 14 6 5
4 14 7 5
4 14 8 5
4 14 9 5
4 14 10 5
4 14 11 5
4 14 12 1
5 14 -14 2
5 14 12 0
6 14 -15 32
6 14 -14 32
6 14 -13 32
6 14 -12 32
6 14 -11 32
6 14 -10 32
6 14 -9 32
6 14 -8 32
6 14 -7 32
6 14 -6 32
6 14 -5 32
6 14 -4 32
6 14 -3 32
6 14 -2 32
6 14 -1 32
6 14 0 32
6 14 1 32
6 14 2 32
6 14 3 32
6 14 4 32
6 14 5 32
6 14 6 32
6 14 7 32
6 14 8 32
6 14 9 32
6 14 10 32
6 14 11 32
6 14 12 32
6 14 13 32
-5 15 -15 31
-5 15 -14 31
-5 15 -13 31
-5 15 -12 31
-5 15 -11 31
-5 15 -10 31
-5 15 -9 31
-5 15 -8 31
-5 15 -7 31
-5 15 -6 31
-5 15 -5 31
-5 15 -4 31
-5 15 -3 31
-5 15 -2 31
-5 15 -1 31
-5 15 0 31
-5 15 1 31
-5 15 2 31
-5 15 3 31
-5 15 4 31
-5 15 5 31
-5 15 6 31
-5 15 7 31
-5 15 8 31
-5 15 9 31
-5 15 10 31
-5 15 11 31
-5 15 12 31
-5 15 13 31
-4 15 -14 0
-4 15 12 0
-3 15 -14 0
-3 15 -13 5
-3 15 -12 5
-3 15 -11 5
-3 15 -10 5
-3 15 -9 5
-3 15 -8 5
-3 15 -7 5
-3 15 -6 5
-3 15 -5 5
-3 15 -4 5
-3 15 -3 5
-3 15 -2 5
-3 15 -1 5
-3 15 0 5
-3 15 1 5
-3 15 2 5
-3 15 3 5
-3 15 4 5
-3 15 5 5
-3 15 6 5
-3 15 7 5
-3 15 8 5
-3 15 9 5
-3 15 10 5
-3 15 11 5
-3 15 12 2
-2 15 -14 2
-2 15 -13 5
-2 15 -12 5
-2 15 -11 5
-2 15 -10 5
-2 15 -9 5
-2 15 -8 5
-2 15 -7 5
-2 15 -6 5
-2 15 -5 5
-2 15 -4 5
-2 15 -3 5
-2 15 -2 5
-2 15 -1 5
-2 15 0 5
-2 15 1 5
-2 15 2 5
-2 15 3 5
-2 15 4 5
-2 15 5 5
-2 15 6 5
-2 15 7 5
-2 15 8 5
-2 15 9 4
-2 15 10 0
-2 15 11 3
-2 15 12 3
-2 15 13 4
-1 15 -14 0
-1 15 -13 5
-1 15 -12 5
-1 15 -11 5
-1 15 -10 5
-1 15 -9 5
-1 15 -8 5
-1 15 -7 5
-1 15 -6 5
-1 15 -5 5
-1 15 -4 5
-1 15 -3 5
-1 15 -2 5
-1 15 -1 5
-1 15 0 5
-1 15 1 5
-1 15 2 5
-1 15 3 5
-1 15 4 5
-1 15 5 5
-1 15 6 5
-1 15 7 5
-1 15 8 5
-1 15 9 0
-1 15 10 5
-1 15 11 5
-1 15 12 5
-1 15 13 0
0 15 -14 0
0 15 -13 5
0 15 -12 5
0 15 -11 5
0 15 -10 29
0 15 -9 5
0 15 -8 5
0 15 -7 5
0 15 -6 5
0 15 -5 29
0 15 -4 5
0 15 -3 5
0 15 -2 5
0 15 -1 5
0 15 0 29
0 15 1 5
0 15 2 5
0 15 3 5
0 15 4 5
0 15 5 29
0 15 6 5
0 15 7 5
0 15 8 5
0 15 9 1
0 15 10 5
0 15 11 5
0 15 12 5
0 15 13 0
1 15 -14 3
1 15 -13 5
1 15 -12 5
1 15 -11 5
1 15 -10 5
1 15 -9 5
1 15 -8 5
1 15 -7 5
1 15 -6 5
1 15 -5 5
1 15 -4 5
1 15 -3 5
1 15 -2 5
1 15 -1 5
1 15 0 5
1 15 1 5
1 15 2 5
1 15 3 5
1 15 4 5
1 15 5 5
1 15 6 5
1 15 7 5
1 15 8 5
1 15 9 0
1 15 10 5
1 15 11 5
1 15 12 5
1 15 13 0
2 15 -14 0
2 15 -13 5
2 15 -12 5
2 15 -11 5
2 15 -10 5
2 15 -9 5
2 15 -8 5
2 15 -7 5
2 15 -6 5
2 15 -5 5
2 15 -4 5
2 15 -3 5
2 15 -2 5
2 15 -1 5
2 15 0 5
2 15 1 5
2 15 2 5
2 15 3 5
2 15 4 5
2 15 5 5
2 15 6 5
2 15 7 5
2 15 8 5
2 15 9 4
2 15 10 3
2 15 11 0
2 15 12 0
2 15 13 4
3 15 -14 0
3 15 -13 5
3 15 -12 5
3 15 -11 5
3 15 -10 5
3 15 -9 5
3 15 -8 5
3 15 -7 5
3 15 -6 5
3 15 -5 5
3 15 -4 5
3 15 -3 5
3 15 -2 5
3 15 -1 5
3 15 0 5
3 15 1 5
3 15 2 5
3 15 3 5
3 15 4 5
3 15 5 5
3 15 6 5
3 15 7 5
3 15 8 5
3 15 9 5
3 15 10 5
3 15 11 5
3 15 12 0
4 15 -14 0
4 15 12 0
5 15 -15 32
5 15 -14 32
5 15 -13 32
5 15 -12 32
5 15 -11 32
5 15 -10 32
5 15 -9 32
5 15 -8 32
5 15 -7 32
5 15 -6 32
5 15 -5 32
5 15 -4 32
5 15 -3 32
5 15 -2 32
5 15 -1 32
5 15 0 32
5 15 1 32
5 15 2 32
5 15 3 32
5 15 4 32
5 15 5 32
5 15 6 32
5 15 7 32
5 15 8 32
5 15 9 32
5 15 10 32
5 15 11 32
5 15 12 32
5 15 13 32
-4 16 -15 31
-4 16 -14 31
-4 16 -13 31
-4 16 -12 31
-4 16 -11 31
-4 16 -10 31
-4 16 -9 31
-4 16 -8 31
-4 16 -7 31
-4 16 -6 31
-4 16 -5 31
-4 16 -4 31
-4 16 -3 31
-4 16 -2 31
-4 16 -1 31
-4 16 0 31
-4 16 1 31
-4 16 2 31
-4 16 3 31
-4 16 4 31
-4 16 5 31
-4 16 6 31
-4 16 7 31
-4 16 8 31
-4 16 9 31
-4 16 10 31
-4 16 11 31
-4 16 12 31
-4 16 13 31
-3 16 -14 0
-3 16 12 2
-2 16 -14 1
-2 16 -13 5
-2 16 -12 5
-2 16 -11 5
-2 16 -10 5
-2 16 -9 5
-2 16 -8 5
-2 16 -7 5
-2 16 -6 5
-2 16 -5 5
-2 16 -4 5
-2 16 -3 5
-2 16 -2 5
-2 16 -1 5
-2 16 0 5
-2 16 1 5
-2 16 2 5
-2 16 3 5
-2 16 4 5
-2 16 5 5
-2 16 6 5
-2 16 7 5
-2 16 8 5
-2 16 9 4
-2 16 10 0
-2 16 11 3
-2 16 12 0
-2 16 13 4
-1 16 -14 0
-1 16 -13 5
-1 16 -12 5
-1 16 -11 5
-1 16 -10 5
-1 16 -9 5
-1 16 -8 5
-1 16 -7 5
-1 16 -6 5
-1 16 -5 5
-1 16 -4 5
-1 16 -3 5
-1 16 -2 5
-1 16 -1 5
-1 16 0 5
-1 16 1 5
-1 16 2 5
-1 16 3 5
-1 16 4 5
-1 16 5 5
-1 16 6 5
-1 16 7 5
-1 16 8 5
-1 16 9 3
-1 16 10 5
-1 16 11 5
-1 16 12 5
-1 16 13 0
0 16 -14 0
0 16 -13 5
0 16 -12 5
0 16 -11 5
0 16 -10 29
0 16 -9 5
0 16 -8 5
0 16 -7 5
0 16 -6 5
0 16 -5 29
0 16 -4 5
0 16 -3 5
0 16 -2 5
0 16 -1 5
0 16 0 29
0 16 1 5
0 16 2 5
0 16 3 5
0 16 4 5
0 16 5 29
0 16 6 5
0 16 7 5
0 16 8 5
0 16 9 2
0 16 10 5
0 16 11 5
0 16 12 5
0 16 13 0
1 16 -14 2
1 16 -13 5
1 16 -12 5
1 16 -11 5
1 16 -10 5
1 16 -9 5
1 16 -8 5
1 16 -7 5
1 16 -6 5
1 16 -5 5
1 16 -4 5
1 16 -3 5
1 16 -2 5
1 16 -1 5
1 16 0 5
1 16 1 5
1 16 2 5
1 16 3 5
1 16 4 5
1 16 5 5
1 16 6 5
1 16 7 5
1 16 8 5
1 16 9 0
1 16 10 5
1 16 11 5
1 16 12 5
1 16 13 0
2 16 -14 0
2 16 -13 5
2 16 -12 5
2 16 -11 5
2 16 -10 5
2 16 -9 5
2 16 -8 5
2 16 -7 5
2 16 -6 5
2 16 -5 5
2 16 -4 5
2 16 -3 5
2 16 -2 5
2 16 -1 5
2 16 0 5
2 16 1 5
2 16 2 5
2 16 3 5
2 16 4 5
2 16 5 5
2 16 6 5
2 16 7 5
2 16 8 5
2 16 9 4
2 16 10 0
2 16 11 0
2 16 12 0
2 16 13 4
3 16 -14 0
3 16 12 0
4 16 -15 32
4 16 -14 32
4 16 -13 32
4 16 -12 32
4 16 -11 32
4 16 -10 32
4 16 -9 32
4 16 -8 32
4 16 -7 32
4 16 -6 32
4 16 -5 32
4 16 -4 32
4 16 -3 32
4 16 -2 32
4 16 -1 32
4 16 0 32
4 16 1 32
4 16 2 32
4 16 3 32
4 16 4 32
4 16 5 32
4 16 6 32
4 16 7 32
4 16 8 32
4 16 9 32
4 16 10 32
4 16 11 32
4 16 12 32
4 16 13 32
-3 17 -15 31
-3 17 -14 31
-3 17 -13 31
-3 17 -12 31
-3 17 -11 31
-3 17 -10 31
-3 17 -9 31
-3 17 -8 31
-3 17 -7 31
-3 17 -6 31
-3 17 -5 31
-3 17 -4 31
-3 17 -3 31
-3 17 -2 31
-3 17 -1 31
-3 17 0 31
-3 17 1 31
-3 17 2 31
-3 17 3 31
-3 17 4 31
-3 17 5 31
-3 17 6 31
-3 17 7 31
-3 17 8 31
-3 17 9 31
-3 17 10 31
-3 17 11 31
-3 17 12 31
-3 17 13 31
-2 17 -14 0
-2 17 9 4
-2 17 10 0
-2 17 11 0
-2 17 12 0
-2 17 13 4
-1 17 -14 0
-1 17 -13 5
-1 17 -12 5
-1 17 -11 5
-1 17 -10 5
-1 17 -9 5
-1 17 -8 5
-1 17 -7 5
-1 17 -6 5
-1 17 -5 5
-1 17 -4 5
-1 17 -3 5
-1 17 -2 5
-1 17 -1 5
-1 17 0 5
-1 17 1 5
-1 17 2 5
-1 17 3 5
-1 17 4 5
-1 17 5 5
-1 17 6 5
-1 17 7 5
-1 17 8 5
-1 17 9 0
-1 17 10 5
-1 17 11 5
-1 17 12 5
-1 17 13 0
0 17 -14 0
0 17 -13 5
0 17 -12 5
0 17 -11 5
0 17 -10 29
0 17 -9 5
0 17 -8 5
0 17 -7 5
0 17 -6 5
0 17 -5 29
0 17 -4 5
0 17 -3 5
0 17 -2 5
0 17 -1 5
0 17 0 29
0 17 1 5
0 17 2 5
0 17 3 5
0 17 4 5
0 17 5 29
0 17 6 5
0 17 7 5
0 17 8 5
0 17 9 3
0 17 10 5
0 17 11 5
0 17 12 5
0 17 13 1
1 17 -14 0
1 17 -13 5
1 17 -12 5
1 17 -11 5
1 17 -10 5
1 17 -9 5
1 17 -8 5
1 17 -7 5
1 17 -6 5
1 17 -5 5
1 17 -4 5
1 17 -3 5
1 17 -2 5
1 17 -1 5
1 17 0 5
1 17 1 5
1 17 2 5
1 17 3 5
1 17 4 5
1 17 5 5
1 17 6 5
1 17 7 5
1 17 8 5
1 17 9 1
1 17 10 5
1 17 11 5
1 17 12 5
1 17 13 3
2 17 -14 0
2 17 9 4
2 17 10 0
2 17 11 0
2 17 12 0
2 17 13 4
3 17 -15 32
3 17 -14 32
3 17 -13 32
3 17 -12 32
3 17 -11 32
3 17 -10 32
3 17 -9 32
3 17 -8 32
3 17 -7 32
3 17 -6 32
3 17 -5 32
3 17 -4 32
3 17 -3 32
3 17 -2 32
3 17 -1 32
3 17 0 32
3 17 1 32
3 17 2 32
3 17 3 32
3 17 4 32
3 17 5 32
3 17 6 32
3 17 7 32
3 17 8 32
3 17 9 32
3 17 10 32
3 17 11 32
3 17 12 32
3 17 13 32
-2 18 -15 31
-2 18 -14 31
-2 18 -13 31
-2 18 -12 31
-2 18 -11 31
-2 18 -10 31
-2 18 -9 31
-2 18 -8 31
-2 18 -7 31
-2 18 -6 31
-2 18 -5 31
-2 18 -4 31
-2 18 -3 31
-2 18 -2 31
-2 18 -1 31
-2 18 0 31
-2 18 1 31
-2 18 2 31
-2 18 3 31
-2 18 4 31
-2 18 5 31
-2 18 6 31
-2 18 7 31
-2 18 8 31
-2 18 9 4
-2 18 10 0
-2 18 11 0
-2 18 12 0
-2 18 13 4
-1 18 -14 0
-1 18 9 0
-1 18 10 5
-1 18 11 5
-1 18 12 5
-1 18 13 2
0 18 -14 0
0 18 -13 5
0 18 -12 5
0 18 -11 5
0 18 -10 5
0 18 -9 5
0 18 -8 5
0 18 -7 5
0 18 -6 5
0 18 -5 5
0 18 -4 5
0 18 -3 5
0 18 -2 5
0 18 -1 5
0 18 0 5
0 18 1 5
0 18 2 5
0 18 3 5
0 18 4 5
0 18 5 5
0 18 6 5
0 18 7 5
0 18 8 5
0 18 9 0
0 18 10 5
0 18 11 5
0 18 12 5
0 18 13 0
1 18 -14 0
1 18 9 0
1 18 10 5
1 18 11 5
1 18 12 5
1 18 13 0
2 18 -15 32
2 18 -14 32
2 18 -13 32
2 18 -12 32
2 18 -11 32
2 18 -10 32
2 18 -9 32
2 18 -8 32
2 18 -7 32
2 18 -6 32
2 18 -5 32
2 18 -4 32
2 18 -3 32
2 18 -2 32
2 18 -1 32
2 18 0 32
2 18 1 32
2 18 2 32
2 18 3 32
2 18 4 32
2 18 5 32
2 18 6 32
2 18 7 32
2 18 8 32
2 18 9 4
2 18 10 0
2 18 11 2
2 18 12 2
2 18 13 4
-2 19 9 4
-2 19 10 0
-2 19 11 2
-2 19 12 0
-2 19 13 4
-1 19 -15 31
-1 19 -14 31
-1 19 -13 31
-1 19 -12 31
-1 19 -11 31
-1 19 -10 31
-1 19 -9 31
-1 19 -8 31
-1 19 -7 31
-1 19 -6 31
-1 19 -5 31
-1 19 -4 31
-1 19 -3 31
-1 19 -2 31
-1 19 -1 31
-1 19 0 31
-1 19 1 31
-1 19 2 31
-1 19 3 31
-1 19 4 31
-1 19 5 31
-1 19 6 31
-1 19 7 31
-1 19 8 31
-1 19 9 0
-1 19 10 5
-1 19 11 5
-1 19 12 5
-1 19 13 0
0 19 -14 0
0 19 9 5
0 19 10 5
0 19 11 5
0 19 12 5
0 19 13 5
1 19 -15 32
1 19 -14 32
1 19 -13 32
1 19 -12 32
1 19 -11 32
1 19 -10 32
1 19 -9 32
1 19 -8 32
1 19 -7 32
1 19 -6 32
1 19 -5 32
1 19 -4 32
1 19 -3 32
1 19 -2 32
1 19 -1 32
1 19 0 32
1 19 1 32
1 19 2 32
1 19 3 32
1 19 4 32
1 19 5 32
1 19 6 32
1 19 7 32
1 19 8 32
1 19 9 0
1 19 10 5
1 19 11 5
1 19 12 5
1 19 13 2
2 19 9 4
2 19 10 1
2 19 11 0
2 19 12 0
2 19 13 4
-2 20 9 4
-2 20 10 0
-2 20 11 0
-2 20 12 0
-2 20 13 4
-1 20 9 1
-1 20 10 5
-1 20 11 5
-1 20 12 5
-1 20 13 2
0 20 -15 33
0 20 -14 33
0 20 -13 33
0 20 -12 33
0 20 -11 33
0 20 -10 33
0 20 -9 33
0 20 -8 33
0 20 -7 33
0 20 -6 33
0 20 -5 33
0 20 -4 33
0 20 -3 33
0 20 -2 33
0 20 -1 33
0 20 0 33
0 20 1 33
0 20 2 33
0 20 3 33
0 20 4 33
0 20 5 33
0 20 6 33
0 20 7 33
0 20 8 33
0 20 9 5
0 20 10 5
0 20 11 5
0 20 12 5
0 20 13 5
1 20 9 0
1 20 10 5
1 20 11 5
1 20 12 5
1 20 13 0
2 20 9 4
2 20 10 0
2 20 11 0
2 20 12 0
2 20 13 4
-2 21 9 4
-2 21 10 0
-2 21 11 0
-2 21 12 0
-2 21 13 4
-1 21 9 1
-1 21 10 5
-1 21 11 5
-1 21 12 5
-1 21 13 0
0 21 9 5
0 21 10 5
0 21 11 34
0 21 12 5
0 21 13 5
1 21 9 0
1 21 10 5
1 21 11 5
1 21 12 5
1 21 13 0
2 21 9 4
2 21 10 0
2 21 11 0
2 21 12 0
2 21 13 4
-2 22 9 4
-2 22 10 2
-2 22 11 0
-2 22 12 1
-2 22 13 4
-1 22 9 0
-1 22 10 0
-1 22 11 0
-1 22 12 0
-1 22 13 0
0 22 9 0
0 22 10 0
0 22 11 0
0 22 12 0
0 22 13 0
1 22 9 2
1 22 10 0
1 22 11 0
1 22 12 0
1 22 13 0
2 22 9 4
2 22 10 0
2 22 11 3
2 22 12 2
2 22 13 4
-3 23 8 35
-3 23 9 35
-3 23 10 35
-3 23 11 35
-3 23 12 35
-3 23 13 35
-3 23 14 35
-2 23 8 35
-2 23 14 35
-1 23 8 35
-1 23 14 35
0 23 8 35
0 23 14 35
1 23 8 35
1 23 14 35
2 23 8 35
2 23 14 35
3 23 8 35
3 23 9 35
3 23 10 35
3 23 11 35
3 23 12 35
3 23 13 35
3 23 14 35
-3 24 8 35
-3 24 9 35
-3 24 10 35
-3 24 11 35
-3 24 12 35
-3 24 13 35
-3 24 14 35
-2 24 8 35
-2 24 14 35
-1 24 8 35
-1 24 14 35
0 24 8 35
0 24 14 35
1 24 8 35
1 24 14 35
2 24 8 35
2 24 14 35
3 24 8 35
3 24 9 35
3 24 10 35
3 24 11 35
3 24 12 35
3 24 13 35
3 24 14 35
-3 25 8 35
-3 25 9 35
-3 25 10 35
-3 25 11 35
-3 25 12 35
-3 25 13 35
-3 25 14 35
-2 25 8 35
-2 25 14 35
-1 25 8 35
-1 25 14 35
0 25 8 35
0 25 14 35
1 25 8 35
1 25 14 35
2 25 8 35
2 25 14 35
3 25 8 35
3 25 9 35
3 25 10 35
3 25 11 35
3 25 12 35
3 25 13 35
3 25 14 35
-2 26 9 35
-2 26 10 35
-2 26 11 35
-2 26 12 35
-2 26 13 35
-1 26 9 35
-1 26 13 35
0 26 9 35
0 26 13 35
1 26 9 35
1 26 13 35
2 26 9 35
2 26 10 35
2 26 11 35
2 26 12 35
2 26 13 35
-2 27 9 35
-2 27 10 35
-2 27 11 35
-2 27 12 35
-2 27 13 35
-1 27 9 35
-1 27 13 35
0 27 9 35
0 27 13 35
1 27 9 35
1 27 13 35
2 27 9 35
2 27 10 35
2 27 11 35
2 27 12 35
2 27 13 35
-2 28 9 35
-2 28 10 35
-2 28 11 35
-2 28 12 35
-2 28 13 35
-1 28 9 35
-1 28 13 35
0 28 9 35
0 28 13 35
1 28 9 35
1 28 13 35
2 28 9 35
2 28 10 35
2 28 11 35
2 28 12 35
2 28 13 35
-1 29 10 35
-1 29 11 35
-1 29 12 35
0 29 10 35
0 29 12 35
1 29 10 35
1 29 11 35
1 29 12 35
-1 30 10 35
-1 30 11 35
-1 30 12 35
0 30 10 35
0 30 12 35
1 30 10 35
1 30 11 35
1 30 12 35
-1 31 10 35
-1 31 11 35
-1 31 12 35
0 31 10 35
0 31 12 35
1 31 10 35
1 31 11 35
1 31 12 35
0 32 11 36
