core 0 1 6
P minecraft:cobblestone_stairs[facing=east,half=bottom,shape=straight,waterlogged=false]
P minecraft:cobblestone_stairs[facing=south,half=bottom,shape=straight,waterlogged=false]
P minecraft:andesite
P minecraft:cobblestone
P minecraft:mossy_cobblestone
P minecraft:stone
P minecraft:cobblestone_stairs[facing=north,half=bottom,shape=straight,waterlogged=false]
P minecraft:spruce_planks
P minecraft:cobblestone_stairs[facing=west,half=bottom,shape=straight,waterlogged=false]
P minecraft:spruce_stairs[facing=east,half=top,shape=straight,waterlogged=false]
P minecraft:bookshelf
P minecraft:air
P minecraft:barrel[facing=up,open=false]
P minecraft:bricks
P minecraft:campfire[facing=east,lit=true,signal_fire=false,waterlogged=false]
P minecraft:crafting_table
P minecraft:dark_oak_log[axis=y]
P minecraft:water_cauldron[level=3]
P minecraft:chest[facing=west,type=single,waterlogged=false]
P minecraft:smoker[facing=west,lit=false]
P minecraft:furnace[facing=west,lit=false]
P minecraft:spruce_stairs[facing=west,half=top,shape=straight,waterlogged=false]
P minecraft:dark_oak_trapdoor[facing=west,half=bottom,open=true,powered=false,waterlogged=false]
P minecraft:stone_bricks
P minecraft:glass_pane[east=false,north=true,south=true,waterlogged=false,west=false]
P minecraft:flower_pot
P minecraft:dark_oak_trapdoor[facing=east,half=bottom,open=true,powered=false,waterlogged=false]
P minecraft:brick_stairs[facing=west,half=top,shape=straight,waterlogged=false]
P minecraft:dark_oak_log[axis=x]
P minecraft:lantern[hanging=true,waterlogged=false]
P minecraft:spruce_stairs[facing=north,half=top,shape=straight,waterlogged=false]
P minecraft:stripped_dark_oak_log[axis=x]
P minecraft:dark_oak_log[axis=z]
P minecraft:stripped_dark_oak_log[axis=z]
P minecraft:white_wool
P minecraft:green_wool
P minecraft:orange_terracotta
P minecraft:terracotta
P minecraft:chest[facing=east,type=single,waterlogged=false]
P minecraft:green_carpet
P minecraft:green_bed[facing=east,occupied=false,part=foot]
P minecraft:green_bed[facing=east,occupied=false,part=head]
P minecraft:lantern[hanging=false,waterlogged=false]
P minecraft:green_bed[facing=west,occupied=false,part=head]
P minecraft:green_bed[facing=west,occupied=false,part=foot]
P minecraft:green_bed[facing=south,occupied=false,part=foot]
P minecraft:green_bed[facing=south,occupied=false,part=head]
P minecraft:cobbled_deepslate_stairs[facing=east,half=bottom,shape=straight,waterlogged=false]
P minecraft:deepslate_tile_stairs[facing=east,half=bottom,shape=straight,waterlogged=false]
P minecraft:deepslate_tile_stairs[facing=west,half=bottom,shape=straight,waterlogged=false]
P minecraft:cobbled_deepslate_stairs[facing=west,half=bottom,shape=straight,waterlogged=false]
P minecraft:glass_pane[east=true,north=false,south=false,waterlogged=false,west=true]
P minecraft:deepslate_tile_slab[type=bottom,waterlogged=false]
-4 0 -5 0
-4 0 -4 0
-4 0 -3 0
-4 0 -2 0
-4 0 -1 0
-4 0 0 0
-4 0 1 0
-4 0 2 0
-4 0 3 0
-4 0 4 0
-4 0 5 0
-3 0 -6 1
-3 0 -5 2
-3 0 -4 3
-3 0 -3 3
-3 0 -2 2
-3 0 -1 4
-3 0 0 3
-3 0 1 4
-3 0 2 3
-3 0 3 5
-3 0 4 4
-3 0 5 4
-3 0 6 6
-2 0 -6 1
-2 0 -5 3
-2 0 -4 7
-2 0 -3 7
-2 0 -2 7
-2 0 -1 7
-2 0 0 7
-2 0 1 7
-2 0 2 7
-2 0 3 7
-2 0 4 7
-2 0 5 4
-2 0 6 6
-1 0 -6 1
-1 0 -5 4
-1 0 -4 7
-1 0 -3 7
-1 0 -2 7
-1 0 -1 7
-1 0 0 7
-1 0 1 7
-1 0 2 7
-1 0 3 7
-1 0 4 7
-1 0 5 2
-1 0 6 6
0 0 -6 1
0 0 -5 2
0 0 -4 7
0 0 -3 7
0 0 -2 7
0 0 -1 7
0 0 0 7
0 0 1 7
0 0 2 7
0 0 3 7
0 0 4 7
0 0 5 5
1 0 -6 1
1 0 -5 2
1 0 -4 7
1 0 -3 7
1 0 -2 7
1 0 -1 7
1 0 0 7
1 0 1 7
1 0 2 7
1 0 3 7
1 0 4 7
1 0 5 4
1 0 6 6
2 0 -6 1
2 0 -5 3
2 0 -4 7
2 0 -3 7
2 0 -2 7
2 0 -1 7
2 0 0 7
2 0 1 7
2 0 2 7
2 0 3 7
2 0 4 7
2 0 5 2
2 0 6 6
3 0 -6 1
3 0 -5 4
3 0 -4 3
3 0 -3 5
3 0 -2 3
3 0 -1 4
3 0 0 2
3 0 1 4
3 0 2 3
3 0 3 3
3 0 4 3
3 0 5 2
3 0 6 6
4 0 -5 8
4 0 -4 8
4 0 -3 8
4 0 -2 8
4 0 -1 8
4 0 0 8
4 0 1 8
4 0 2 8
4 0 3 8
4 0 4 8
4 0 5 8
-4 1 -2 9
-4 1 2 9
-3 1 -5 5
-3 1 -4 3
-3 1 -3 2
-3 1 -2 2
-3 1 -1 2
-3 1 0 3
-3 1 1 3
-3 1 2 3
-3 1 3 4
-3 1 4 2
-3 1 5 4
-2 1 -5 3
-2 1 -4 10
-2 1 -3 11
-2 1 -2 12
-2 1 -1 13
-2 1 0 14
-2 1 1 13
-2 1 2 11
-2 1 3 15
-2 1 4 11
-2 1 5 16
-1 1 -5 3
-1 1 -4 11
-1 1 -3 11
-1 1 -2 11
-1 1 -1 11
-1 1 0 11
-1 1 1 11
-1 1 2 11
-1 1 3 11
-1 1 4 11
-1 1 5 11
0 1 -5 3
0 1 -4 17
0 1 -3 11
0 1 -2 11
0 1 -1 11
0 1 0 11
0 1 1 11
0 1 2 11
0 1 3 11
0 1 4 11
0 1 5 11
1 1 -5 3
1 1 -4 12
1 1 -3 11
1 1 -2 11
1 1 -1 11
1 1 0 11
1 1 1 11
1 1 2 11
1 1 3 11
1 1 4 11
1 1 5 11
2 1 -5 3
2 1 -4 11
2 1 -3 11
2 1 -2 11
2 1 -1 11
2 1 0 12
2 1 1 18
2 1 2 19
2 1 3 11
2 1 4 20
2 1 5 16
3 1 -5 4
3 1 -4 3
3 1 -3 4
3 1 -2 4
3 1 -1 3
3 1 0 4
3 1 1 2
3 1 2 3
3 1 3 2
3 1 4 2
3 1 5 5
4 1 -2 21
4 1 2 21
-4 2 -3 22
-4 2 -1 22
-4 2 1 22
-4 2 3 22
-3 2 -5 23
-3 2 -4 4
-3 2 -3 4
-3 2 -2 24
-3 2 -1 3
-3 2 0 3
-3 2 1 5
-3 2 2 24
-3 2 3 3
-3 2 4 4
-3 2 5 23
-2 2 -5 3
-2 2 -4 25
-2 2 -3 11
-2 2 -2 11
-2 2 -1 13
-2 2 0 13
-2 2 1 13
-2 2 2 11
-2 2 3 11
-2 2 4 11
-2 2 5 16
-1 2 -5 3
-1 2 -4 11
-1 2 -3 11
-1 2 -2 11
-1 2 -1 11
-1 2 0 11
-1 2 1 11
-1 2 2 11
-1 2 3 11
-1 2 4 11
-1 2 5 11
0 2 -5 3
0 2 -4 11
0 2 -3 11
0 2 -2 11
0 2 -1 11
0 2 0 11
0 2 1 11
0 2 2 11
0 2 3 11
0 2 4 11
0 2 5 11
1 2 -5 3
1 2 -4 11
1 2 -3 11
1 2 -2 11
1 2 -1 11
1 2 0 11
1 2 1 11
1 2 2 11
1 2 3 11
1 2 4 11
1 2 5 11
2 2 -5 2
2 2 -4 11
2 2 -3 11
2 2 -2 11
2 2 -1 11
2 2 0 25
2 2 1 11
2 2 2 11
2 2 3 11
2 2 4 11
2 2 5 16
3 2 -5 23
3 2 -4 2
3 2 -3 3
3 2 -2 24
3 2 -1 5
3 2 0 2
3 2 1 3
3 2 2 24
3 2 3 4
3 2 4 3
3 2 5 23
4 2 -3 26
4 2 -1 26
4 2 1 26
4 2 3 26
-4 3 -3 22
-4 3 -1 22
-4 3 1 22
-4 3 3 22
-3 3 -5 3
-3 3 -4 3
-3 3 -3 4
-3 3 -2 24
-3 3 -1 5
-3 3 0 2
-3 3 1 3
-3 3 2 24
-3 3 3 3
-3 3 4 3
-3 3 5 3
-2 3 -5 3
-2 3 -4 11
-2 3 -3 11
-2 3 -2 11
-2 3 -1 11
-2 3 0 13
-2 3 1 11
-2 3 2 11
-2 3 3 11
-2 3 4 11
-2 3 5 3
-1 3 -5 2
-1 3 -4 11
-1 3 -3 11
-1 3 -2 11
-1 3 -1 27
-1 3 0 27
-1 3 1 27
-1 3 2 11
-1 3 3 11
-1 3 4 11
-1 3 5 28
0 3 -5 4
0 3 -4 11
0 3 -3 11
0 3 -2 11
0 3 -1 11
0 3 0 29
0 3 1 11
0 3 2 11
0 3 3 11
0 3 4 11
0 3 5 28
0 3 6 30
1 3 -5 2
1 3 -4 11
1 3 -3 11
1 3 -2 11
1 3 -1 11
1 3 0 11
1 3 1 11
1 3 2 11
1 3 3 11
1 3 4 11
1 3 5 28
2 3 -5 5
2 3 -4 11
2 3 -3 11
2 3 -2 11
2 3 -1 11
2 3 0 11
2 3 1 11
2 3 2 11
2 3 3 11
2 3 4 11
2 3 5 4
2 3 6 29
3 3 -5 3
3 3 -4 2
3 3 -3 3
3 3 -2 24
3 3 -1 3
3 3 0 4
3 3 1 5
3 3 2 24
3 3 3 4
3 3 4 3
3 3 5 3
4 3 -3 26
4 3 -1 26
4 3 1 26
4 3 3 26
-4 4 -2 31
-4 4 2 31
-3 4 -5 16
-3 4 -4 32
-3 4 -3 32
-3 4 -2 32
-3 4 -1 32
-3 4 0 32
-3 4 1 32
-3 4 2 32
-3 4 3 32
-3 4 4 32
-3 4 5 32
-3 4 6 16
-2 4 -6 33
-2 4 -5 28
-2 4 -4 7
-2 4 -3 7
-2 4 -2 7
-2 4 -1 7
-2 4 0 13
-2 4 1 7
-2 4 2 7
-2 4 3 7
-2 4 4 7
-2 4 5 7
-2 4 6 34
-1 4 -5 28
-1 4 -4 7
-1 4 -3 7
-1 4 -2 7
-1 4 -1 7
-1 4 0 7
-1 4 1 7
-1 4 2 7
-1 4 3 7
-1 4 4 7
-1 4 5 7
-1 4 6 35
0 4 -5 28
0 4 -4 7
0 4 -3 7
0 4 -2 7
0 4 -1 7
0 4 0 7
0 4 1 7
0 4 2 7
0 4 3 7
0 4 4 7
0 4 5 7
0 4 6 34
1 4 -5 28
1 4 -4 7
1 4 -3 7
1 4 -2 7
1 4 -1 7
1 4 0 7
1 4 1 7
1 4 2 7
1 4 3 7
1 4 4 7
1 4 5 7
1 4 6 35
2 4 -6 33
2 4 -5 28
2 4 -4 7
2 4 -3 7
2 4 -2 7
2 4 -1 7
2 4 0 7
2 4 1 7
2 4 2 7
2 4 3 7
2 4 4 7
2 4 5 7
2 4 6 34
3 4 -5 16
3 4 -4 32
3 4 -3 32
3 4 -2 32
3 4 -1 32
3 4 0 32
3 4 1 32
3 4 2 32
3 4 3 32
3 4 4 32
3 4 5 32
3 4 6 16
4 4 -2 31
4 4 2 31
-4 5 -2 9
-4 5 2 9
-3 5 -5 16
-3 5 -4 16
-3 5 -3 36
-3 5 -2 36
-3 5 -1 36
-3 5 0 16
-3 5 1 36
-3 5 2 37
-3 5 3 37
-3 5 4 16
-3 5 5 36
-3 5 6 16
-2 5 -5 36
-2 5 -4 11
-2 5 -3 11
-2 5 -2 11
-2 5 -1 11
-2 5 0 13
-2 5 1 38
-2 5 2 11
-2 5 3 11
-2 5 4 11
-2 5 5 11
-2 5 6 37
-1 5 -5 36
-1 5 -4 11
-1 5 -3 11
-1 5 -2 11
-1 5 -1 39
-1 5 0 11
-1 5 1 39
-1 5 2 11
-1 5 3 11
-1 5 4 11
-1 5 5 11
-1 5 6 36
0 5 -5 16
0 5 -4 12
0 5 -3 11
0 5 -2 11
0 5 -1 39
0 5 0 39
0 5 1 39
0 5 2 11
0 5 3 11
0 5 4 11
0 5 5 10
0 5 6 16
1 5 -5 36
1 5 -4 11
1 5 -3 40
1 5 -2 11
1 5 -1 39
1 5 0 39
1 5 1 39
1 5 2 11
1 5 3 40
1 5 4 11
1 5 5 11
1 5 6 37
2 5 -5 37
2 5 -4 11
2 5 -3 41
2 5 -2 12
2 5 -1 11
2 5 0 11
2 5 1 11
2 5 2 11
2 5 3 41
2 5 4 12
2 5 5 11
2 5 6 36
3 5 -5 16
3 5 -4 16
3 5 -3 37
3 5 -2 36
3 5 -1 36
3 5 0 16
3 5 1 36
3 5 2 37
3 5 3 36
3 5 4 16
3 5 5 37
3 5 6 16
4 5 -2 21
4 5 2 21
-4 6 -3 22
-4 6 -1 22
-4 6 1 22
-4 6 3 22
-3 6 -5 16
-3 6 -4 16
-3 6 -3 36
-3 6 -2 24
-3 6 -1 36
-3 6 0 16
-3 6 1 36
-3 6 2 24
-3 6 3 36
-3 6 4 16
-3 6 5 36
-3 6 6 16
-2 6 -5 36
-2 6 -4 11
-2 6 -3 11
-2 6 -2 11
-2 6 -1 11
-2 6 0 23
-2 6 1 11
-2 6 2 11
-2 6 3 11
-2 6 4 11
-2 6 5 11
-2 6 6 36
-1 6 -5 36
-1 6 -4 11
-1 6 -3 11
-1 6 -2 11
-1 6 -1 11
-1 6 0 11
-1 6 1 11
-1 6 2 11
-1 6 3 11
-1 6 4 11
-1 6 5 11
-1 6 6 36
0 6 -5 16
0 6 -4 11
0 6 -3 11
0 6 -2 11
0 6 -1 11
0 6 0 11
0 6 1 11
0 6 2 11
0 6 3 11
0 6 4 11
0 6 5 11
0 6 6 16
1 6 -5 36
1 6 -4 11
1 6 -3 11
1 6 -2 11
1 6 -1 11
1 6 0 11
1 6 1 11
1 6 2 11
1 6 3 11
1 6 4 11
1 6 5 11
1 6 6 37
2 6 -5 36
2 6 -4 11
2 6 -3 11
2 6 -2 42
2 6 -1 11
2 6 0 11
2 6 1 11
2 6 2 11
2 6 3 11
2 6 4 42
2 6 5 11
2 6 6 36
3 6 -5 16
3 6 -4 16
3 6 -3 36
3 6 -2 24
3 6 -1 36
3 6 0 16
3 6 1 36
3 6 2 24
3 6 3 36
3 6 4 16
3 6 5 37
3 6 6 16
4 6 1 26
4 6 3 26
-4 7 -3 22
-4 7 -1 22
-4 7 1 22
-4 7 3 22
-3 7 -5 16
-3 7 -4 16
-3 7 -3 36
-3 7 -2 24
-3 7 -1 36
-3 7 0 16
-3 7 1 36
-3 7 2 24
-3 7 3 36
-3 7 4 16
-3 7 5 36
-3 7 6 16
-2 7 -5 37
-2 7 -4 11
-2 7 -3 11
-2 7 -2 11
-2 7 -1 11
-2 7 0 13
-2 7 1 11
-2 7 2 11
-2 7 3 11
-2 7 4 11
-2 7 5 11
-2 7 6 36
-1 7 -5 36
-1 7 -4 11
-1 7 -3 11
-1 7 -2 11
-1 7 -1 11
-1 7 0 11
-1 7 1 11
-1 7 2 11
-1 7 3 11
-1 7 4 11
-1 7 5 11
-1 7 6 36
0 7 -5 16
0 7 -4 11
0 7 -3 11
0 7 -2 11
0 7 -1 11
0 7 0 29
0 7 1 11
0 7 2 11
0 7 3 11
0 7 4 11
0 7 5 11
0 7 6 16
1 7 -5 36
1 7 -4 11
1 7 -3 11
1 7 -2 11
1 7 -1 11
1 7 0 11
1 7 1 11
1 7 2 11
1 7 3 11
1 7 4 11
1 7 5 11
1 7 6 36
2 7 -5 36
2 7 -4 11
2 7 -3 11
2 7 -2 11
2 7 -1 11
2 7 0 11
2 7 1 11
2 7 2 11
2 7 3 11
2 7 4 11
2 7 5 11
2 7 6 36
3 7 -5 16
3 7 -4 16
3 7 -3 36
3 7 -2 24
3 7 -1 36
3 7 0 16
3 7 1 36
3 7 2 24
3 7 3 36
3 7 4 16
3 7 5 37
3 7 6 16
4 7 1 26
4 7 3 26
-4 8 -2 31
-4 8 2 31
-3 8 -5 16
-3 8 -4 32
-3 8 -3 32
-3 8 -2 32
-3 8 -1 32
-3 8 0 32
-3 8 1 32
-3 8 2 32
-3 8 3 32
-3 8 4 32
-3 8 5 32
-3 8 6 16
-2 8 -6 33
-2 8 -5 28
-2 8 -4 7
-2 8 -3 7
-2 8 -2 7
-2 8 -1 7
-2 8 0 13
-2 8 1 7
-2 8 2 7
-2 8 3 7
-2 8 4 7
-2 8 5 7
-2 8 6 28
-2 8 7 33
-1 8 -5 28
-1 8 -4 7
-1 8 -3 7
-1 8 -2 7
-1 8 -1 7
-1 8 0 7
-1 8 1 7
-1 8 2 7
-1 8 3 7
-1 8 4 7
-1 8 5 7
-1 8 6 28
0 8 -5 28
0 8 -4 7
0 8 -3 7
0 8 -2 7
0 8 -1 7
0 8 0 7
0 8 1 7
0 8 2 7
0 8 3 7
0 8 4 7
0 8 5 7
0 8 6 28
1 8 -5 28
1 8 -4 7
1 8 -3 7
1 8 -2 7
1 8 -1 7
1 8 0 7
1 8 1 7
1 8 2 7
1 8 3 7
1 8 4 7
1 8 5 7
1 8 6 28
2 8 -6 33
2 8 -5 28
2 8 -4 7
2 8 -3 7
2 8 -2 7
2 8 -1 7
2 8 0 7
2 8 1 7
2 8 2 7
2 8 3 7
2 8 4 7
2 8 5 7
2 8 6 28
2 8 7 33
3 8 -5 16
3 8 -4 32
3 8 -3 32
3 8 -2 32
3 8 -1 32
3 8 0 32
3 8 1 32
3 8 2 32
3 8 3 32
3 8 4 32
3 8 5 32
3 8 6 16
4 8 -2 31
4 8 2 31
-4 9 -2 9
-4 9 2 9
-3 9 -5 16
-3 9 -4 16
-3 9 -3 36
-3 9 -2 37
-3 9 -1 36
-3 9 0 16
-3 9 1 36
-3 9 2 36
-3 9 3 36
-3 9 4 16
-3 9 5 36
-3 9 6 16
-2 9 -5 36
-2 9 -4 11
-2 9 -3 12
-2 9 -2 43
-2 9 -1 11
-2 9 0 13
-2 9 1 11
-2 9 2 11
-2 9 3 11
-2 9 4 11
-2 9 5 10
-2 9 6 36
-1 9 -5 36
-1 9 -4 11
-1 9 -3 11
-1 9 -2 44
-1 9 -1 39
-1 9 0 11
-1 9 1 39
-1 9 2 11
-1 9 3 11
-1 9 4 45
-1 9 5 46
-1 9 6 36
0 9 -5 16
0 9 -4 11
0 9 -3 11
0 9 -2 11
0 9 -1 39
0 9 0 39
0 9 1 39
0 9 2 11
0 9 3 11
0 9 4 11
0 9 5 12
0 9 6 16
1 9 -5 36
1 9 -4 11
1 9 -3 11
1 9 -2 11
1 9 -1 39
1 9 0 39
1 9 1 39
1 9 2 11
1 9 3 11
1 9 4 11
1 9 5 11
1 9 6 36
2 9 -5 36
2 9 -4 11
2 9 -3 11
2 9 -2 11
2 9 -1 11
2 9 0 11
2 9 1 12
2 9 2 18
2 9 3 11
2 9 4 11
2 9 5 11
2 9 6 36
3 9 -5 16
3 9 -4 16
3 9 -3 36
3 9 -2 36
3 9 -1 36
3 9 0 16
3 9 1 36
3 9 2 36
3 9 3 36
3 9 4 16
3 9 5 36
3 9 6 16
4 9 -2 21
4 9 2 21
-4 10 -3 22
-4 10 -1 22
-3 10 -5 16
-3 10 -4 16
-3 10 -3 36
-3 10 -2 24
-3 10 -1 36
-3 10 0 16
-3 10 1 37
-3 10 2 24
-3 10 3 36
-3 10 4 16
-3 10 5 36
-3 10 6 16
-2 10 -5 36
-2 10 -4 11
-2 10 -3 42
-2 10 -2 11
-2 10 -1 11
-2 10 0 13
-2 10 1 11
-2 10 2 11
-2 10 3 11
-2 10 4 11
-2 10 5 11
-2 10 6 36
-1 10 -5 36
-1 10 -4 11
-1 10 -3 11
-1 10 -2 11
-1 10 -1 11
-1 10 0 11
-1 10 1 11
-1 10 2 11
-1 10 3 11
-1 10 4 11
-1 10 5 11
-1 10 6 36
0 10 -5 16
0 10 -4 11
0 10 -3 11
0 10 -2 11
0 10 -1 11
0 10 0 11
0 10 1 11
0 10 2 11
0 10 3 11
0 10 4 11
0 10 5 42
0 10 6 16
1 10 -5 36
1 10 -4 11
1 10 -3 11
1 10 -2 11
1 10 -1 11
1 10 0 11
1 10 1 11
1 10 2 11
1 10 3 11
1 10 4 11
1 10 5 11
1 10 6 36
2 10 -5 36
2 10 -4 11
2 10 -3 11
2 10 -2 11
2 10 -1 11
2 10 0 11
2 10 1 11
2 10 2 11
2 10 3 11
2 10 4 11
2 10 5 11
2 10 6 36
3 10 -5 16
3 10 -4 16
3 10 -3 36
3 10 -2 24
3 10 -1 37
3 10 0 16
3 10 1 36
3 10 2 24
3 10 3 36
3 10 4 16
3 10 5 36
3 10 6 16
4 10 1 26
4 10 3 26
-4 11 -3 22
-4 11 -1 22
-3 11 -5 16
-3 11 -4 16
-3 11 -3 37
-3 11 -2 24
-3 11 -1 36
-3 11 0 16
-3 11 1 36
-3 11 2 24
-3 11 3 36
-3 11 4 16
-3 11 5 36
-3 11 6 16
-2 11 -5 36
-2 11 -4 11
-2 11 -3 11
-2 11 -2 11
-2 11 -1 11
-2 11 0 13
-2 11 1 11
-2 11 2 11
-2 11 3 11
-2 11 4 11
-2 11 5 11
-2 11 6 36
-1 11 -5 36
-1 11 -4 11
-1 11 -3 11
-1 11 -2 11
-1 11 -1 11
-1 11 0 11
-1 11 1 11
-1 11 2 11
-1 11 3 11
-1 11 4 11
-1 11 5 11
-1 11 6 36
0 11 -5 16
0 11 -4 11
0 11 -3 11
0 11 -2 11
0 11 -1 11
0 11 0 29
0 11 1 11
0 11 2 11
0 11 3 11
0 11 4 11
0 11 5 11
0 11 6 16
1 11 -5 36
1 11 -4 11
1 11 -3 11
1 11 -2 11
1 11 -1 11
1 11 0 11
1 11 1 11
1 11 2 11
1 11 3 11
1 11 4 11
1 11 5 11
1 11 6 36
2 11 -5 37
2 11 -4 11
2 11 -3 11
2 11 -2 11
2 11 -1 11
2 11 0 11
2 11 1 11
2 11 2 11
2 11 3 11
2 11 4 11
2 11 5 11
2 11 6 36
3 11 -5 16
3 11 -4 16
3 11 -3 36
3 11 -2 24
3 11 -1 36
3 11 0 16
3 11 1 36
3 11 2 24
3 11 3 37
3 11 4 16
3 11 5 36
3 11 6 16
4 11 1 26
4 11 3 26
-4 12 -2 31
-4 12 2 31
-3 12 -5 16
-3 12 -4 32
-3 12 -3 32
-3 12 -2 32
-3 12 -1 32
-3 12 0 32
-3 12 1 32
-3 12 2 32
-3 12 3 32
-3 12 4 32
-3 12 5 32
-3 12 6 16
-2 12 -6 33
-2 12 -5 28
-2 12 -4 7
-2 12 -3 7
-2 12 -2 7
-2 12 -1 7
-2 12 0 13
-2 12 1 7
-2 12 2 7
-2 12 3 7
-2 12 4 7
-2 12 5 7
-2 12 6 28
-2 12 7 33
-1 12 -5 28
-1 12 -4 7
-1 12 -3 7
-1 12 -2 7
-1 12 -1 7
-1 12 0 7
-1 12 1 7
-1 12 2 7
-1 12 3 7
-1 12 4 7
-1 12 5 7
-1 12 6 28
0 12 -5 28
0 12 -4 7
0 12 -3 7
0 12 -2 7
0 12 -1 7
0 12 0 7
0 12 1 7
0 12 2 7
0 12 3 7
0 12 4 7
0 12 5 7
0 12 6 28
1 12 -5 28
1 12 -4 7
1 12 -3 7
1 12 -2 7
1 12 -1 7
1 12 0 7
1 12 1 7
1 12 2 7
1 12 3 7
1 12 4 7
1 12 5 7
1 12 6 28
2 12 -6 33
2 12 -5 28
2 12 -4 7
2 12 -3 7
2 12 -2 7
2 12 -1 7
2 12 0 7
2 12 1 7
2 12 2 7
2 12 3 7
2 12 4 7
2 12 5 7
2 12 6 28
2 12 7 33
3 12 -5 16
3 12 -4 32
3 12 -3 32
3 12 -2 32
3 12 -1 32
3 12 0 32
3 12 1 32
3 12 2 32
3 12 3 32
3 12 4 32
3 12 5 32
3 12 6 16
4 12 -2 31
4 12 2 31
-4 13 -2 9
-4 13 2 9
-3 13 -5 16
-3 13 -4 16
-3 13 -3 36
-3 13 -2 36
-3 13 -1 36
-3 13 0 16
-3 13 1 36
-3 13 2 36
-3 13 3 36
-3 13 4 16
-3 13 5 36
-3 13 6 16
-2 13 -5 37
-2 13 -4 11
-2 13 -3 12
-2 13 -2 12
-2 13 -1 11
-2 13 0 23
-2 13 1 12
-2 13 2 11
-2 13 3 11
-2 13 4 11
-2 13 5 11
-2 13 6 36
-1 13 -5 36
-1 13 -4 12
-1 13 -3 11
-1 13 -2 11
-1 13 -1 11
-1 13 0 11
-1 13 1 11
-1 13 2 11
-1 13 3 11
-1 13 4 11
-1 13 5 11
-1 13 6 36
0 13 -5 16
0 13 -4 11
0 13 -3 11
0 13 -2 11
0 13 -1 11
0 13 0 11
0 13 1 11
0 13 2 11
0 13 3 11
0 13 4 11
0 13 5 11
0 13 6 16
1 13 -5 36
1 13 -4 11
1 13 -3 11
1 13 -2 11
1 13 -1 11
1 13 0 11
1 13 1 11
1 13 2 11
1 13 3 11
1 13 4 11
1 13 5 11
1 13 6 37
2 13 -5 36
2 13 -4 11
2 13 -3 11
2 13 -2 11
2 13 -1 11
2 13 0 11
2 13 1 12
2 13 2 12
2 13 3 11
2 13 4 12
2 13 5 12
2 13 6 36
3 13 -5 16
3 13 -4 16
3 13 -3 36
3 13 -2 37
3 13 -1 36
3 13 0 16
3 13 1 36
3 13 2 36
3 13 3 36
3 13 4 16
3 13 5 36
3 13 6 16
4 13 -2 21
4 13 2 21
-4 14 -3 22
-4 14 -1 22
-4 14 1 22
-4 14 3 22
-3 14 -5 16
-3 14 -4 16
-3 14 -3 36
-3 14 -2 24
-3 14 -1 37
-3 14 0 16
-3 14 1 36
-3 14 2 24
-3 14 3 36
-3 14 4 16
-3 14 5 36
-3 14 6 16
-2 14 -5 36
-2 14 -4 11
-2 14 -3 11
-2 14 -2 11
-2 14 -1 11
-2 14 0 13
-2 14 1 11
-2 14 2 11
-2 14 3 11
-2 14 4 11
-2 14 5 11
-2 14 6 37
-1 14 -5 36
-1 14 -4 11
-1 14 -3 11
-1 14 -2 11
-1 14 -1 11
-1 14 0 11
-1 14 1 11
-1 14 2 11
-1 14 3 11
-1 14 4 11
-1 14 5 11
-1 14 6 36
0 14 -5 16
0 14 -4 11
0 14 -3 11
0 14 -2 11
0 14 -1 11
0 14 0 11
0 14 1 11
0 14 2 11
0 14 3 11
0 14 4 11
0 14 5 11
0 14 6 16
1 14 -5 36
1 14 -4 11
1 14 -3 11
1 14 -2 11
1 14 -1 11
1 14 0 11
1 14 1 11
1 14 2 11
1 14 3 11
1 14 4 11
1 14 5 11
1 14 6 36
2 14 -5 36
2 14 -4 11
2 14 -3 11
2 14 -2 11
2 14 -1 11
2 14 0 11
2 14 1 11
2 14 2 11
2 14 3 11
2 14 4 11
2 14 5 11
2 14 6 36
3 14 -5 16
3 14 -4 16
3 14 -3 36
3 14 -2 24
3 14 -1 36
3 14 0 16
3 14 1 37
3 14 2 24
3 14 3 36
3 14 4 16
3 14 5 36
3 14 6 16
-4 15 -3 22
-4 15 -1 22
-4 15 1 22
-4 15 3 22
-3 15 -5 16
-3 15 -4 16
-3 15 -3 36
-3 15 -2 24
-3 15 -1 36
-3 15 0 16
-3 15 1 36
-3 15 2 24
-3 15 3 36
-3 15 4 16
-3 15 5 36
-3 15 6 16
-2 15 -5 36
-2 15 -4 11
-2 15 -3 11
-2 15 -2 11
-2 15 -1 11
-2 15 0 23
-2 15 1 11
-2 15 2 11
-2 15 3 11
-2 15 4 11
-2 15 5 11
-2 15 6 36
-1 15 -5 36
-1 15 -4 11
-1 15 -3 11
-1 15 -2 11
-1 15 -1 11
-1 15 0 11
-1 15 1 11
-1 15 2 11
-1 15 3 11
-1 15 4 11
-1 15 5 11
-1 15 6 36
0 15 -5 16
0 15 -4 11
0 15 -3 11
0 15 -2 11
0 15 -1 11
0 15 0 29
0 15 1 11
0 15 2 11
0 15 3 11
0 15 4 11
0 15 5 11
0 15 6 16
1 15 -5 36
1 15 -4 11
1 15 -3 11
1 15 -2 11
1 15 -1 11
1 15 0 11
1 15 1 11
1 15 2 11
1 15 3 11
1 15 4 11
1 15 5 11
1 15 6 36
2 15 -5 36
2 15 -4 11
2 15 -3 11
2 15 -2 11
2 15 -1 11
2 15 0 11
2 15 1 11
2 15 2 11
2 15 3 11
2 15 4 11
2 15 5 11
2 15 6 36
3 15 -5 16
3 15 -4 16
3 15 -3 36
3 15 -2 24
3 15 -1 36
3 15 0 16
3 15 1 36
3 15 2 24
3 15 3 36
3 15 4 16
3 15 5 36
3 15 6 16
-4 16 -6 47
-4 16 -5 48
-4 16 -4 48
-4 16 -3 48
-4 16 -2 48
-4 16 -1 48
-4 16 0 48
-4 16 1 47
-4 16 2 48
-4 16 3 48
-4 16 4 48
-4 16 5 48
-4 16 6 47
-4 16 7 48
-3 16 -5 16
-3 16 -4 32
-3 16 -3 32
-3 16 -2 32
-3 16 -1 32
-3 16 0 32
-3 16 1 32
-3 16 2 32
-3 16 3 32
-3 16 4 32
-3 16 5 32
-3 16 6 16
-2 16 -5 28
-2 16 0 13
-2 16 6 28
-1 16 -5 28
-1 16 6 28
0 16 -5 28
0 16 6 28
1 16 -5 28
1 16 6 28
2 16 -5 28
2 16 6 28
3 16 -5 16
3 16 -4 32
3 16 -3 32
3 16 -2 32
3 16 -1 32
3 16 0 32
3 16 1 32
3 16 2 32
3 16 3 32
3 16 4 32
3 16 5 32
3 16 6 16
4 16 -6 49
4 16 -5 49
4 16 -4 49
4 16 -3 49
4 16 -2 49
4 16 -1 49
4 16 0 49
4 16 1 49
4 16 2 49
4 16 3 49
4 16 4 49
4 16 5 49
4 16 6 49
4 16 7 49
-3 17 -6 48
-3 17 -5 47
-3 17 -4 48
-3 17 -3 47
-3 17 -2 48
-3 17 -1 48
-3 17 0 48
-3 17 1 48
-3 17 2 48
-3 17 3 48
-3 17 4 48
-3 17 5 48
-3 17 6 47
-3 17 7 48
-2 17 -5 36
-2 17 -4 11
-2 17 -3 11
-2 17 -2 11
-2 17 -1 11
-2 17 0 13
-2 17 1 11
-2 17 2 11
-2 17 3 11
-2 17 4 11
-2 17 5 11
-2 17 6 36
-1 17 -5 36
-1 17 -4 11
-1 17 -3 11
-1 17 -2 11
-1 17 -1 11
-1 17 0 11
-1 17 1 11
-1 17 2 11
-1 17 3 11
-1 17 4 11
-1 17 5 11
-1 17 6 36
0 17 -5 16
0 17 -4 11
0 17 -3 11
0 17 -2 11
0 17 -1 11
0 17 0 11
0 17 1 11
0 17 2 11
0 17 3 11
0 17 4 11
0 17 5 11
0 17 6 16
1 17 -5 36
1 17 -4 11
1 17 -3 11
1 17 -2 11
1 17 -1 11
1 17 0 11
1 17 1 11
1 17 2 11
1 17 3 11
1 17 4 11
1 17 5 11
1 17 6 36
2 17 -5 36
2 17 -4 11
2 17 -3 11
2 17 -2 11
2 17 -1 11
2 17 0 11
2 17 1 11
2 17 2 11
2 17 3 11
2 17 4 11
2 17 5 11
2 17 6 36
3 17 -6 49
3 17 -5 49
3 17 -4 50
3 17 -3 49
3 17 -2 49
3 17 -1 49
3 17 0 49
3 17 1 49
3 17 2 49
3 17 3 50
3 17 4 49
3 17 5 50
3 17 6 50
3 17 7 49
-2 18 -6 48
-2 18 -5 47
-2 18 -4 47
-2 18 -3 48
-2 18 -2 48
-2 18 -1 48
-2 18 0 13
-2 18 1 48
-2 18 2 48
-2 18 3 48
-2 18 4 48
-2 18 5 48
-2 18 6 48
-2 18 7 48
-1 18 -5 36
-1 18 -4 11
-1 18 -3 11
-1 18 -2 11
-1 18 -1 11
-1 18 0 11
-1 18 1 11
-1 18 2 11
-1 18 3 11
-1 18 4 11
-1 18 5 11
-1 18 6 36
0 18 -5 51
0 18 -4 11
0 18 -3 11
0 18 -2 11
0 18 -1 11
0 18 0 11
0 18 1 11
0 18 2 11
0 18 3 11
0 18 4 11
0 18 5 11
0 18 6 51
1 18 -5 36
1 18 -4 11
1 18 -3 11
1 18 -2 11
1 18 -1 11
1 18 0 11
1 18 1 11
1 18 2 11
1 18 3 11
1 18 4 11
1 18 5 11
1 18 6 36
2 18 -6 49
2 18 -5 49
2 18 -4 49
2 18 -3 49
2 18 -2 49
2 18 -1 50
2 18 0 49
2 18 1 49
2 18 2 49
2 18 3 49
2 18 4 49
2 18 5 49
2 18 6 49
2 18 7 49
-2 19 0 13
-1 19 -6 47
-1 19 -5 48
-1 19 -4 48
-1 19 -3 48
-1 19 -2 48
-1 19 -1 48
-1 19 0 48
-1 19 1 48
-1 19 2 47
-1 19 3 48
-1 19 4 48
-1 19 5 48
-1 19 6 48
-1 19 7 48
0 19 -6 7
0 19 -5 16
0 19 -4 7
0 19 -3 7
0 19 -2 7
0 19 -1 7
0 19 0 7
0 19 1 7
0 19 2 7
0 19 3 7
0 19 4 7
0 19 5 7
0 19 6 16
0 19 7 7
1 19 -6 49
1 19 -5 49
1 19 -4 50
1 19 -3 49
1 19 -2 49
1 19 -1 49
1 19 0 50
1 19 1 49
1 19 2 49
1 19 3 49
1 19 4 49
1 19 5 49
1 19 6 49
1 19 7 49
-2 20 0 23
0 20 -6 52
0 20 -5 52
0 20 -4 52
0 20 -3 52
0 20 -2 52
0 20 -1 52
0 20 0 52
0 20 1 52
0 20 2 52
0 20 3 52
0 20 4 52
0 20 5 52
0 20 6 52
0 20 7 52
-2 21 0 13
-2 22 0 23
-2 23 0 14
