core 0 1 6
P minecraft:cobblestone_stairs[facing=east,half=bottom,shape=straight,waterlogged=false]
P minecraft:cobblestone_stairs[facing=south,half=bottom,shape=straight,waterlogged=false]
P minecraft:andesite
P minecraft:cobblestone
P minecraft:mossy_cobblestone
P minecraft:stone
P minecraft:cobblestone_stairs[facing=north,half=bottom,shape=straight,waterlogged=false]
P minecraft:dark_oak_planks
P minecraft:cobblestone_stairs[facing=west,half=bottom,shape=straight,waterlogged=false]
P minecraft:gravel
P minecraft:spruce_stairs[facing=east,half=top,shape=straight,waterlogged=false]
P minecraft:water_cauldron[level=3]
P minecraft:smoker[facing=east,lit=false]
P minecraft:chest[facing=east,type=single,waterlogged=false]
P minecraft:barrel[facing=up,open=false]
P minecraft:spruce_stairs[facing=north,half=bottom,shape=straight,waterlogged=false]
P minecraft:air
P minecraft:dark_oak_log[axis=y]
P minecraft:bricks
P minecraft:stone_bricks
P minecraft:campfire[facing=east,lit=true,signal_fire=false,waterlogged=false]
P minecraft:blast_furnace[facing=south,lit=false]
P minecraft:crafting_table
P minecraft:furnace[facing=west,lit=false]
P minecraft:bookshelf
P minecraft:spruce_stairs[facing=west,half=top,shape=straight,waterlogged=false]
P minecraft:blast_furnace[facing=south,lit=true]
P minecraft:anvil[facing=north]
P minecraft:grindstone[face=floor,facing=east]
P minecraft:smithing_table
P minecraft:chest[facing=west,type=single,waterlogged=false]
P minecraft:dark_oak_trapdoor[facing=west,half=bottom,open=true,powered=false,waterlogged=false]
P minecraft:glass_pane[east=false,north=true,south=true,waterlogged=false,west=false]
P minecraft:potted_dandelion
P minecraft:flower_pot
P minecraft:dark_oak_trapdoor[facing=east,half=bottom,open=true,powered=false,waterlogged=false]
P minecraft:brick_stairs[facing=north,half=top,shape=straight,waterlogged=false]
P minecraft:dark_oak_log[axis=x]
P minecraft:lantern[hanging=true,waterlogged=false]
P minecraft:spruce_stairs[facing=north,half=top,shape=straight,waterlogged=false]
P minecraft:stone_brick_stairs[facing=north,half=top,shape=straight,waterlogged=false]
P minecraft:spruce_stairs[facing=west,half=bottom,shape=straight,waterlogged=false]
P minecraft:spruce_slab[type=top,waterlogged=false]
P minecraft:stripped_dark_oak_log[axis=x]
P minecraft:dark_oak_log[axis=z]
P minecraft:stripped_dark_oak_log[axis=z]
P minecraft:white_wool
P minecraft:yellow_wool
P minecraft:white_concrete
P minecraft:calcite
P minecraft:spruce_fence[east=false,north=false,south=true,waterlogged=false,west=true]
P minecraft:yellow_carpet
P minecraft:spruce_fence[east=false,north=false,south=true,waterlogged=false,west=false]
P minecraft:spruce_fence[east=false,north=true,south=true,waterlogged=false,west=false]
P minecraft:spruce_fence[east=false,north=true,south=false,waterlogged=false,west=false]
P minecraft:spruce_stairs[facing=south,half=bottom,shape=straight,waterlogged=false]
P minecraft:lantern[hanging=false,waterlogged=false]
P minecraft:glass_pane[east=false,north=true,south=true,waterlogged=false,west=true]
P minecraft:yellow_bed[facing=south,occupied=false,part=foot]
P minecraft:yellow_bed[facing=south,occupied=false,part=head]
P minecraft:spruce_fence[east=true,north=false,south=false,waterlogged=false,west=false]
P minecraft:spruce_stairs[facing=east,half=bottom,shape=straight,waterlogged=false]
P minecraft:dark_oak_stairs[facing=east,half=bottom,shape=straight,waterlogged=false]
P minecraft:dark_oak_stairs[facing=west,half=bottom,shape=straight,waterlogged=false]
P minecraft:glass_pane[east=true,north=false,south=false,waterlogged=false,west=true]
P minecraft:dark_oak_slab[type=bottom,waterlogged=false]
-4 0 -5 0
-4 0 -4 0
-4 0 -3 0
-4 0 -2 0
-4 0 -1 0
-4 0 0 0
-4 0 1 0
-4 0 2 0
-4 0 3 0
-4 0 4 0
-4 0 5 0
-3 0 -6 1
-3 0 -5 2
-3 0 -4 3
-3 0 -3 3
-3 0 -2 2
-3 0 -1 4
-3 0 0 3
-3 0 1 4
-3 0 2 3
-3 0 3 5
-3 0 4 4
-3 0 5 4
-3 0 6 6
-2 0 -6 1
-2 0 -5 3
-2 0 -4 7
-2 0 -3 7
-2 0 -2 7
-2 0 -1 7
-2 0 0 7
-2 0 1 7
-2 0 2 7
-2 0 3 7
-2 0 4 7
-2 0 5 4
-2 0 6 6
-1 0 -6 1
-1 0 -5 4
-1 0 -4 7
-1 0 -3 7
-1 0 -2 7
-1 0 -1 7
-1 0 0 7
-1 0 1 7
-1 0 2 7
-1 0 3 7
-1 0 4 7
-1 0 5 2
-1 0 6 6
0 0 -6 1
0 0 -5 2
0 0 -4 7
0 0 -3 7
0 0 -2 7
0 0 -1 7
0 0 0 7
0 0 1 7
0 0 2 7
0 0 3 7
0 0 4 7
0 0 5 5
1 0 -6 1
1 0 -5 2
1 0 -4 7
1 0 -3 7
1 0 -2 7
1 0 -1 7
1 0 0 7
1 0 1 7
1 0 2 7
1 0 3 7
1 0 4 7
1 0 5 4
1 0 6 6
2 0 -6 1
2 0 -5 3
2 0 -4 7
2 0 -3 7
2 0 -2 7
2 0 -1 7
2 0 0 7
2 0 1 7
2 0 2 7
2 0 3 7
2 0 4 7
2 0 5 2
2 0 6 6
3 0 -6 1
3 0 -5 4
3 0 -4 3
3 0 -3 5
3 0 -2 3
3 0 -1 4
3 0 0 2
3 0 1 4
3 0 2 3
3 0 3 3
3 0 4 3
3 0 5 2
3 0 6 6
4 0 -5 8
4 0 -4 8
4 0 -3 3
4 0 -2 3
4 0 -1 5
4 0 0 5
4 0 1 3
4 0 2 3
4 0 3 9
4 0 4 8
4 0 5 8
5 0 -3 3
5 0 -2 3
5 0 -1 3
5 0 0 3
5 0 1 3
5 0 2 3
5 0 3 3
6 0 -3 3
6 0 -2 3
6 0 -1 3
6 0 0 3
6 0 1 9
6 0 2 3
6 0 3 3
7 0 -3 3
7 0 -2 9
7 0 -1 3
7 0 0 9
7 0 1 3
7 0 2 5
7 0 3 3
8 0 -3 3
8 0 -2 9
8 0 -1 3
8 0 0 3
8 0 1 3
8 0 2 5
8 0 3 3
9 0 -3 3
9 0 -2 5
9 0 -1 9
9 0 0 9
9 0 1 3
9 0 2 5
9 0 3 3
-4 1 -2 10
-4 1 2 10
-3 1 -5 5
-3 1 -4 3
-3 1 -3 2
-3 1 -2 2
-3 1 -1 2
-3 1 0 3
-3 1 1 3
-3 1 2 3
-3 1 3 4
-3 1 4 2
-3 1 5 4
-2 1 -5 3
-2 1 -4 11
-2 1 -3 12
-2 1 -2 13
-2 1 -1 14
-2 1 0 7
-2 1 1 7
-2 1 2 7
-2 1 3 15
-2 1 4 16
-2 1 5 17
-1 1 -5 3
-1 1 -4 18
-1 1 -3 16
-1 1 -2 16
-1 1 -1 16
-1 1 0 16
-1 1 1 16
-1 1 2 16
-1 1 3 16
-1 1 4 16
-1 1 5 16
0 1 -5 19
0 1 -4 20
0 1 -3 16
0 1 -2 16
0 1 -1 16
0 1 0 16
0 1 1 16
0 1 2 16
0 1 3 16
0 1 4 16
0 1 5 16
1 1 -5 3
1 1 -4 18
1 1 -3 16
1 1 -2 16
1 1 -1 16
1 1 0 16
1 1 1 16
1 1 2 16
1 1 3 16
1 1 4 16
1 1 5 16
2 1 -5 3
2 1 -4 21
2 1 -3 16
2 1 -2 16
2 1 -1 16
2 1 0 22
2 1 1 23
2 1 2 24
2 1 3 16
2 1 4 14
2 1 5 17
3 1 -5 4
3 1 -4 3
3 1 -3 4
3 1 -2 4
3 1 -1 3
3 1 0 4
3 1 1 2
3 1 2 3
3 1 3 2
3 1 4 2
3 1 5 5
4 1 -3 16
4 1 -2 25
4 1 -1 16
4 1 0 16
4 1 1 16
4 1 2 25
4 1 3 16
5 1 -3 3
5 1 -2 16
5 1 -1 16
5 1 0 16
5 1 1 16
5 1 2 14
5 1 3 16
6 1 -4 19
6 1 -3 20
6 1 -2 16
6 1 -1 16
6 1 0 16
6 1 1 16
6 1 2 11
6 1 3 16
7 1 -3 19
7 1 -2 26
7 1 -1 16
7 1 0 16
7 1 1 16
7 1 2 16
7 1 3 16
8 1 -3 16
8 1 -2 16
8 1 -1 16
8 1 0 27
8 1 1 16
8 1 2 28
8 1 3 16
9 1 -3 17
9 1 -2 29
9 1 -1 16
9 1 0 17
9 1 1 16
9 1 2 16
9 1 3 30
-4 2 -3 31
-4 2 -1 31
-4 2 1 31
-4 2 3 31
-3 2 -5 19
-3 2 -4 4
-3 2 -3 4
-3 2 -2 32
-3 2 -1 3
-3 2 0 3
-3 2 1 5
-3 2 2 32
-3 2 3 3
-3 2 4 4
-3 2 5 19
-2 2 -5 3
-2 2 -4 16
-2 2 -3 16
-2 2 -2 16
-2 2 -1 33
-2 2 0 7
-2 2 1 7
-2 2 2 15
-2 2 3 16
-2 2 4 16
-2 2 5 17
-1 2 -5 3
-1 2 -4 18
-1 2 -3 16
-1 2 -2 16
-1 2 -1 16
-1 2 0 16
-1 2 1 16
-1 2 2 16
-1 2 3 16
-1 2 4 16
-1 2 5 16
0 2 -5 18
0 2 -4 16
0 2 -3 16
0 2 -2 16
0 2 -1 16
0 2 0 16
0 2 1 16
0 2 2 16
0 2 3 16
0 2 4 16
0 2 5 16
1 2 -5 3
1 2 -4 18
1 2 -3 16
1 2 -2 16
1 2 -1 16
1 2 0 16
1 2 1 16
1 2 2 16
1 2 3 16
1 2 4 16
1 2 5 16
2 2 -5 2
2 2 -4 16
2 2 -3 16
2 2 -2 16
2 2 -1 16
2 2 0 34
2 2 1 16
2 2 2 16
2 2 3 16
2 2 4 16
2 2 5 17
3 2 -5 19
3 2 -4 2
3 2 -3 3
3 2 -2 32
3 2 -1 5
3 2 0 2
3 2 1 3
3 2 2 32
3 2 3 4
3 2 4 3
3 2 5 19
4 2 -3 35
4 2 -2 16
4 2 -1 35
4 2 0 16
4 2 1 35
4 2 2 16
4 2 3 35
5 2 -3 3
5 2 -2 16
5 2 -1 16
5 2 0 16
5 2 1 16
5 2 2 16
5 2 3 16
6 2 -4 3
6 2 -3 16
6 2 -2 16
6 2 -1 16
6 2 0 16
6 2 1 16
6 2 2 16
6 2 3 16
7 2 -3 19
7 2 -2 19
7 2 -1 16
7 2 0 16
7 2 1 16
7 2 2 16
7 2 3 16
8 2 -3 16
8 2 -2 16
8 2 -1 16
8 2 0 16
8 2 1 16
8 2 2 16
8 2 3 16
9 2 -3 17
9 2 -2 16
9 2 -1 16
9 2 0 17
9 2 1 16
9 2 2 16
9 2 3 17
-4 3 -3 31
-4 3 -1 31
-4 3 1 31
-4 3 3 31
-3 3 -5 3
-3 3 -4 3
-3 3 -3 4
-3 3 -2 32
-3 3 -1 5
-3 3 0 2
-3 3 1 3
-3 3 2 32
-3 3 3 3
-3 3 4 3
-3 3 5 3
-2 3 -5 3
-2 3 -4 16
-2 3 -3 16
-2 3 -2 16
-2 3 -1 16
-2 3 0 7
-2 3 1 15
-2 3 2 16
-2 3 3 16
-2 3 4 16
-2 3 5 3
-1 3 -5 2
-1 3 -4 18
-1 3 -3 36
-1 3 -2 16
-1 3 -1 16
-1 3 0 16
-1 3 1 16
-1 3 2 16
-1 3 3 16
-1 3 4 16
-1 3 5 37
0 3 -5 18
0 3 -4 16
0 3 -3 36
0 3 -2 16
0 3 -1 16
0 3 0 38
0 3 1 16
0 3 2 16
0 3 3 16
0 3 4 16
0 3 5 37
0 3 6 39
1 3 -5 2
1 3 -4 19
1 3 -3 36
1 3 -2 16
1 3 -1 16
1 3 0 16
1 3 1 16
1 3 2 16
1 3 3 16
1 3 4 16
1 3 5 37
2 3 -5 5
2 3 -4 16
2 3 -3 16
2 3 -2 16
2 3 -1 16
2 3 0 16
2 3 1 16
2 3 2 16
2 3 3 16
2 3 4 16
2 3 5 4
2 3 6 38
3 3 -5 3
3 3 -4 2
3 3 -3 3
3 3 -2 32
3 3 -1 3
3 3 0 4
3 3 1 5
3 3 2 32
3 3 3 4
3 3 4 3
3 3 5 3
4 3 -3 35
4 3 -2 16
4 3 -1 35
4 3 0 16
4 3 1 35
4 3 2 16
4 3 3 35
5 3 -3 3
5 3 -2 16
5 3 -1 16
5 3 0 16
5 3 1 16
5 3 2 16
5 3 3 16
6 3 -4 19
6 3 -3 16
6 3 -2 40
6 3 -1 16
6 3 0 16
6 3 1 16
6 3 2 16
6 3 3 16
7 3 -3 19
7 3 -2 16
7 3 -1 16
7 3 0 38
7 3 1 16
7 3 2 16
7 3 3 16
8 3 -4 41
8 3 -3 41
8 3 -2 41
8 3 -1 41
8 3 0 41
8 3 1 41
8 3 2 41
8 3 3 41
8 3 4 41
9 3 -4 42
9 3 -3 42
9 3 -2 42
9 3 -1 42
9 3 0 42
9 3 1 42
9 3 2 42
9 3 3 42
9 3 4 42
-4 4 -2 43
-4 4 2 43
-3 4 -5 17
-3 4 -4 44
-3 4 -3 44
-3 4 -2 44
-3 4 -1 44
-3 4 0 44
-3 4 1 44
-3 4 2 44
-3 4 3 44
-3 4 4 44
-3 4 5 44
-3 4 6 17
-2 4 -6 45
-2 4 -5 37
-2 4 -4 7
-2 4 -3 7
-2 4 -2 7
-2 4 -1 7
-2 4 0 15
-2 4 1 16
-2 4 2 16
-2 4 3 16
-2 4 4 7
-2 4 5 7
-2 4 6 46
-1 4 -5 37
-1 4 -4 18
-1 4 -3 7
-1 4 -2 7
-1 4 -1 7
-1 4 0 7
-1 4 1 7
-1 4 2 7
-1 4 3 7
-1 4 4 7
-1 4 5 7
-1 4 6 47
0 4 -5 19
0 4 -4 16
0 4 -3 18
0 4 -2 7
0 4 -1 7
0 4 0 7
0 4 1 7
0 4 2 7
0 4 3 7
0 4 4 7
0 4 5 7
0 4 6 46
1 4 -5 37
1 4 -4 18
1 4 -3 7
1 4 -2 7
1 4 -1 7
1 4 0 7
1 4 1 7
1 4 2 7
1 4 3 7
1 4 4 7
1 4 5 7
1 4 6 47
2 4 -6 45
2 4 -5 37
2 4 -4 7
2 4 -3 7
2 4 -2 7
2 4 -1 7
2 4 0 7
2 4 1 7
2 4 2 7
2 4 3 7
2 4 4 7
2 4 5 7
2 4 6 46
3 4 -5 17
3 4 -4 44
3 4 -3 44
3 4 -2 44
3 4 -1 44
3 4 0 44
3 4 1 44
3 4 2 44
3 4 3 44
3 4 4 44
3 4 5 44
3 4 6 17
4 4 -3 16
4 4 -2 43
4 4 -1 16
4 4 0 16
4 4 1 16
4 4 2 43
4 4 3 16
5 4 -3 19
5 4 -2 16
5 4 -1 16
5 4 0 16
5 4 1 16
5 4 2 16
5 4 3 16
6 4 -4 3
6 4 -3 16
6 4 -2 19
6 4 -1 41
6 4 0 41
6 4 1 41
6 4 2 41
6 4 3 41
6 4 4 41
7 4 -4 42
7 4 -3 19
7 4 -2 42
7 4 -1 42
7 4 0 42
7 4 1 42
7 4 2 42
7 4 3 42
7 4 4 42
8 4 -3 16
8 4 -2 16
8 4 -1 16
8 4 0 16
8 4 1 16
8 4 2 16
8 4 3 16
9 4 -3 16
9 4 -2 16
9 4 -1 16
9 4 0 16
9 4 1 16
9 4 2 16
9 4 3 16
-4 5 -2 10
-4 5 2 10
-3 5 -5 17
-3 5 -4 17
-3 5 -3 48
-3 5 -2 48
-3 5 -1 48
-3 5 0 17
-3 5 1 48
-3 5 2 49
-3 5 3 49
-3 5 4 17
-3 5 5 48
-3 5 6 17
-2 5 -5 48
-2 5 -4 16
-2 5 -3 16
-2 5 -2 16
-2 5 -1 16
-2 5 0 16
-2 5 1 16
-2 5 2 16
-2 5 3 16
-2 5 4 50
-2 5 5 14
-2 5 6 49
-1 5 -5 48
-1 5 -4 18
-1 5 -3 16
-1 5 -2 16
-1 5 -1 16
-1 5 0 51
-1 5 1 52
-1 5 2 53
-1 5 3 54
-1 5 4 16
-1 5 5 16
-1 5 6 48
0 5 -5 19
0 5 -4 24
0 5 -3 18
0 5 -2 16
0 5 -1 16
0 5 0 51
0 5 1 51
0 5 2 16
0 5 3 16
0 5 4 16
0 5 5 16
0 5 6 17
1 5 -5 48
1 5 -4 18
1 5 -3 16
1 5 -2 16
1 5 -1 16
1 5 0 51
1 5 1 51
1 5 2 16
1 5 3 16
1 5 4 16
1 5 5 14
1 5 6 49
2 5 -5 49
2 5 -4 16
2 5 -3 16
2 5 -2 16
2 5 -1 16
2 5 0 55
2 5 1 7
2 5 2 7
2 5 3 7
2 5 4 16
2 5 5 16
2 5 6 48
3 5 -5 17
3 5 -4 17
3 5 -3 49
3 5 -2 48
3 5 -1 48
3 5 0 17
3 5 1 48
3 5 2 49
3 5 3 48
3 5 4 17
3 5 5 49
3 5 6 17
4 5 -4 41
4 5 -3 41
4 5 -2 41
4 5 -1 41
4 5 0 41
4 5 1 41
4 5 2 41
4 5 3 41
4 5 4 41
5 5 -4 42
5 5 -3 19
5 5 -2 42
5 5 -1 42
5 5 0 42
5 5 1 42
5 5 2 42
5 5 3 42
5 5 4 42
6 5 -4 19
6 5 -3 16
6 5 -2 19
7 5 -3 19
-4 6 -3 31
-4 6 -1 31
-4 6 1 31
-4 6 3 31
-3 6 -5 17
-3 6 -4 17
-3 6 -3 48
-3 6 -2 32
-3 6 -1 48
-3 6 0 17
-3 6 1 48
-3 6 2 32
-3 6 3 48
-3 6 4 17
-3 6 5 48
-3 6 6 17
-2 6 -5 48
-2 6 -4 16
-2 6 -3 16
-2 6 -2 16
-2 6 -1 16
-2 6 0 16
-2 6 1 16
-2 6 2 16
-2 6 3 16
-2 6 4 16
-2 6 5 16
-2 6 6 48
-1 6 -5 48
-1 6 -4 18
-1 6 -3 16
-1 6 -2 16
-1 6 -1 16
-1 6 0 16
-1 6 1 16
-1 6 2 16
-1 6 3 16
-1 6 4 16
-1 6 5 16
-1 6 6 48
0 6 -5 18
0 6 -4 16
0 6 -3 19
0 6 -2 16
0 6 -1 16
0 6 0 16
0 6 1 16
0 6 2 16
0 6 3 16
0 6 4 16
0 6 5 16
0 6 6 17
1 6 -5 48
1 6 -4 18
1 6 -3 16
1 6 -2 16
1 6 -1 16
1 6 0 16
1 6 1 16
1 6 2 16
1 6 3 16
1 6 4 16
1 6 5 56
1 6 6 49
2 6 -5 48
2 6 -4 16
2 6 -3 16
2 6 -2 16
2 6 -1 16
2 6 0 16
2 6 1 55
2 6 2 7
2 6 3 7
2 6 4 16
2 6 5 16
2 6 6 48
3 6 -5 17
3 6 -4 17
3 6 -3 48
3 6 -2 32
3 6 -1 48
3 6 0 17
3 6 1 48
3 6 2 57
3 6 3 48
3 6 4 17
3 6 5 49
3 6 6 17
4 6 1 35
4 6 3 35
5 6 -3 19
6 6 -4 3
6 6 -3 16
6 6 -2 19
7 6 -3 3
-4 7 -3 31
-4 7 -1 31
-4 7 1 31
-4 7 3 31
-3 7 -5 17
-3 7 -4 17
-3 7 -3 48
-3 7 -2 32
-3 7 -1 48
-3 7 0 17
-3 7 1 48
-3 7 2 32
-3 7 3 48
-3 7 4 17
-3 7 5 48
-3 7 6 17
-2 7 -5 49
-2 7 -4 16
-2 7 -3 16
-2 7 -2 16
-2 7 -1 16
-2 7 0 16
-2 7 1 16
-2 7 2 16
-2 7 3 16
-2 7 4 16
-2 7 5 16
-2 7 6 48
-1 7 -5 48
-1 7 -4 19
-1 7 -3 16
-1 7 -2 16
-1 7 -1 16
-1 7 0 16
-1 7 1 16
-1 7 2 16
-1 7 3 16
-1 7 4 16
-1 7 5 16
-1 7 6 48
0 7 -5 18
0 7 -4 16
0 7 -3 18
0 7 -2 16
0 7 -1 16
0 7 0 38
0 7 1 16
0 7 2 16
0 7 3 16
0 7 4 16
0 7 5 16
0 7 6 17
1 7 -5 48
1 7 -4 18
1 7 -3 16
1 7 -2 16
1 7 -1 16
1 7 0 16
1 7 1 16
1 7 2 16
1 7 3 16
1 7 4 16
1 7 5 16
1 7 6 48
2 7 -5 48
2 7 -4 16
2 7 -3 16
2 7 -2 16
2 7 -1 16
2 7 0 16
2 7 1 16
2 7 2 55
2 7 3 7
2 7 4 16
2 7 5 16
2 7 6 48
3 7 -5 17
3 7 -4 17
3 7 -3 48
3 7 -2 32
3 7 -1 48
3 7 0 17
3 7 1 48
3 7 2 32
3 7 3 48
3 7 4 17
3 7 5 49
3 7 6 17
4 7 1 35
4 7 3 35
5 7 -3 3
6 7 -4 19
6 7 -3 16
6 7 -2 3
7 7 -3 19
-4 8 -2 43
-4 8 2 43
-3 8 -5 17
-3 8 -4 44
-3 8 -3 44
-3 8 -2 44
-3 8 -1 44
-3 8 0 44
-3 8 1 44
-3 8 2 44
-3 8 3 44
-3 8 4 44
-3 8 5 44
-3 8 6 17
-2 8 -6 45
-2 8 -5 37
-2 8 -4 7
-2 8 -3 7
-2 8 -2 7
-2 8 -1 7
-2 8 0 7
-2 8 1 7
-2 8 2 7
-2 8 3 7
-2 8 4 7
-2 8 5 7
-2 8 6 37
-2 8 7 45
-1 8 -5 37
-1 8 -4 18
-1 8 -3 7
-1 8 -2 7
-1 8 -1 7
-1 8 0 7
-1 8 1 7
-1 8 2 7
-1 8 3 7
-1 8 4 7
-1 8 5 7
-1 8 6 37
0 8 -5 18
0 8 -4 16
0 8 -3 18
0 8 -2 7
0 8 -1 7
0 8 0 7
0 8 1 7
0 8 2 7
0 8 3 7
0 8 4 7
0 8 5 7
0 8 6 37
1 8 -5 37
1 8 -4 18
1 8 -3 7
1 8 -2 7
1 8 -1 7
1 8 0 7
1 8 1 7
1 8 2 7
1 8 3 7
1 8 4 7
1 8 5 7
1 8 6 37
2 8 -6 45
2 8 -5 37
2 8 -4 7
2 8 -3 7
2 8 -2 7
2 8 -1 7
2 8 0 16
2 8 1 16
2 8 2 16
2 8 3 55
2 8 4 7
2 8 5 7
2 8 6 37
2 8 7 45
3 8 -5 17
3 8 -4 44
3 8 -3 44
3 8 -2 44
3 8 -1 44
3 8 0 44
3 8 1 44
3 8 2 44
3 8 3 44
3 8 4 44
3 8 5 44
3 8 6 17
4 8 -2 43
4 8 2 43
5 8 -3 19
6 8 -4 19
6 8 -3 16
6 8 -2 3
7 8 -3 3
-4 9 -2 10
-4 9 2 10
-3 9 -5 17
-3 9 -4 17
-3 9 -3 48
-3 9 -2 49
-3 9 -1 48
-3 9 0 17
-3 9 1 48
-3 9 2 48
-3 9 3 48
-3 9 4 17
-3 9 5 48
-3 9 6 17
-2 9 -5 48
-2 9 -4 16
-2 9 -3 16
-2 9 -2 16
-2 9 -1 16
-2 9 0 16
-2 9 1 16
-2 9 2 16
-2 9 3 14
-2 9 4 24
-2 9 5 13
-2 9 6 48
-1 9 -5 48
-1 9 -4 18
-1 9 -3 16
-1 9 -2 16
-1 9 -1 51
-1 9 0 51
-1 9 1 51
-1 9 2 16
-1 9 3 16
-1 9 4 58
-1 9 5 59
-1 9 6 48
0 9 -5 19
0 9 -4 16
0 9 -3 18
0 9 -2 16
0 9 -1 51
0 9 0 51
0 9 1 51
0 9 2 16
0 9 3 16
0 9 4 16
0 9 5 14
0 9 6 17
1 9 -5 48
1 9 -4 18
1 9 -3 16
1 9 -2 16
1 9 -1 51
1 9 0 52
1 9 1 53
1 9 2 54
1 9 3 16
1 9 4 16
1 9 5 16
1 9 6 48
2 9 -5 48
2 9 -4 16
2 9 -3 16
2 9 -2 16
2 9 -1 60
2 9 0 16
2 9 1 16
2 9 2 16
2 9 3 16
2 9 4 16
2 9 5 16
2 9 6 48
3 9 -5 17
3 9 -4 17
3 9 -3 48
3 9 -2 48
3 9 -1 48
3 9 0 17
3 9 1 48
3 9 2 48
3 9 3 48
3 9 4 17
3 9 5 48
3 9 6 17
4 9 -2 25
4 9 2 25
5 9 -3 3
6 9 -4 19
6 9 -3 20
6 9 -2 19
7 9 -3 19
-4 10 -3 31
-4 10 -1 31
-3 10 -5 17
-3 10 -4 17
-3 10 -3 48
-3 10 -2 32
-3 10 -1 48
-3 10 0 17
-3 10 1 49
-3 10 2 32
-3 10 3 48
-3 10 4 17
-3 10 5 48
-3 10 6 17
-2 10 -5 48
-2 10 -4 16
-2 10 -3 16
-2 10 -2 16
-2 10 -1 16
-2 10 0 16
-2 10 1 16
-2 10 2 16
-2 10 3 16
-2 10 4 16
-2 10 5 16
-2 10 6 48
-1 10 -5 48
-1 10 -4 18
-1 10 -3 16
-1 10 -2 16
-1 10 -1 16
-1 10 0 16
-1 10 1 16
-1 10 2 16
-1 10 3 16
-1 10 4 16
-1 10 5 16
-1 10 6 48
0 10 -5 18
0 10 -4 16
0 10 -3 19
0 10 -2 16
0 10 -1 16
0 10 0 16
0 10 1 16
0 10 2 16
0 10 3 16
0 10 4 16
0 10 5 56
0 10 6 17
1 10 -5 48
1 10 -4 18
1 10 -3 16
1 10 -2 16
1 10 -1 16
1 10 0 16
1 10 1 16
1 10 2 16
1 10 3 16
1 10 4 16
1 10 5 16
1 10 6 48
2 10 -5 48
2 10 -4 16
2 10 -3 16
2 10 -2 16
2 10 -1 16
2 10 0 16
2 10 1 16
2 10 2 16
2 10 3 16
2 10 4 16
2 10 5 16
2 10 6 48
3 10 -5 17
3 10 -4 17
3 10 -3 48
3 10 -2 32
3 10 -1 49
3 10 0 17
3 10 1 48
3 10 2 32
3 10 3 48
3 10 4 17
3 10 5 48
3 10 6 17
4 10 1 35
4 10 3 35
5 10 -3 3
6 10 -4 19
6 10 -3 16
6 10 -2 19
7 10 -3 19
-4 11 -3 31
-4 11 -1 31
-3 11 -5 17
-3 11 -4 17
-3 11 -3 49
-3 11 -2 32
-3 11 -1 48
-3 11 0 17
-3 11 1 48
-3 11 2 32
-3 11 3 48
-3 11 4 17
-3 11 5 48
-3 11 6 17
-2 11 -5 48
-2 11 -4 16
-2 11 -3 16
-2 11 -2 16
-2 11 -1 16
-2 11 0 16
-2 11 1 16
-2 11 2 16
-2 11 3 16
-2 11 4 16
-2 11 5 16
-2 11 6 48
-1 11 -5 48
-1 11 -4 18
-1 11 -3 16
-1 11 -2 16
-1 11 -1 16
-1 11 0 16
-1 11 1 16
-1 11 2 16
-1 11 3 16
-1 11 4 16
-1 11 5 16
-1 11 6 48
0 11 -5 18
0 11 -4 16
0 11 -3 18
0 11 -2 16
0 11 -1 16
0 11 0 38
0 11 1 16
0 11 2 16
0 11 3 16
0 11 4 16
0 11 5 16
0 11 6 17
1 11 -5 48
1 11 -4 18
1 11 -3 16
1 11 -2 16
1 11 -1 16
1 11 0 16
1 11 1 16
1 11 2 16
1 11 3 16
1 11 4 16
1 11 5 16
1 11 6 48
2 11 -5 49
2 11 -4 16
2 11 -3 16
2 11 -2 16
2 11 -1 16
2 11 0 16
2 11 1 16
2 11 2 16
2 11 3 16
2 11 4 16
2 11 5 16
2 11 6 48
3 11 -5 17
3 11 -4 17
3 11 -3 48
3 11 -2 32
3 11 -1 48
3 11 0 17
3 11 1 48
3 11 2 32
3 11 3 49
3 11 4 17
3 11 5 48
3 11 6 17
4 11 1 35
4 11 3 35
5 11 -3 19
6 11 -4 3
6 11 -3 16
6 11 -2 19
7 11 -3 19
-4 12 -6 61
-4 12 -5 61
-4 12 -4 61
-4 12 -3 62
-4 12 -2 62
-4 12 -1 61
-4 12 0 61
-4 12 1 61
-4 12 2 61
-4 12 3 61
-4 12 4 61
-4 12 5 61
-4 12 6 61
-4 12 7 61
-3 12 -5 17
-3 12 -4 44
-3 12 -3 44
-3 12 -2 44
-3 12 -1 44
-3 12 0 44
-3 12 1 44
-3 12 2 44
-3 12 3 44
-3 12 4 44
-3 12 5 44
-3 12 6 17
-2 12 -5 37
-2 12 6 37
-1 12 -5 37
-1 12 -4 18
-1 12 6 37
0 12 -5 18
0 12 -4 16
0 12 -3 18
0 12 6 37
1 12 -5 37
1 12 -4 19
1 12 6 37
2 12 -5 37
2 12 6 37
3 12 -5 17
3 12 -4 44
3 12 -3 44
3 12 -2 44
3 12 -1 44
3 12 0 44
3 12 1 44
3 12 2 44
3 12 3 44
3 12 4 44
3 12 5 44
3 12 6 17
4 12 -6 41
4 12 -5 41
4 12 -4 41
4 12 -3 41
4 12 -2 63
4 12 -1 41
4 12 0 41
4 12 1 41
4 12 2 41
4 12 3 41
4 12 4 41
4 12 5 41
4 12 6 41
4 12 7 41
-3 13 -6 61
-3 13 -5 61
-3 13 -4 61
-3 13 -3 61
-3 13 -2 61
-3 13 -1 62
-3 13 0 61
-3 13 1 61
-3 13 2 61
-3 13 3 61
-3 13 4 61
-3 13 5 61
-3 13 6 61
-3 13 7 61
-2 13 -5 48
-2 13 -4 16
-2 13 -3 16
-2 13 -2 16
-2 13 -1 16
-2 13 0 16
-2 13 1 16
-2 13 2 16
-2 13 3 16
-2 13 4 16
-2 13 5 16
-2 13 6 48
-1 13 -5 48
-1 13 -4 18
-1 13 -3 16
-1 13 -2 16
-1 13 -1 16
-1 13 0 16
-1 13 1 16
-1 13 2 16
-1 13 3 16
-1 13 4 16
-1 13 5 16
-1 13 6 49
0 13 -5 19
0 13 -4 16
0 13 -3 18
0 13 -2 16
0 13 -1 16
0 13 0 16
0 13 1 16
0 13 2 16
0 13 3 16
0 13 4 16
0 13 5 16
0 13 6 17
1 13 -5 49
1 13 -4 18
1 13 -3 16
1 13 -2 16
1 13 -1 16
1 13 0 16
1 13 1 16
1 13 2 16
1 13 3 16
1 13 4 16
1 13 5 16
1 13 6 49
2 13 -5 48
2 13 -4 16
2 13 -3 16
2 13 -2 16
2 13 -1 16
2 13 0 16
2 13 1 16
2 13 2 16
2 13 3 16
2 13 4 16
2 13 5 16
2 13 6 48
3 13 -6 41
3 13 -5 41
3 13 -4 41
3 13 -3 41
3 13 -2 41
3 13 -1 41
3 13 0 41
3 13 1 63
3 13 2 41
3 13 3 41
3 13 4 41
3 13 5 41
3 13 6 41
3 13 7 41
-2 14 -6 62
-2 14 -5 62
-2 14 -4 61
-2 14 -3 61
-2 14 -2 61
-2 14 -1 61
-2 14 0 61
-2 14 1 61
-2 14 2 62
-2 14 3 61
-2 14 4 61
-2 14 5 61
-2 14 6 61
-2 14 7 61
-1 14 -5 49
-1 14 -4 18
-1 14 -3 16
-1 14 -2 16
-1 14 -1 16
-1 14 0 16
-1 14 1 16
-1 14 2 16
-1 14 3 16
-1 14 4 16
-1 14 5 16
-1 14 6 49
0 14 -5 18
0 14 -4 16
0 14 -3 18
0 14 -2 16
0 14 -1 16
0 14 0 16
0 14 1 16
0 14 2 16
0 14 3 16
0 14 4 16
0 14 5 16
0 14 6 64
1 14 -5 48
1 14 -4 19
1 14 -3 16
1 14 -2 16
1 14 -1 16
1 14 0 16
1 14 1 16
1 14 2 16
1 14 3 16
1 14 4 16
1 14 5 16
1 14 6 48
2 14 -6 41
2 14 -5 41
2 14 -4 41
2 14 -3 41
2 14 -2 63
2 14 -1 41
2 14 0 63
2 14 1 41
2 14 2 41
2 14 3 41
2 14 4 41
2 14 5 41
2 14 6 63
2 14 7 63
-1 15 -6 61
-1 15 -5 61
-1 15 -4 18
-1 15 -3 61
-1 15 -2 61
-1 15 -1 61
-1 15 0 61
-1 15 1 61
-1 15 2 61
-1 15 3 61
-1 15 4 61
-1 15 5 62
-1 15 6 61
-1 15 7 62
0 15 -6 7
0 15 -5 18
0 15 -4 16
0 15 -3 19
0 15 -2 7
0 15 -1 7
0 15 0 7
0 15 1 7
0 15 2 7
0 15 3 7
0 15 4 7
0 15 5 7
0 15 6 17
0 15 7 7
1 15 -6 41
1 15 -5 63
1 15 -4 19
1 15 -3 41
1 15 -2 41
1 15 -1 41
1 15 0 41
1 15 1 41
1 15 2 41
1 15 3 41
1 15 4 41
1 15 5 41
1 15 6 41
1 15 7 41
-1 16 -4 18
0 16 -6 65
0 16 -5 18
0 16 -4 20
0 16 -3 18
0 16 -2 65
0 16 -1 65
0 16 0 65
0 16 1 65
0 16 2 65
0 16 3 65
0 16 4 65
0 16 5 65
0 16 6 65
0 16 7 65
1 16 -4 18
-1 17 -4 18
0 17 -5 18
0 17 -4 16
0 17 -3 18
1 17 -4 18
-1 18 -4 18
0 18 -5 18
0 18 -4 16
0 18 -3 18
1 18 -4 18
