core 0 1 4
P minecraft:cobblestone
P minecraft:mossy_cobblestone
P minecraft:andesite
P minecraft:stone_bricks
P minecraft:air
P minecraft:barrel[facing=up,open=false]
P minecraft:ladder[facing=south,waterlogged=false]
P minecraft:spruce_door[facing=north,half=lower,hinge=left,open=false,powered=false]
P minecraft:spruce_door[facing=north,half=upper,hinge=left,open=false,powered=false]
P minecraft:lantern[hanging=true,waterlogged=false]
P minecraft:spruce_planks
P minecraft:spruce_stairs[facing=east,half=top,shape=outer_right,waterlogged=false]
P minecraft:spruce_stairs[facing=east,half=top,shape=outer_left,waterlogged=false]
P minecraft:spruce_stairs[facing=south,half=top,shape=straight,waterlogged=false]
P minecraft:spruce_stairs[facing=north,half=top,shape=straight,waterlogged=false]
P minecraft:spruce_stairs[facing=west,half=top,shape=outer_left,waterlogged=false]
P minecraft:spruce_stairs[facing=west,half=top,shape=outer_right,waterlogged=false]
P minecraft:spruce_log[axis=y]
P minecraft:spruce_fence[east=false,north=true,south=true,waterlogged=false,west=false]
P minecraft:spruce_fence[east=true,north=false,south=false,waterlogged=false,west=true]
P minecraft:dark_oak_stairs[facing=east,half=bottom,shape=outer_right,waterlogged=false]
P minecraft:dark_oak_stairs[facing=east,half=bottom,shape=straight,waterlogged=false]
P minecraft:dark_oak_stairs[facing=east,half=bottom,shape=outer_left,waterlogged=false]
P minecraft:dark_oak_stairs[facing=south,half=bottom,shape=straight,waterlogged=false]
P minecraft:dark_oak_stairs[facing=north,half=bottom,shape=straight,waterlogged=false]
P minecraft:dark_oak_stairs[facing=south,half=bottom,shape=outer_right,waterlogged=false]
P minecraft:dark_oak_stairs[facing=west,half=bottom,shape=straight,waterlogged=false]
P minecraft:dark_oak_stairs[facing=west,half=bottom,shape=outer_right,waterlogged=false]
P minecraft:dark_oak_planks
P minecraft:dark_oak_fence[east=false,north=false,south=false,waterlogged=false,west=false]
-3 0 -3 0
-3 0 -2 0
-3 0 -1 1
-3 0 0 0
-3 0 1 2
-3 0 2 2
-3 0 3 0
-2 0 -3 0
-2 0 -2 0
-2 0 -1 3
-2 0 0 1
-2 0 1 0
-2 0 2 0
-2 0 3 0
-1 0 -3 0
-1 0 -2 0
-1 0 -1 1
-1 0 0 0
-1 0 1 0
-1 0 2 1
-1 0 3 2
0 0 -3 0
0 0 -2 1
0 0 -1 0
0 0 0 0
0 0 1 0
0 0 2 0
0 0 3 0
1 0 -3 2
1 0 -2 0
1 0 -1 0
1 0 0 3
1 0 1 1
1 0 2 0
1 0 3 0
2 0 -3 2
2 0 -2 0
2 0 -1 1
2 0 0 0
2 0 1 2
2 0 2 0
2 0 3 2
3 0 -3 0
3 0 -2 3
3 0 -1 2
3 0 0 0
3 0 1 1
3 0 2 2
3 0 3 0
-3 1 -3 3
-3 1 -2 1
-3 1 -1 3
-3 1 0 0
-3 1 1 0
-3 1 2 0
-3 1 3 3
-2 1 -3 2
-2 1 -2 4
-2 1 -1 4
-2 1 0 4
-2 1 1 4
-2 1 2 4
-2 1 3 3
-1 1 -3 2
-1 1 -2 4
-1 1 -1 4
-1 1 0 4
-1 1 1 4
-1 1 2 5
-1 1 3 1
0 1 -3 0
0 1 -2 6
0 1 -1 4
0 1 0 4
0 1 1 4
0 1 2 4
0 1 3 7
1 1 -3 1
1 1 -2 4
1 1 -1 4
1 1 0 4
1 1 1 4
1 1 2 4
1 1 3 2
2 1 -3 3
2 1 -2 4
2 1 -1 4
2 1 0 4
2 1 1 4
2 1 2 4
2 1 3 3
3 1 -3 3
3 1 -2 3
3 1 -1 0
3 1 0 0
3 1 1 3
3 1 2 2
3 1 3 3
-3 2 -3 3
-3 2 -2 0
-3 2 -1 3
-3 2 0 1
-3 2 1 0
-3 2 2 0
-3 2 3 3
-2 2 -3 3
-2 2 -2 4
-2 2 -1 4
-2 2 0 4
-2 2 1 4
-2 2 2 4
-2 2 3 0
-1 2 -3 0
-1 2 -2 4
-1 2 -1 4
-1 2 0 4
-1 2 1 4
-1 2 2 4
-1 2 3 0
0 2 -3 1
0 2 -2 6
0 2 -1 4
0 2 0 4
0 2 1 4
0 2 2 4
0 2 3 8
1 2 -3 0
1 2 -2 4
1 2 -1 4
1 2 0 4
1 2 1 4
1 2 2 4
1 2 3 0
2 2 -3 0
2 2 -2 4
2 2 -1 4
2 2 0 4
2 2 1 4
2 2 2 4
2 2 3 0
3 2 -3 3
3 2 -2 1
3 2 -1 0
3 2 0 3
3 2 1 3
3 2 2 0
3 2 3 3
-3 3 -3 3
-3 3 -2 0
-3 3 -1 3
-3 3 0 4
-3 3 1 3
-3 3 2 0
-3 3 3 3
-2 3 -3 0
-2 3 -2 4
-2 3 -1 4
-2 3 0 4
-2 3 1 4
-2 3 2 4
-2 3 3 3
-1 3 -3 0
-1 3 -2 4
-1 3 -1 4
-1 3 0 4
-1 3 1 4
-1 3 2 4
-1 3 3 1
0 3 -3 3
0 3 -2 6
0 3 -1 4
0 3 0 4
0 3 1 4
0 3 2 4
0 3 3 4
1 3 -3 1
1 3 -2 4
1 3 -1 4
1 3 0 4
1 3 1 9
1 3 2 4
1 3 3 0
2 3 -3 3
2 3 -2 4
2 3 -1 4
2 3 0 4
2 3 1 4
2 3 2 4
2 3 3 0
3 3 -3 3
3 3 -2 3
3 3 -1 3
3 3 0 4
3 3 1 3
3 3 2 1
3 3 3 3
-3 4 -3 3
-3 4 -2 0
-3 4 -1 0
-3 4 0 4
-3 4 1 0
-3 4 2 1
-3 4 3 3
-2 4 -3 0
-2 4 -2 10
-2 4 -1 10
-2 4 0 10
-2 4 1 10
-2 4 2 10
-2 4 3 1
-1 4 -3 3
-1 4 -2 10
-1 4 -1 10
-1 4 0 10
-1 4 1 10
-1 4 2 10
-1 4 3 0
0 4 -3 2
0 4 -2 6
0 4 -1 10
0 4 0 10
0 4 1 10
0 4 2 10
0 4 3 4
1 4 -3 0
1 4 -2 10
1 4 -1 10
1 4 0 10
1 4 1 10
1 4 2 10
1 4 3 3
2 4 -3 0
2 4 -2 10
2 4 -1 10
2 4 0 10
2 4 1 10
2 4 2 10
2 4 3 1
3 4 -3 3
3 4 -2 0
3 4 -1 0
3 4 0 4
3 4 1 0
3 4 2 0
3 4 3 3
-3 5 -3 3
-3 5 -2 3
-3 5 -1 2
-3 5 0 1
-3 5 1 0
-3 5 2 0
-3 5 3 3
-2 5 -3 0
-2 5 -2 4
-2 5 -1 4
-2 5 0 4
-2 5 1 4
-2 5 2 4
-2 5 3 0
-1 5 -3 1
-1 5 -2 4
-1 5 -1 4
-1 5 0 4
-1 5 1 4
-1 5 2 4
-1 5 3 0
0 5 -3 3
0 5 -2 6
0 5 -1 4
0 5 0 4
0 5 1 4
0 5 2 4
0 5 3 0
1 5 -3 0
1 5 -2 4
1 5 -1 4
1 5 0 4
1 5 1 4
1 5 2 4
1 5 3 1
2 5 -3 0
2 5 -2 4
2 5 -1 4
2 5 0 4
2 5 1 4
2 5 2 4
2 5 3 2
3 5 -3 3
3 5 -2 0
3 5 -1 0
3 5 0 3
3 5 1 2
3 5 2 0
3 5 3 3
-3 6 -3 3
-3 6 -2 0
-3 6 -1 0
-3 6 0 2
-3 6 1 2
-3 6 2 0
-3 6 3 3
-2 6 -3 0
-2 6 -2 4
-2 6 -1 4
-2 6 0 4
-2 6 1 4
-2 6 2 4
-2 6 3 0
-1 6 -3 3
-1 6 -2 4
-1 6 -1 4
-1 6 0 4
-1 6 1 4
-1 6 2 4
-1 6 3 0
0 6 -3 0
0 6 -2 6
0 6 -1 4
0 6 0 4
0 6 1 4
0 6 2 4
0 6 3 0
1 6 -3 0
1 6 -2 4
1 6 -1 4
1 6 0 4
1 6 1 4
1 6 2 4
1 6 3 3
2 6 -3 0
2 6 -2 4
2 6 -1 4
2 6 0 4
2 6 1 4
2 6 2 4
2 6 3 2
3 6 -3 3
3 6 -2 0
3 6 -1 2
3 6 0 0
3 6 1 0
3 6 2 0
3 6 3 3
-3 7 -3 3
-3 7 -2 2
-3 7 -1 0
-3 7 0 4
-3 7 1 0
-3 7 2 1
-3 7 3 3
-2 7 -3 3
-2 7 -2 4
-2 7 -1 4
-2 7 0 4
-2 7 1 4
-2 7 2 4
-2 7 3 3
-1 7 -3 0
-1 7 -2 4
-1 7 -1 4
-1 7 0 4
-1 7 1 4
-1 7 2 4
-1 7 3 0
0 7 -3 1
0 7 -2 6
0 7 -1 4
0 7 0 4
0 7 1 4
0 7 2 4
0 7 3 4
1 7 -3 0
1 7 -2 4
1 7 -1 4
1 7 0 4
1 7 1 4
1 7 2 4
1 7 3 0
2 7 -3 3
2 7 -2 4
2 7 -1 4
2 7 0 4
2 7 1 4
2 7 2 4
2 7 3 3
3 7 -3 3
3 7 -2 0
3 7 -1 0
3 7 0 4
3 7 1 0
3 7 2 3
3 7 3 3
-3 8 -3 3
-3 8 -2 0
-3 8 -1 3
-3 8 0 4
-3 8 1 0
-3 8 2 3
-3 8 3 3
-2 8 -3 3
-2 8 -2 4
-2 8 -1 4
-2 8 0 4
-2 8 1 4
-2 8 2 4
-2 8 3 1
-1 8 -3 0
-1 8 -2 4
-1 8 -1 4
-1 8 0 4
-1 8 1 4
-1 8 2 4
-1 8 3 1
0 8 -3 0
0 8 -2 6
0 8 -1 4
0 8 0 4
0 8 1 4
0 8 2 4
0 8 3 4
1 8 -3 1
1 8 -2 4
1 8 -1 4
1 8 0 4
1 8 1 9
1 8 2 4
1 8 3 0
2 8 -3 0
2 8 -2 4
2 8 -1 4
2 8 0 4
2 8 1 4
2 8 2 4
2 8 3 3
3 8 -3 3
3 8 -2 0
3 8 -1 0
3 8 0 4
3 8 1 3
3 8 2 3
3 8 3 3
-3 9 -3 3
-3 9 -2 0
-3 9 -1 3
-3 9 0 2
-3 9 1 2
-3 9 2 0
-3 9 3 3
-2 9 -3 1
-2 9 -2 10
-2 9 -1 10
-2 9 0 10
-2 9 1 10
-2 9 2 10
-2 9 3 1
-1 9 -3 0
-1 9 -2 10
-1 9 -1 10
-1 9 0 10
-1 9 1 10
-1 9 2 10
-1 9 3 0
0 9 -3 0
0 9 -2 6
0 9 -1 10
0 9 0 10
0 9 1 10
0 9 2 10
0 9 3 3
1 9 -3 0
1 9 -2 10
1 9 -1 10
1 9 0 10
1 9 1 10
1 9 2 10
1 9 3 0
2 9 -3 0
2 9 -2 10
2 9 -1 10
2 9 0 10
2 9 1 10
2 9 2 10
2 9 3 0
3 9 -3 3
3 9 -2 1
3 9 -1 2
3 9 0 3
3 9 1 3
3 9 2 0
3 9 3 3
-3 10 -3 3
-3 10 -2 1
-3 10 -1 3
-3 10 0 0
-3 10 1 2
-3 10 2 0
-3 10 3 3
-2 10 -3 2
-2 10 -2 4
-2 10 -1 4
-2 10 0 4
-2 10 1 4
-2 10 2 4
-2 10 3 3
-1 10 -3 2
-1 10 -2 4
-1 10 -1 4
-1 10 0 4
-1 10 1 4
-1 10 2 4
-1 10 3 2
0 10 -3 0
0 10 -2 6
0 10 -1 4
0 10 0 4
0 10 1 4
0 10 2 4
0 10 3 0
1 10 -3 2
1 10 -2 4
1 10 -1 4
1 10 0 4
1 10 1 4
1 10 2 4
1 10 3 2
2 10 -3 2
2 10 -2 4
2 10 -1 4
2 10 0 4
2 10 1 4
2 10 2 4
2 10 3 3
3 10 -3 3
3 10 -2 2
3 10 -1 2
3 10 0 0
3 10 1 3
3 10 2 2
3 10 3 3
-3 11 -3 3
-3 11 -2 0
-3 11 -1 0
-3 11 0 4
-3 11 1 1
-3 11 2 1
-3 11 3 3
-2 11 -3 3
-2 11 -2 4
-2 11 -1 4
-2 11 0 4
-2 11 1 4
-2 11 2 4
-2 11 3 0
-1 11 -3 0
-1 11 -2 4
-1 11 -1 4
-1 11 0 4
-1 11 1 4
-1 11 2 4
-1 11 3 0
0 11 -3 0
0 11 -2 6
0 11 -1 4
0 11 0 4
0 11 1 4
0 11 2 4
0 11 3 4
1 11 -3 0
1 11 -2 4
1 11 -1 4
1 11 0 4
1 11 1 4
1 11 2 4
1 11 3 0
2 11 -3 2
2 11 -2 4
2 11 -1 4
2 11 0 4
2 11 1 4
2 11 2 4
2 11 3 0
3 11 -3 3
3 11 -2 0
3 11 -1 1
3 11 0 4
3 11 1 0
3 11 2 3
3 11 3 3
-3 12 -3 3
-3 12 -2 1
-3 12 -1 0
-3 12 0 4
-3 12 1 0
-3 12 2 2
-3 12 3 3
-2 12 -3 3
-2 12 -2 4
-2 12 -1 4
-2 12 0 4
-2 12 1 4
-2 12 2 4
-2 12 3 0
-1 12 -3 2
-1 12 -2 4
-1 12 -1 4
-1 12 0 4
-1 12 1 4
-1 12 2 4
-1 12 3 3
0 12 -3 0
0 12 -2 6
0 12 -1 4
0 12 0 4
0 12 1 4
0 12 2 4
0 12 3 4
1 12 -3 3
1 12 -2 4
1 12 -1 4
1 12 0 4
1 12 1 4
1 12 2 4
1 12 3 2
2 12 -3 3
2 12 -2 4
2 12 -1 4
2 12 0 4
2 12 1 4
2 12 2 4
2 12 3 0
3 12 -3 3
3 12 -2 3
3 12 -1 0
3 12 0 4
3 12 1 0
3 12 2 0
3 12 3 3
-3 13 -3 3
-3 13 -2 3
-3 13 -1 1
-3 13 0 0
-3 13 1 2
-3 13 2 2
-3 13 3 3
-2 13 -3 1
-2 13 -2 4
-2 13 -1 4
-2 13 0 4
-2 13 1 4
-2 13 2 4
-2 13 3 3
-1 13 -3 2
-1 13 -2 4
-1 13 -1 4
-1 13 0 4
-1 13 1 4
-1 13 2 4
-1 13 3 0
0 13 -3 3
0 13 -2 6
0 13 -1 4
0 13 0 4
0 13 1 4
0 13 2 4
0 13 3 3
1 13 -3 0
1 13 -2 4
1 13 -1 4
1 13 0 4
1 13 1 9
1 13 2 4
1 13 3 2
2 13 -3 3
2 13 -2 4
2 13 -1 4
2 13 0 4
2 13 1 4
2 13 2 4
2 13 3 3
3 13 -3 3
3 13 -2 0
3 13 -1 2
3 13 0 0
3 13 1 1
3 13 2 0
3 13 3 3
-4 14 -4 11
-4 14 4 12
-3 14 -4 13
-3 14 -3 3
-3 14 -2 3
-3 14 -1 2
-3 14 0 0
-3 14 1 0
-3 14 2 0
-3 14 3 3
-3 14 4 14
-2 14 -4 13
-2 14 -3 3
-2 14 -2 10
-2 14 -1 10
-2 14 0 10
-2 14 1 10
-2 14 2 10
-2 14 3 1
-2 14 4 14
-1 14 -4 13
-1 14 -3 0
-1 14 -2 10
-1 14 -1 10
-1 14 0 10
-1 14 1 10
-1 14 2 10
-1 14 3 1
-1 14 4 14
0 14 -4 13
0 14 -3 3
0 14 -2 6
0 14 -1 10
0 14 0 10
0 14 1 10
0 14 2 10
0 14 3 2
0 14 4 14
1 14 -4 13
1 14 -3 1
1 14 -2 10
1 14 -1 10
1 14 0 10
1 14 1 10
1 14 2 10
1 14 3 0
1 14 4 14
2 14 -4 13
2 14 -3 0
2 14 -2 10
2 14 -1 10
2 14 0 10
2 14 1 10
2 14 2 10
2 14 3 0
2 14 4 14
3 14 -4 13
3 14 -3 3
3 14 -2 1
3 14 -1 0
3 14 0 0
3 14 1 2
3 14 2 0
3 14 3 3
3 14 4 14
4 14 -4 15
4 14 4 16
-4 15 -4 10
-4 15 -3 10
-4 15 -2 10
-4 15 -1 10
-4 15 0 10
-4 15 1 10
-4 15 2 10
-4 15 3 10
-4 15 4 10
-3 15 -4 10
-3 15 -3 10
-3 15 -2 10
-3 15 -1 10
-3 15 0 10
-3 15 1 10
-3 15 2 10
-3 15 3 10
-3 15 4 10
-2 15 -4 10
-2 15 -3 10
-2 15 -2 10
-2 15 -1 10
-2 15 0 10
-2 15 1 10
-2 15 2 10
-2 15 3 10
-2 15 4 10
-1 15 -4 10
-1 15 -3 10
-1 15 -2 10
-1 15 -1 10
-1 15 0 10
-1 15 1 10
-1 15 2 10
-1 15 3 10
-1 15 4 10
0 15 -4 10
0 15 -3 10
0 15 -2 6
0 15 -1 10
0 15 0 10
0 15 1 10
0 15 2 10
0 15 3 10
0 15 4 10
1 15 -4 10
1 15 -3 10
1 15 -2 10
1 15 -1 10
1 15 0 10
1 15 1 10
1 15 2 10
1 15 3 10
1 15 4 10
2 15 -4 10
2 15 -3 10
2 15 -2 10
2 15 -1 10
2 15 0 10
2 15 1 10
2 15 2 10
2 15 3 10
2 15 4 10
3 15 -4 10
3 15 -3 10
3 15 -2 10
3 15 -1 10
3 15 0 10
3 15 1 10
3 15 2 10
3 15 3 10
3 15 4 10
4 15 -4 10
4 15 -3 10
4 15 -2 10
4 15 -1 10
4 15 0 10
4 15 1 10
4 15 2 10
4 15 3 10
4 15 4 10
-4 16 -4 17
-4 16 -3 18
-4 16 -2 18
-4 16 -1 18
-4 16 0 18
-4 16 1 18
-4 16 2 18
-4 16 3 18
-4 16 4 17
-3 16 -4 19
-3 16 -3 4
-3 16 -2 4
-3 16 -1 4
-3 16 0 4
-3 16 1 4
-3 16 2 4
-3 16 3 4
-3 16 4 19
-2 16 -4 19
-2 16 -3 4
-2 16 -2 4
-2 16 -1 4
-2 16 0 4
-2 16 1 4
-2 16 2 4
-2 16 3 4
-2 16 4 19
-1 16 -4 19
-1 16 -3 4
-1 16 -2 4
-1 16 -1 4
-1 16 0 4
-1 16 1 4
-1 16 2 4
-1 16 3 4
-1 16 4 19
0 16 -4 19
0 16 -3 4
0 16 -2 4
0 16 -1 4
0 16 0 4
0 16 1 4
0 16 2 4
0 16 3 4
0 16 4 19
1 16 -4 19
1 16 -3 4
1 16 -2 4
1 16 -1 4
1 16 0 4
1 16 1 4
1 16 2 4
1 16 3 4
1 16 4 19
2 16 -4 19
2 16 -3 4
2 16 -2 4
2 16 -1 4
2 16 0 4
2 16 1 4
2 16 2 5
2 16 3 4
2 16 4 19
3 16 -4 19
3 16 -3 4
3 16 -2 4
3 16 -1 4
3 16 0 4
3 16 1 4
3 16 2 4
3 16 3 4
3 16 4 19
4 16 -4 17
4 16 -3 18
4 16 -2 18
4 16 -1 18
4 16 0 18
4 16 1 18
4 16 2 18
4 16 3 18
4 16 4 17
-4 17 -4 17
-4 17 -3 4
-4 17 -2 4
-4 17 -1 4
-4 17 0 4
-4 17 1 4
-4 17 2 4
-4 17 3 4
-4 17 4 17
-3 17 -4 4
-3 17 -3 4
-3 17 -2 4
-3 17 -1 4
-3 17 0 4
-3 17 1 4
-3 17 2 4
-3 17 3 4
-3 17 4 4
-2 17 -4 4
-2 17 -3 4
-2 17 -2 4
-2 17 -1 4
-2 17 0 4
-2 17 1 4
-2 17 2 4
-2 17 3 4
-2 17 4 4
-1 17 -4 4
-1 17 -3 4
-1 17 -2 4
-1 17 -1 4
-1 17 0 4
-1 17 1 4
-1 17 2 4
-1 17 3 4
-1 17 4 4
0 17 -4 4
0 17 -3 4
0 17 -2 4
0 17 -1 4
0 17 0 4
0 17 1 4
0 17 2 4
0 17 3 4
0 17 4 4
1 17 -4 4
1 17 -3 4
1 17 -2 4
1 17 -1 4
1 17 0 4
1 17 1 4
1 17 2 4
1 17 3 4
1 17 4 4
2 17 -4 4
2 17 -3 4
2 17 -2 4
2 17 -1 4
2 17 0 4
2 17 1 4
2 17 2 4
2 17 3 4
2 17 4 4
3 17 -4 4
3 17 -3 4
3 17 -2 4
3 17 -1 4
3 17 0 4
3 17 1 4
3 17 2 4
3 17 3 4
3 17 4 4
4 17 -4 17
4 17 -3 4
4 17 -2 4
4 17 -1 4
4 17 0 4
4 17 1 4
4 17 2 4
4 17 3 4
4 17 4 17
-4 18 -4 17
-4 18 -3 4
-4 18 -2 4
-4 18 -1 4
-4 18 0 4
-4 18 1 4
-4 18 2 4
-4 18 3 4
-4 18 4 17
-3 18 -4 4
-3 18 -3 4
-3 18 -2 4
-3 18 -1 4
-3 18 0 4
-3 18 1 4
-3 18 2 4
-3 18 3 4
-3 18 4 4
-2 18 -4 4
-2 18 -3 4
-2 18 -2 4
-2 18 -1 4
-2 18 0 4
-2 18 1 4
-2 18 2 4
-2 18 3 4
-2 18 4 4
-1 18 -4 4
-1 18 -3 4
-1 18 -2 4
-1 18 -1 4
-1 18 0 4
-1 18 1 4
-1 18 2 4
-1 18 3 4
-1 18 4 4
0 18 -4 4
0 18 -3 4
0 18 -2 4
0 18 -1 4
0 18 0 9
0 18 1 4
0 18 2 4
0 18 3 4
0 18 4 4
1 18 -4 4
1 18 -3 4
1 18 -2 4
1 18 -1 4
1 18 0 4
1 18 1 4
1 18 2 4
1 18 3 4
1 18 4 4
2 18 -4 4
2 18 -3 4
2 18 -2 4
2 18 -1 4
2 18 0 4
2 18 1 4
2 18 2 4
2 18 3 4
2 18 4 4
3 18 -4 4
3 18 -3 4
3 18 -2 4
3 18 -1 4
3 18 0 4
3 18 1 4
3 18 2 4
3 18 3 4
3 18 4 4
4 18 -4 17
4 18 -3 4
4 18 -2 4
4 18 -1 4
4 18 0 4
4 18 1 4
4 18 2 4
4 18 3 4
4 18 4 17
-5 19 -5 20
-5 19 -4 21
-5 19 -3 21
-5 19 -2 21
-5 19 -1 21
-5 19 0 21
-5 19 1 21
-5 19 2 21
-5 19 3 21
-5 19 4 21
-5 19 5 22
-4 19 -5 23
-4 19 5 24
-3 19 -5 23
-3 19 5 24
-2 19 -5 23
-2 19 5 24
-1 19 -5 23
-1 19 5 24
0 19 -5 23
0 19 5 24
1 19 -5 23
1 19 5 24
2 19 -5 23
2 19 5 24
3 19 -5 23
3 19 5 24
4 19 -5 23
4 19 5 24
5 19 -5 25
5 19 -4 26
5 19 -3 26
5 19 -2 26
5 19 -1 26
5 19 0 26
5 19 1 26
5 19 2 26
5 19 3 26
5 19 4 26
5 19 5 27
-4 20 -4 20
-4 20 -3 21
-4 20 -2 21
-4 20 -1 21
-4 20 0 21
-4 20 1 21
-4 20 2 21
-4 20 3 21
-4 20 4 22
-3 20 -4 23
-3 20 4 24
-2 20 -4 23
-2 20 4 24
-1 20 -4 23
-1 20 4 24
0 20 -4 23
0 20 4 24
1 20 -4 23
1 20 4 24
2 20 -4 23
2 20 4 24
3 20 -4 23
3 20 4 24
4 20 -4 25
4 20 -3 26
4 20 -2 26
4 20 -1 26
4 20 0 26
4 20 1 26
4 20 2 26
4 20 3 26
4 20 4 27
-3 21 -3 20
-3 21 -2 21
-3 21 -1 21
-3 21 0 21
-3 21 1 21
-3 21 2 21
-3 21 3 22
-2 21 -3 23
-2 21 3 24
-1 21 -3 23
-1 21 3 24
0 21 -3 23
0 21 3 24
1 21 -3 23
1 21 3 24
2 21 -3 23
2 21 3 24
3 21 -3 25
3 21 -2 26
3 21 -1 26
3 21 0 26
3 21 1 26
3 21 2 26
3 21 3 27
-2 22 -2 20
-2 22 -1 21
-2 22 0 21
-2 22 1 21
-2 22 2 22
-1 22 -2 23
-1 22 2 24
0 22 -2 23
0 22 2 24
1 22 -2 23
1 22 2 24
2 22 -2 25
2 22 -1 26
2 22 0 26
2 22 1 26
2 22 2 27
-1 23 -1 20
-1 23 0 21
-1 23 1 22
0 23 -1 23
0 23 1 24
1 23 -1 25
1 23 0 26
1 23 1 27
0 24 0 28
0 25 0 29
