core 0 1 6
P minecraft:cobblestone_stairs[facing=east,half=bottom,shape=straight,waterlogged=false]
P minecraft:cobblestone_stairs[facing=south,half=bottom,shape=straight,waterlogged=false]
P minecraft:andesite
P minecraft:cobblestone
P minecraft:mossy_cobblestone
P minecraft:stone
P minecraft:cobblestone_stairs[facing=north,half=bottom,shape=straight,waterlogged=false]
P minecraft:dark_oak_planks
P minecraft:cobblestone_stairs[facing=west,half=bottom,shape=straight,waterlogged=false]
P minecraft:spruce_stairs[facing=east,half=top,shape=straight,waterlogged=false]
P minecraft:bookshelf
P minecraft:air
P minecraft:barrel[facing=up,open=false]
P minecraft:bricks
P minecraft:campfire[facing=east,lit=true,signal_fire=false,waterlogged=false]
P minecraft:crafting_table
P minecraft:dark_oak_log[axis=y]
P minecraft:water_cauldron[level=3]
P minecraft:fletching_table
P minecraft:chest[facing=west,type=single,waterlogged=false]
P minecraft:smoker[facing=west,lit=false]
P minecraft:furnace[facing=west,lit=false]
P minecraft:spruce_stairs[facing=west,half=top,shape=straight,waterlogged=false]
P minecraft:dark_oak_trapdoor[facing=west,half=bottom,open=true,powered=false,waterlogged=false]
P minecraft:stone_bricks
P minecraft:glass_pane[east=false,north=true,south=true,waterlogged=false,west=false]
P minecraft:flower_pot
P minecraft:dark_oak_trapdoor[facing=east,half=bottom,open=true,powered=false,waterlogged=false]
P minecraft:brick_stairs[facing=west,half=top,shape=straight,waterlogged=false]
P minecraft:dark_oak_log[axis=x]
P minecraft:lantern[hanging=true,waterlogged=false]
P minecraft:spruce_stairs[facing=north,half=top,shape=straight,waterlogged=false]
P minecraft:stripped_dark_oak_log[axis=x]
P minecraft:dark_oak_log[axis=z]
P minecraft:stripped_dark_oak_log[axis=z]
P minecraft:white_wool
P minecraft:yellow_wool
P minecraft:light_blue_terracotta
P minecraft:chest[facing=east,type=single,waterlogged=false]
P minecraft:yellow_carpet
P minecraft:yellow_bed[facing=east,occupied=false,part=foot]
P minecraft:yellow_bed[facing=east,occupied=false,part=head]
P minecraft:lantern[hanging=false,waterlogged=false]
P minecraft:yellow_bed[facing=west,occupied=false,part=head]
P minecraft:yellow_bed[facing=west,occupied=false,part=foot]
P minecraft:spruce_stairs[facing=east,half=bottom,shape=straight,waterlogged=false]
P minecraft:dark_oak_stairs[facing=east,half=bottom,shape=straight,waterlogged=false]
P minecraft:spruce_stairs[facing=west,half=bottom,shape=straight,waterlogged=false]
P minecraft:dark_oak_stairs[facing=west,half=bottom,shape=straight,waterlogged=false]
P minecraft:glass_pane[east=true,north=false,south=false,waterlogged=false,west=true]
P minecraft:dark_oak_slab[type=bottom,waterlogged=false]
-4 0 -5 0
-4 0 -4 0
-4 0 -3 0
-4 0 -2 0
-4 0 -1 0
-4 0 0 0
-4 0 1 0
-4 0 2 0
-4 0 3 0
-4 0 4 0
-4 0 5 0
-3 0 -6 1
-3 0 -5 2
-3 0 -4 3
-3 0 -3 3
-3 0 -2 2
-3 0 -1 4
-3 0 0 3
-3 0 1 4
-3 0 2 3
-3 0 3 5
-3 0 4 4
-3 0 5 4
-3 0 6 6
-2 0 -6 1
-2 0 -5 3
-2 0 -4 7
-2 0 -3 7
-2 0 -2 7
-2 0 -1 7
-2 0 0 7
-2 0 1 7
-2 0 2 7
-2 0 3 7
-2 0 4 7
-2 0 5 4
-2 0 6 6
-1 0 -6 1
-1 0 -5 4
-1 0 -4 7
-1 0 -3 7
-1 0 -2 7
-1 0 -1 7
-1 0 0 7
-1 0 1 7
-1 0 2 7
-1 0 3 7
-1 0 4 7
-1 0 5 2
-1 0 6 6
0 0 -6 1
0 0 -5 2
0 0 -4 7
0 0 -3 7
0 0 -2 7
0 0 -1 7
0 0 0 7
0 0 1 7
0 0 2 7
0 0 3 7
0 0 4 7
0 0 5 5
1 0 -6 1
1 0 -5 2
1 0 -4 7
1 0 -3 7
1 0 -2 7
1 0 -1 7
1 0 0 7
1 0 1 7
1 0 2 7
1 0 3 7
1 0 4 7
1 0 5 4
1 0 6 6
2 0 -6 1
2 0 -5 3
2 0 -4 7
2 0 -3 7
2 0 -2 7
2 0 -1 7
2 0 0 7
2 0 1 7
2 0 2 7
2 0 3 7
2 0 4 7
2 0 5 2
2 0 6 6
3 0 -6 1
3 0 -5 4
3 0 -4 3
3 0 -3 5
3 0 -2 3
3 0 -1 4
3 0 0 2
3 0 1 4
3 0 2 3
3 0 3 3
3 0 4 3
3 0 5 2
3 0 6 6
4 0 -5 8
4 0 -4 8
4 0 -3 8
4 0 -2 8
4 0 -1 8
4 0 0 8
4 0 1 8
4 0 2 8
4 0 3 8
4 0 4 8
4 0 5 8
-4 1 -2 9
-4 1 2 9
-3 1 -5 5
-3 1 -4 3
-3 1 -3 2
-3 1 -2 2
-3 1 -1 2
-3 1 0 3
-3 1 1 3
-3 1 2 3
-3 1 3 4
-3 1 4 2
-3 1 5 4
-2 1 -5 3
-2 1 -4 10
-2 1 -3 11
-2 1 -2 12
-2 1 -1 13
-2 1 0 14
-2 1 1 13
-2 1 2 11
-2 1 3 15
-2 1 4 11
-2 1 5 16
-1 1 -5 3
-1 1 -4 11
-1 1 -3 11
-1 1 -2 11
-1 1 -1 11
-1 1 0 11
-1 1 1 11
-1 1 2 11
-1 1 3 11
-1 1 4 11
-1 1 5 11
0 1 -5 3
0 1 -4 17
0 1 -3 11
0 1 -2 11
0 1 -1 11
0 1 0 11
0 1 1 11
0 1 2 11
0 1 3 11
0 1 4 11
0 1 5 11
1 1 -5 3
1 1 -4 18
1 1 -3 11
1 1 -2 11
1 1 -1 11
1 1 0 11
1 1 1 11
1 1 2 11
1 1 3 11
1 1 4 11
1 1 5 11
2 1 -5 3
2 1 -4 11
2 1 -3 11
2 1 -2 11
2 1 -1 11
2 1 0 12
2 1 1 19
2 1 2 20
2 1 3 11
2 1 4 21
2 1 5 16
3 1 -5 4
3 1 -4 3
3 1 -3 4
3 1 -2 4
3 1 -1 3
3 1 0 4
3 1 1 2
3 1 2 3
3 1 3 2
3 1 4 2
3 1 5 5
4 1 -2 22
4 1 2 22
-4 2 -3 23
-4 2 -1 23
-4 2 1 23
-4 2 3 23
-3 2 -5 24
-3 2 -4 4
-3 2 -3 4
-3 2 -2 25
-3 2 -1 3
-3 2 0 3
-3 2 1 5
-3 2 2 25
-3 2 3 3
-3 2 4 4
-3 2 5 24
-2 2 -5 3
-2 2 -4 11
-2 2 -3 11
-2 2 -2 11
-2 2 -1 13
-2 2 0 13
-2 2 1 13
-2 2 2 11
-2 2 3 11
-2 2 4 11
-2 2 5 16
-1 2 -5 3
-1 2 -4 11
-1 2 -3 11
-1 2 -2 11
-1 2 -1 11
-1 2 0 11
-1 2 1 11
-1 2 2 11
-1 2 3 11
-1 2 4 11
-1 2 5 11
0 2 -5 3
0 2 -4 11
0 2 -3 11
0 2 -2 11
0 2 -1 11
0 2 0 11
0 2 1 11
0 2 2 11
0 2 3 11
0 2 4 11
0 2 5 11
1 2 -5 3
1 2 -4 11
1 2 -3 11
1 2 -2 11
1 2 -1 11
1 2 0 11
1 2 1 11
1 2 2 11
1 2 3 11
1 2 4 11
1 2 5 11
2 2 -5 2
2 2 -4 11
2 2 -3 11
2 2 -2 11
2 2 -1 11
2 2 0 26
2 2 1 11
2 2 2 11
2 2 3 11
2 2 4 11
2 2 5 16
3 2 -5 24
3 2 -4 2
3 2 -3 3
3 2 -2 25
3 2 -1 5
3 2 0 2
3 2 1 3
3 2 2 25
3 2 3 4
3 2 4 3
3 2 5 24
4 2 -3 27
4 2 -1 27
4 2 1 27
4 2 3 27
-4 3 -3 23
-4 3 -1 23
-4 3 1 23
-4 3 3 23
-3 3 -5 3
-3 3 -4 3
-3 3 -3 4
-3 3 -2 25
-3 3 -1 5
-3 3 0 2
-3 3 1 3
-3 3 2 25
-3 3 3 3
-3 3 4 3
-3 3 5 3
-2 3 -5 3
-2 3 -4 11
-2 3 -3 11
-2 3 -2 11
-2 3 -1 11
-2 3 0 13
-2 3 1 11
-2 3 2 11
-2 3 3 11
-2 3 4 11
-2 3 5 3
-1 3 -5 2
-1 3 -4 11
-1 3 -3 11
-1 3 -2 11
-1 3 -1 28
-1 3 0 28
-1 3 1 28
-1 3 2 11
-1 3 3 11
-1 3 4 11
-1 3 5 29
0 3 -5 4
0 3 -4 11
0 3 -3 11
0 3 -2 11
0 3 -1 11
0 3 0 30
0 3 1 11
0 3 2 11
0 3 3 11
0 3 4 11
0 3 5 29
0 3 6 31
1 3 -5 2
1 3 -4 11
1 3 -3 11
1 3 -2 11
1 3 -1 11
1 3 0 11
1 3 1 11
1 3 2 11
1 3 3 11
1 3 4 11
1 3 5 29
2 3 -5 5
2 3 -4 11
2 3 -3 11
2 3 -2 11
2 3 -1 11
2 3 0 11
2 3 1 11
2 3 2 11
2 3 3 11
2 3 4 11
2 3 5 4
2 3 6 30
3 3 -5 3
3 3 -4 2
3 3 -3 3
3 3 -2 25
3 3 -1 3
3 3 0 4
3 3 1 5
3 3 2 25
3 3 3 4
3 3 4 3
3 3 5 3
4 3 -3 27
4 3 -1 27
4 3 1 27
4 3 3 27
-4 4 -2 32
-4 4 2 32
-3 4 -5 16
-3 4 -4 33
-3 4 -3 33
-3 4 -2 33
-3 4 -1 33
-3 4 0 33
-3 4 1 33
-3 4 2 33
-3 4 3 33
-3 4 4 33
-3 4 5 33
-3 4 6 16
-2 4 -6 34
-2 4 -5 29
-2 4 -4 7
-2 4 -3 7
-2 4 -2 7
-2 4 -1 7
-2 4 0 13
-2 4 1 7
-2 4 2 7
-2 4 3 7
-2 4 4 7
-2 4 5 7
-2 4 6 35
-1 4 -5 29
-1 4 -4 7
-1 4 -3 7
-1 4 -2 7
-1 4 -1 7
-1 4 0 7
-1 4 1 7
-1 4 2 7
-1 4 3 7
-1 4 4 7
-1 4 5 7
-1 4 6 36
0 4 -5 29
0 4 -4 7
0 4 -3 7
0 4 -2 7
0 4 -1 7
0 4 0 7
0 4 1 7
0 4 2 7
0 4 3 7
0 4 4 7
0 4 5 7
0 4 6 35
1 4 -5 29
1 4 -4 7
1 4 -3 7
1 4 -2 7
1 4 -1 7
1 4 0 7
1 4 1 7
1 4 2 7
1 4 3 7
1 4 4 7
1 4 5 7
1 4 6 36
2 4 -6 34
2 4 -5 29
2 4 -4 7
2 4 -3 7
2 4 -2 7
2 4 -1 7
2 4 0 7
2 4 1 7
2 4 2 7
2 4 3 7
2 4 4 7
2 4 5 7
2 4 6 35
3 4 -5 16
3 4 -4 33
3 4 -3 33
3 4 -2 33
3 4 -1 33
3 4 0 33
3 4 1 33
3 4 2 33
3 4 3 33
3 4 4 33
3 4 5 33
3 4 6 16
4 4 -2 32
4 4 2 32
-4 5 -2 9
-4 5 2 9
-3 5 -5 16
-3 5 -4 16
-3 5 -3 37
-3 5 -2 37
-3 5 -1 37
-3 5 0 16
-3 5 1 37
-3 5 2 37
-3 5 3 37
-3 5 4 16
-3 5 5 37
-3 5 6 16
-2 5 -5 37
-2 5 -4 11
-2 5 -3 11
-2 5 -2 11
-2 5 -1 11
-2 5 0 13
-2 5 1 38
-2 5 2 11
-2 5 3 11
-2 5 4 11
-2 5 5 11
-2 5 6 37
-1 5 -5 37
-1 5 -4 11
-1 5 -3 11
-1 5 -2 11
-1 5 -1 39
-1 5 0 11
-1 5 1 39
-1 5 2 11
-1 5 3 11
-1 5 4 11
-1 5 5 11
-1 5 6 37
0 5 -5 16
0 5 -4 12
0 5 -3 11
0 5 -2 11
0 5 -1 39
0 5 0 39
0 5 1 39
0 5 2 11
0 5 3 11
0 5 4 11
0 5 5 10
0 5 6 16
1 5 -5 37
1 5 -4 11
1 5 -3 40
1 5 -2 11
1 5 -1 39
1 5 0 39
1 5 1 39
1 5 2 11
1 5 3 40
1 5 4 11
1 5 5 11
1 5 6 37
2 5 -5 37
2 5 -4 11
2 5 -3 41
2 5 -2 12
2 5 -1 11
2 5 0 11
2 5 1 11
2 5 2 11
2 5 3 41
2 5 4 12
2 5 5 11
2 5 6 37
3 5 -5 16
3 5 -4 16
3 5 -3 37
3 5 -2 37
3 5 -1 37
3 5 0 16
3 5 1 37
3 5 2 37
3 5 3 37
3 5 4 16
3 5 5 37
3 5 6 16
4 5 -2 22
4 5 2 22
-4 6 -3 23
-4 6 -1 23
-4 6 1 23
-4 6 3 23
-3 6 -5 16
-3 6 -4 16
-3 6 -3 37
-3 6 -2 25
-3 6 -1 37
-3 6 0 16
-3 6 1 37
-3 6 2 25
-3 6 3 37
-3 6 4 16
-3 6 5 37
-3 6 6 16
-2 6 -5 37
-2 6 -4 11
-2 6 -3 11
-2 6 -2 11
-2 6 -1 11
-2 6 0 24
-2 6 1 11
-2 6 2 11
-2 6 3 11
-2 6 4 11
-2 6 5 11
-2 6 6 37
-1 6 -5 37
-1 6 -4 11
-1 6 -3 11
-1 6 -2 11
-1 6 -1 11
-1 6 0 11
-1 6 1 11
-1 6 2 11
-1 6 3 11
-1 6 4 11
-1 6 5 11
-1 6 6 37
0 6 -5 16
0 6 -4 11
0 6 -3 11
0 6 -2 11
0 6 -1 11
0 6 0 11
0 6 1 11
0 6 2 11
0 6 3 11
0 6 4 11
0 6 5 11
0 6 6 16
1 6 -5 37
1 6 -4 11
1 6 -3 11
1 6 -2 11
1 6 -1 11
1 6 0 11
1 6 1 11
1 6 2 11
1 6 3 11
1 6 4 11
1 6 5 11
1 6 6 37
2 6 -5 37
2 6 -4 11
2 6 -3 11
2 6 -2 42
2 6 -1 11
2 6 0 11
2 6 1 11
2 6 2 11
2 6 3 11
2 6 4 42
2 6 5 11
2 6 6 37
3 6 -5 16
3 6 -4 16
3 6 -3 37
3 6 -2 25
3 6 -1 37
3 6 0 16
3 6 1 37
3 6 2 25
3 6 3 37
3 6 4 16
3 6 5 37
3 6 6 16
4 6 1 27
4 6 3 27
-4 7 -3 23
-4 7 -1 23
-4 7 1 23
-4 7 3 23
-3 7 -5 16
-3 7 -4 16
-3 7 -3 37
-3 7 -2 25
-3 7 -1 37
-3 7 0 16
-3 7 1 37
-3 7 2 25
-3 7 3 37
-3 7 4 16
-3 7 5 37
-3 7 6 16
-2 7 -5 37
-2 7 -4 11
-2 7 -3 11
-2 7 -2 11
-2 7 -1 11
-2 7 0 13
-2 7 1 11
-2 7 2 11
-2 7 3 11
-2 7 4 11
-2 7 5 11
-2 7 6 37
-1 7 -5 37
-1 7 -4 11
-1 7 -3 11
-1 7 -2 11
-1 7 -1 11
-1 7 0 11
-1 7 1 11
-1 7 2 11
-1 7 3 11
-1 7 4 11
-1 7 5 11
-1 7 6 37
0 7 -5 16
0 7 -4 11
0 7 -3 11
0 7 -2 11
0 7 -1 11
0 7 0 30
0 7 1 11
0 7 2 11
0 7 3 11
0 7 4 11
0 7 5 11
0 7 6 16
0 7 7 31
1 7 -5 37
1 7 -4 11
1 7 -3 11
1 7 -2 11
1 7 -1 11
1 7 0 11
1 7 1 11
1 7 2 11
1 7 3 11
1 7 4 11
1 7 5 11
1 7 6 37
2 7 -5 37
2 7 -4 11
2 7 -3 11
2 7 -2 11
2 7 -1 11
2 7 0 11
2 7 1 11
2 7 2 11
2 7 3 11
2 7 4 11
2 7 5 11
2 7 6 37
3 7 -5 16
3 7 -4 16
3 7 -3 37
3 7 -2 25
3 7 -1 37
3 7 0 16
3 7 1 37
3 7 2 25
3 7 3 37
3 7 4 16
3 7 5 37
3 7 6 16
4 7 1 27
4 7 3 27
-4 8 -2 32
-4 8 2 32
-4 8 6 32
-3 8 -5 16
-3 8 -4 33
-3 8 -3 33
-3 8 -2 33
-3 8 -1 33
-3 8 0 33
-3 8 1 33
-3 8 2 33
-3 8 3 33
-3 8 4 33
-3 8 5 33
-3 8 6 33
-3 8 7 16
-2 8 -6 34
-2 8 -5 29
-2 8 -4 7
-2 8 -3 7
-2 8 -2 7
-2 8 -1 7
-2 8 0 13
-2 8 1 7
-2 8 2 7
-2 8 3 7
-2 8 4 7
-2 8 5 7
-2 8 6 7
-2 8 7 29
-1 8 -5 29
-1 8 -4 7
-1 8 -3 7
-1 8 -2 7
-1 8 -1 7
-1 8 0 7
-1 8 1 7
-1 8 2 7
-1 8 3 7
-1 8 4 7
-1 8 5 7
-1 8 6 7
-1 8 7 29
0 8 -5 29
0 8 -4 7
0 8 -3 7
0 8 -2 7
0 8 -1 7
0 8 0 7
0 8 1 7
0 8 2 7
0 8 3 7
0 8 4 7
0 8 5 7
0 8 6 7
0 8 7 29
1 8 -5 29
1 8 -4 7
1 8 -3 7
1 8 -2 7
1 8 -1 7
1 8 0 7
1 8 1 7
1 8 2 7
1 8 3 7
1 8 4 7
1 8 5 7
1 8 6 7
1 8 7 29
2 8 -6 34
2 8 -5 29
2 8 -4 7
2 8 -3 7
2 8 -2 7
2 8 -1 7
2 8 0 7
2 8 1 7
2 8 2 7
2 8 3 7
2 8 4 7
2 8 5 7
2 8 6 7
2 8 7 29
3 8 -5 16
3 8 -4 33
3 8 -3 33
3 8 -2 33
3 8 -1 33
3 8 0 33
3 8 1 33
3 8 2 33
3 8 3 33
3 8 4 33
3 8 5 33
3 8 6 33
3 8 7 16
4 8 -2 32
4 8 2 32
4 8 6 32
-4 9 -2 9
-4 9 2 9
-3 9 -5 16
-3 9 -4 16
-3 9 -3 37
-3 9 -2 37
-3 9 -1 37
-3 9 0 16
-3 9 1 37
-3 9 2 37
-3 9 3 37
-3 9 4 16
-3 9 5 37
-3 9 6 37
-3 9 7 16
-2 9 -5 37
-2 9 -4 11
-2 9 -3 12
-2 9 -2 43
-2 9 -1 11
-2 9 0 13
-2 9 1 11
-2 9 2 11
-2 9 3 11
-2 9 4 11
-2 9 5 10
-2 9 6 11
-2 9 7 37
-1 9 -5 37
-1 9 -4 11
-1 9 -3 11
-1 9 -2 44
-1 9 -1 11
-1 9 0 11
-1 9 1 39
-1 9 2 39
-1 9 3 11
-1 9 4 11
-1 9 5 11
-1 9 6 11
-1 9 7 37
0 9 -5 16
0 9 -4 11
0 9 -3 11
0 9 -2 11
0 9 -1 11
0 9 0 39
0 9 1 39
0 9 2 39
0 9 3 11
0 9 4 11
0 9 5 11
0 9 6 11
0 9 7 16
1 9 -5 37
1 9 -4 11
1 9 -3 11
1 9 -2 11
1 9 -1 11
1 9 0 39
1 9 1 39
1 9 2 39
1 9 3 11
1 9 4 11
1 9 5 11
1 9 6 40
1 9 7 37
2 9 -5 37
2 9 -4 11
2 9 -3 11
2 9 -2 11
2 9 -1 11
2 9 0 11
2 9 1 12
2 9 2 19
2 9 3 11
2 9 4 11
2 9 5 11
2 9 6 41
2 9 7 37
3 9 -5 16
3 9 -4 16
3 9 -3 37
3 9 -2 37
3 9 -1 37
3 9 0 16
3 9 1 37
3 9 2 37
3 9 3 37
3 9 4 16
3 9 5 37
3 9 6 37
3 9 7 16
4 9 -2 22
4 9 2 22
-4 10 -3 23
-4 10 -1 23
-3 10 -5 16
-3 10 -4 16
-3 10 -3 37
-3 10 -2 25
-3 10 -1 37
-3 10 0 16
-3 10 1 37
-3 10 2 25
-3 10 3 37
-3 10 4 16
-3 10 5 37
-3 10 6 37
-3 10 7 16
-2 10 -5 37
-2 10 -4 11
-2 10 -3 42
-2 10 -2 11
-2 10 -1 11
-2 10 0 13
-2 10 1 11
-2 10 2 11
-2 10 3 11
-2 10 4 11
-2 10 5 11
-2 10 6 11
-2 10 7 37
-1 10 -5 37
-1 10 -4 11
-1 10 -3 11
-1 10 -2 11
-1 10 -1 11
-1 10 0 11
-1 10 1 11
-1 10 2 11
-1 10 3 11
-1 10 4 11
-1 10 5 11
-1 10 6 11
-1 10 7 37
0 10 -5 16
0 10 -4 11
0 10 -3 11
0 10 -2 11
0 10 -1 11
0 10 0 11
0 10 1 11
0 10 2 11
0 10 3 11
0 10 4 11
0 10 5 11
0 10 6 11
0 10 7 16
1 10 -5 37
1 10 -4 11
1 10 -3 11
1 10 -2 11
1 10 -1 11
1 10 0 11
1 10 1 11
1 10 2 11
1 10 3 11
1 10 4 11
1 10 5 11
1 10 6 11
1 10 7 37
2 10 -5 37
2 10 -4 11
2 10 -3 11
2 10 -2 11
2 10 -1 11
2 10 0 11
2 10 1 11
2 10 2 11
2 10 3 11
2 10 4 11
2 10 5 11
2 10 6 11
2 10 7 37
3 10 -5 16
3 10 -4 16
3 10 -3 37
3 10 -2 25
3 10 -1 37
3 10 0 16
3 10 1 37
3 10 2 25
3 10 3 37
3 10 4 16
3 10 5 37
3 10 6 37
3 10 7 16
4 10 1 27
4 10 3 27
-4 11 -3 23
-4 11 -1 23
-3 11 -5 16
-3 11 -4 16
-3 11 -3 37
-3 11 -2 25
-3 11 -1 37
-3 11 0 16
-3 11 1 37
-3 11 2 25
-3 11 3 37
-3 11 4 16
-3 11 5 37
-3 11 6 37
-3 11 7 16
-2 11 -5 37
-2 11 -4 11
-2 11 -3 11
-2 11 -2 11
-2 11 -1 11
-2 11 0 13
-2 11 1 11
-2 11 2 11
-2 11 3 11
-2 11 4 11
-2 11 5 11
-2 11 6 11
-2 11 7 37
-1 11 -5 37
-1 11 -4 11
-1 11 -3 11
-1 11 -2 11
-1 11 -1 11
-1 11 0 11
-1 11 1 11
-1 11 2 11
-1 11 3 11
-1 11 4 11
-1 11 5 11
-1 11 6 11
-1 11 7 37
0 11 -5 16
0 11 -4 11
0 11 -3 11
0 11 -2 11
0 11 -1 11
0 11 0 11
0 11 1 30
0 11 2 11
0 11 3 11
0 11 4 11
0 11 5 11
0 11 6 11
0 11 7 16
1 11 -5 37
1 11 -4 11
1 11 -3 11
1 11 -2 11
1 11 -1 11
1 11 0 11
1 11 1 11
1 11 2 11
1 11 3 11
1 11 4 11
1 11 5 11
1 11 6 11
1 11 7 37
2 11 -5 37
2 11 -4 11
2 11 -3 11
2 11 -2 11
2 11 -1 11
2 11 0 11
2 11 1 11
2 11 2 11
2 11 3 11
2 11 4 11
2 11 5 11
2 11 6 11
2 11 7 37
3 11 -5 16
3 11 -4 16
3 11 -3 37
3 11 -2 25
3 11 -1 37
3 11 0 16
3 11 1 37
3 11 2 25
3 11 3 37
3 11 4 16
3 11 5 37
3 11 6 37
3 11 7 16
4 11 1 27
4 11 3 27
-4 12 -6 45
-4 12 -5 45
-4 12 -4 45
-4 12 -3 46
-4 12 -2 46
-4 12 -1 45
-4 12 0 45
-4 12 1 45
-4 12 2 45
-4 12 3 45
-4 12 4 45
-4 12 5 45
-4 12 6 45
-4 12 7 45
-4 12 8 45
-3 12 -5 16
-3 12 -4 33
-3 12 -3 33
-3 12 -2 33
-3 12 -1 33
-3 12 0 33
-3 12 1 33
-3 12 2 33
-3 12 3 33
-3 12 4 33
-3 12 5 33
-3 12 6 33
-3 12 7 16
-2 12 -5 29
-2 12 0 13
-2 12 7 29
-1 12 -5 29
-1 12 7 29
0 12 -5 29
0 12 7 29
1 12 -5 29
1 12 7 29
2 12 -5 29
2 12 7 29
3 12 -5 16
3 12 -4 33
3 12 -3 33
3 12 -2 33
3 12 -1 33
3 12 0 33
3 12 1 33
3 12 2 33
3 12 3 33
3 12 4 33
3 12 5 33
3 12 6 33
3 12 7 16
4 12 -6 47
4 12 -5 47
4 12 -4 47
4 12 -3 47
4 12 -2 48
4 12 -1 47
4 12 0 47
4 12 1 47
4 12 2 47
4 12 3 47
4 12 4 47
4 12 5 47
4 12 6 47
4 12 7 47
4 12 8 47
-3 13 -6 45
-3 13 -5 45
-3 13 -4 45
-3 13 -3 45
-3 13 -2 45
-3 13 -1 46
-3 13 0 45
-3 13 1 45
-3 13 2 45
-3 13 3 45
-3 13 4 45
-3 13 5 45
-3 13 6 45
-3 13 7 45
-3 13 8 45
-2 13 -5 37
-2 13 -4 11
-2 13 -3 11
-2 13 -2 11
-2 13 -1 11
-2 13 0 24
-2 13 1 11
-2 13 2 11
-2 13 3 11
-2 13 4 11
-2 13 5 11
-2 13 6 11
-2 13 7 37
-1 13 -5 37
-1 13 -4 11
-1 13 -3 11
-1 13 -2 11
-1 13 -1 11
-1 13 0 11
-1 13 1 11
-1 13 2 11
-1 13 3 11
-1 13 4 11
-1 13 5 11
-1 13 6 11
-1 13 7 37
0 13 -5 16
0 13 -4 11
0 13 -3 11
0 13 -2 11
0 13 -1 11
0 13 0 11
0 13 1 11
0 13 2 11
0 13 3 11
0 13 4 11
0 13 5 11
0 13 6 11
0 13 7 16
1 13 -5 37
1 13 -4 11
1 13 -3 11
1 13 -2 11
1 13 -1 11
1 13 0 11
1 13 1 11
1 13 2 11
1 13 3 11
1 13 4 11
1 13 5 11
1 13 6 11
1 13 7 37
2 13 -5 37
2 13 -4 11
2 13 -3 11
2 13 -2 11
2 13 -1 11
2 13 0 11
2 13 1 11
2 13 2 11
2 13 3 11
2 13 4 11
2 13 5 11
2 13 6 11
2 13 7 37
3 13 -6 47
3 13 -5 47
3 13 -4 47
3 13 -3 47
3 13 -2 47
3 13 -1 47
3 13 0 47
3 13 1 48
3 13 2 47
3 13 3 47
3 13 4 47
3 13 5 47
3 13 6 47
3 13 7 47
3 13 8 47
-2 14 -6 46
-2 14 -5 46
-2 14 -4 45
-2 14 -3 45
-2 14 -2 45
-2 14 -1 45
-2 14 0 13
-2 14 1 45
-2 14 2 46
-2 14 3 45
-2 14 4 45
-2 14 5 45
-2 14 6 45
-2 14 7 45
-2 14 8 45
-1 14 -5 37
-1 14 -4 11
-1 14 -3 11
-1 14 -2 11
-1 14 -1 11
-1 14 0 11
-1 14 1 11
-1 14 2 11
-1 14 3 11
-1 14 4 11
-1 14 5 11
-1 14 6 11
-1 14 7 37
0 14 -5 49
0 14 -4 11
0 14 -3 11
0 14 -2 11
0 14 -1 11
0 14 0 11
0 14 1 11
0 14 2 11
0 14 3 11
0 14 4 11
0 14 5 11
0 14 6 11
0 14 7 49
1 14 -5 37
1 14 -4 11
1 14 -3 11
1 14 -2 11
1 14 -1 11
1 14 0 11
1 14 1 11
1 14 2 11
1 14 3 11
1 14 4 11
1 14 5 11
1 14 6 11
1 14 7 37
2 14 -6 47
2 14 -5 47
2 14 -4 47
2 14 -3 47
2 14 -2 48
2 14 -1 47
2 14 0 48
2 14 1 47
2 14 2 47
2 14 3 47
2 14 4 47
2 14 5 47
2 14 6 48
2 14 7 48
2 14 8 48
-2 15 0 24
-1 15 -6 45
-1 15 -5 45
-1 15 -4 45
-1 15 -3 45
-1 15 -2 45
-1 15 -1 45
-1 15 0 45
-1 15 1 45
-1 15 2 45
-1 15 3 45
-1 15 4 45
-1 15 5 46
-1 15 6 45
-1 15 7 46
-1 15 8 45
0 15 -6 7
0 15 -5 16
0 15 -4 7
0 15 -3 7
0 15 -2 7
0 15 -1 7
0 15 0 7
0 15 1 7
0 15 2 7
0 15 3 7
0 15 4 7
0 15 5 7
0 15 6 7
0 15 7 16
0 15 8 7
1 15 -6 47
1 15 -5 48
1 15 -4 47
1 15 -3 47
1 15 -2 47
1 15 -1 47
1 15 0 47
1 15 1 47
1 15 2 47
1 15 3 47
1 15 4 47
1 15 5 47
1 15 6 47
1 15 7 47
1 15 8 47
-2 16 0 13
0 16 -6 50
0 16 -5 50
0 16 -4 50
0 16 -3 50
0 16 -2 50
0 16 -1 50
0 16 0 50
0 16 1 50
0 16 2 50
0 16 3 50
0 16 4 50
0 16 5 50
0 16 6 50
0 16 7 50
0 16 8 50
-2 17 0 13
-2 18 0 13
-2 19 0 14
