core 0 1 6
P minecraft:cobblestone_stairs[facing=east,half=bottom,shape=straight,waterlogged=false]
P minecraft:cobblestone_stairs[facing=south,half=bottom,shape=straight,waterlogged=false]
P minecraft:andesite
P minecraft:cobblestone
P minecraft:mossy_cobblestone
P minecraft:stone
P minecraft:cobblestone_stairs[facing=north,half=bottom,shape=straight,waterlogged=false]
P minecraft:spruce_planks
P minecraft:cobblestone_stairs[facing=west,half=bottom,shape=straight,waterlogged=false]
P minecraft:spruce_stairs[facing=east,half=top,shape=straight,waterlogged=false]
P minecraft:water_cauldron[level=3]
P minecraft:smoker[facing=east,lit=false]
P minecraft:chest[facing=east,type=single,waterlogged=false]
P minecraft:barrel[facing=up,open=false]
P minecraft:spruce_stairs[facing=north,half=bottom,shape=straight,waterlogged=false]
P minecraft:air
P minecraft:dark_oak_log[axis=y]
P minecraft:bricks
P minecraft:stone_bricks
P minecraft:campfire[facing=east,lit=true,signal_fire=false,waterlogged=false]
P minecraft:smoker[facing=south,lit=false]
P minecraft:crafting_table
P minecraft:furnace[facing=west,lit=false]
P minecraft:bookshelf
P minecraft:spruce_stairs[facing=west,half=top,shape=straight,waterlogged=false]
P minecraft:spruce_trapdoor[facing=west,half=bottom,open=true,powered=false,waterlogged=false]
P minecraft:glass_pane[east=false,north=true,south=true,waterlogged=false,west=false]
P minecraft:potted_red_tulip
P minecraft:potted_dandelion
P minecraft:spruce_trapdoor[facing=east,half=bottom,open=true,powered=false,waterlogged=false]
P minecraft:brick_stairs[facing=north,half=top,shape=straight,waterlogged=false]
P minecraft:dark_oak_log[axis=x]
P minecraft:lantern[hanging=true,waterlogged=false]
P minecraft:spruce_stairs[facing=north,half=top,shape=straight,waterlogged=false]
P minecraft:stripped_dark_oak_log[axis=x]
P minecraft:dark_oak_log[axis=z]
P minecraft:stripped_dark_oak_log[axis=z]
P minecraft:white_wool
P minecraft:red_wool
P minecraft:yellow_terracotta
P minecraft:smooth_sandstone
P minecraft:spruce_fence[east=false,north=false,south=true,waterlogged=false,west=true]
P minecraft:red_carpet
P minecraft:spruce_fence[east=false,north=false,south=true,waterlogged=false,west=false]
P minecraft:spruce_fence[east=false,north=true,south=true,waterlogged=false,west=false]
P minecraft:spruce_fence[east=false,north=true,south=false,waterlogged=false,west=false]
P minecraft:spruce_stairs[facing=south,half=bottom,shape=straight,waterlogged=false]
P minecraft:lantern[hanging=false,waterlogged=false]
P minecraft:glass_pane[east=false,north=true,south=true,waterlogged=false,west=true]
P minecraft:red_bed[facing=west,occupied=false,part=head]
P minecraft:red_bed[facing=west,occupied=false,part=foot]
P minecraft:chest[facing=west,type=single,waterlogged=false]
P minecraft:spruce_fence[east=true,north=true,south=false,waterlogged=false,west=false]
P minecraft:spruce_fence[east=false,north=false,south=false,waterlogged=false,west=true]
P minecraft:spruce_stairs[facing=east,half=bottom,shape=straight,waterlogged=false]
P minecraft:dark_oak_stairs[facing=east,half=bottom,shape=straight,waterlogged=false]
P minecraft:dark_oak_stairs[facing=west,half=bottom,shape=straight,waterlogged=false]
P minecraft:spruce_stairs[facing=west,half=bottom,shape=straight,waterlogged=false]
P minecraft:glass_pane[east=true,north=false,south=false,waterlogged=false,west=true]
P minecraft:dark_oak_slab[type=bottom,waterlogged=false]
-4 0 -5 0
-4 0 -4 0
-4 0 -3 0
-4 0 -2 0
-4 0 -1 0
-4 0 0 0
-4 0 1 0
-4 0 2 0
-4 0 3 0
-4 0 4 0
-4 0 5 0
-3 0 -6 1
-3 0 -5 2
-3 0 -4 3
-3 0 -3 3
-3 0 -2 2
-3 0 -1 4
-3 0 0 3
-3 0 1 4
-3 0 2 3
-3 0 3 5
-3 0 4 4
-3 0 5 4
-3 0 6 6
-2 0 -6 1
-2 0 -5 3
-2 0 -4 7
-2 0 -3 7
-2 0 -2 7
-2 0 -1 7
-2 0 0 7
-2 0 1 7
-2 0 2 7
-2 0 3 7
-2 0 4 7
-2 0 5 4
-2 0 6 6
-1 0 -6 1
-1 0 -5 4
-1 0 -4 7
-1 0 -3 7
-1 0 -2 7
-1 0 -1 7
-1 0 0 7
-1 0 1 7
-1 0 2 7
-1 0 3 7
-1 0 4 7
-1 0 5 2
-1 0 6 6
0 0 -6 1
0 0 -5 2
0 0 -4 7
0 0 -3 7
0 0 -2 7
0 0 -1 7
0 0 0 7
0 0 1 7
0 0 2 7
0 0 3 7
0 0 4 7
0 0 5 5
1 0 -6 1
1 0 -5 2
1 0 -4 7
1 0 -3 7
1 0 -2 7
1 0 -1 7
1 0 0 7
1 0 1 7
1 0 2 7
1 0 3 7
1 0 4 7
1 0 5 4
1 0 6 6
2 0 -6 1
2 0 -5 3
2 0 -4 7
2 0 -3 7
2 0 -2 7
2 0 -1 7
2 0 0 7
2 0 1 7
2 0 2 7
2 0 3 7
2 0 4 7
2 0 5 2
2 0 6 6
3 0 -6 1
3 0 -5 4
3 0 -4 3
3 0 -3 5
3 0 -2 3
3 0 -1 4
3 0 0 2
3 0 1 4
3 0 2 3
3 0 3 3
3 0 4 3
3 0 5 2
3 0 6 6
4 0 -5 8
4 0 -4 8
4 0 -3 8
4 0 -2 8
4 0 -1 8
4 0 0 8
4 0 1 8
4 0 2 8
4 0 3 8
4 0 4 8
4 0 5 8
-4 1 -2 9
-4 1 2 9
-3 1 -5 5
-3 1 -4 3
-3 1 -3 2
-3 1 -2 2
-3 1 -1 2
-3 1 0 3
-3 1 1 3
-3 1 2 3
-3 1 3 4
-3 1 4 2
-3 1 5 4
-2 1 -5 3
-2 1 -4 10
-2 1 -3 11
-2 1 -2 12
-2 1 -1 13
-2 1 0 7
-2 1 1 7
-2 1 2 7
-2 1 3 14
-2 1 4 15
-2 1 5 16
-1 1 -5 3
-1 1 -4 17
-1 1 -3 15
-1 1 -2 15
-1 1 -1 15
-1 1 0 15
-1 1 1 15
-1 1 2 15
-1 1 3 15
-1 1 4 15
-1 1 5 15
0 1 -5 18
0 1 -4 19
0 1 -3 15
0 1 -2 15
0 1 -1 15
0 1 0 15
0 1 1 15
0 1 2 15
0 1 3 15
0 1 4 15
0 1 5 15
1 1 -5 3
1 1 -4 17
1 1 -3 15
1 1 -2 15
1 1 -1 15
1 1 0 15
1 1 1 15
1 1 2 15
1 1 3 15
1 1 4 15
1 1 5 15
2 1 -5 3
2 1 -4 20
2 1 -3 15
2 1 -2 15
2 1 -1 15
2 1 0 21
2 1 1 22
2 1 2 23
2 1 3 15
2 1 4 13
2 1 5 16
3 1 -5 4
3 1 -4 3
3 1 -3 4
3 1 -2 4
3 1 -1 3
3 1 0 4
3 1 1 2
3 1 2 3
3 1 3 2
3 1 4 2
3 1 5 5
4 1 -2 24
4 1 2 24
-4 2 -3 25
-4 2 -1 25
-4 2 1 25
-4 2 3 25
-3 2 -5 18
-3 2 -4 4
-3 2 -3 4
-3 2 -2 26
-3 2 -1 3
-3 2 0 3
-3 2 1 5
-3 2 2 26
-3 2 3 3
-3 2 4 4
-3 2 5 18
-2 2 -5 3
-2 2 -4 15
-2 2 -3 15
-2 2 -2 15
-2 2 -1 27
-2 2 0 7
-2 2 1 7
-2 2 2 14
-2 2 3 15
-2 2 4 15
-2 2 5 16
-1 2 -5 3
-1 2 -4 17
-1 2 -3 15
-1 2 -2 15
-1 2 -1 15
-1 2 0 15
-1 2 1 15
-1 2 2 15
-1 2 3 15
-1 2 4 15
-1 2 5 15
0 2 -5 17
0 2 -4 15
0 2 -3 15
0 2 -2 15
0 2 -1 15
0 2 0 15
0 2 1 15
0 2 2 15
0 2 3 15
0 2 4 15
0 2 5 15
1 2 -5 3
1 2 -4 17
1 2 -3 15
1 2 -2 15
1 2 -1 15
1 2 0 15
1 2 1 15
1 2 2 15
1 2 3 15
1 2 4 15
1 2 5 15
2 2 -5 2
2 2 -4 15
2 2 -3 15
2 2 -2 15
2 2 -1 15
2 2 0 15
2 2 1 15
2 2 2 27
2 2 3 15
2 2 4 28
2 2 5 16
3 2 -5 18
3 2 -4 2
3 2 -3 3
3 2 -2 26
3 2 -1 5
3 2 0 2
3 2 1 3
3 2 2 26
3 2 3 4
3 2 4 3
3 2 5 18
4 2 -3 29
4 2 -1 29
4 2 1 29
4 2 3 29
-4 3 -3 25
-4 3 -1 25
-4 3 1 25
-4 3 3 25
-3 3 -5 3
-3 3 -4 3
-3 3 -3 4
-3 3 -2 26
-3 3 -1 5
-3 3 0 2
-3 3 1 3
-3 3 2 26
-3 3 3 3
-3 3 4 3
-3 3 5 3
-2 3 -5 3
-2 3 -4 15
-2 3 -3 15
-2 3 -2 15
-2 3 -1 15
-2 3 0 7
-2 3 1 14
-2 3 2 15
-2 3 3 15
-2 3 4 15
-2 3 5 3
-1 3 -5 2
-1 3 -4 17
-1 3 -3 30
-1 3 -2 15
-1 3 -1 15
-1 3 0 15
-1 3 1 15
-1 3 2 15
-1 3 3 15
-1 3 4 15
-1 3 5 31
0 3 -5 17
0 3 -4 15
0 3 -3 30
0 3 -2 15
0 3 -1 15
0 3 0 32
0 3 1 15
0 3 2 15
0 3 3 15
0 3 4 15
0 3 5 31
0 3 6 33
1 3 -5 2
1 3 -4 18
1 3 -3 30
1 3 -2 15
1 3 -1 15
1 3 0 15
1 3 1 15
1 3 2 15
1 3 3 15
1 3 4 15
1 3 5 31
2 3 -5 5
2 3 -4 15
2 3 -3 15
2 3 -2 15
2 3 -1 15
2 3 0 15
2 3 1 15
2 3 2 15
2 3 3 15
2 3 4 15
2 3 5 4
2 3 6 32
3 3 -5 3
3 3 -4 2
3 3 -3 3
3 3 -2 26
3 3 -1 3
3 3 0 4
3 3 1 5
3 3 2 26
3 3 3 4
3 3 4 3
3 3 5 3
4 3 -3 29
4 3 -1 29
4 3 1 29
4 3 3 29
-4 4 -2 34
-4 4 2 34
-3 4 -5 16
-3 4 -4 35
-3 4 -3 35
-3 4 -2 35
-3 4 -1 35
-3 4 0 35
-3 4 1 35
-3 4 2 35
-3 4 3 35
-3 4 4 35
-3 4 5 35
-3 4 6 16
-2 4 -6 36
-2 4 -5 31
-2 4 -4 7
-2 4 -3 7
-2 4 -2 7
-2 4 -1 7
-2 4 0 14
-2 4 1 15
-2 4 2 15
-2 4 3 15
-2 4 4 7
-2 4 5 7
-2 4 6 37
-1 4 -5 31
-1 4 -4 17
-1 4 -3 7
-1 4 -2 7
-1 4 -1 7
-1 4 0 7
-1 4 1 7
-1 4 2 7
-1 4 3 7
-1 4 4 7
-1 4 5 7
-1 4 6 38
0 4 -5 18
0 4 -4 15
0 4 -3 17
0 4 -2 7
0 4 -1 7
0 4 0 7
0 4 1 7
0 4 2 7
0 4 3 7
0 4 4 7
0 4 5 7
0 4 6 37
1 4 -5 31
1 4 -4 17
1 4 -3 7
1 4 -2 7
1 4 -1 7
1 4 0 7
1 4 1 7
1 4 2 7
1 4 3 7
1 4 4 7
1 4 5 7
1 4 6 38
2 4 -6 36
2 4 -5 31
2 4 -4 7
2 4 -3 7
2 4 -2 7
2 4 -1 7
2 4 0 7
2 4 1 7
2 4 2 7
2 4 3 7
2 4 4 7
2 4 5 7
2 4 6 37
3 4 -5 16
3 4 -4 35
3 4 -3 35
3 4 -2 35
3 4 -1 35
3 4 0 35
3 4 1 35
3 4 2 35
3 4 3 35
3 4 4 35
3 4 5 35
3 4 6 16
4 4 -2 34
4 4 2 34
-4 5 -2 9
-4 5 2 9
-3 5 -5 16
-3 5 -4 16
-3 5 -3 39
-3 5 -2 39
-3 5 -1 39
-3 5 0 16
-3 5 1 39
-3 5 2 40
-3 5 3 40
-3 5 4 16
-3 5 5 39
-3 5 6 16
-2 5 -5 39
-2 5 -4 15
-2 5 -3 15
-2 5 -2 15
-2 5 -1 15
-2 5 0 15
-2 5 1 15
-2 5 2 15
-2 5 3 15
-2 5 4 41
-2 5 5 13
-2 5 6 40
-1 5 -5 39
-1 5 -4 17
-1 5 -3 15
-1 5 -2 15
-1 5 -1 15
-1 5 0 42
-1 5 1 43
-1 5 2 44
-1 5 3 45
-1 5 4 15
-1 5 5 15
-1 5 6 39
0 5 -5 18
0 5 -4 23
0 5 -3 17
0 5 -2 15
0 5 -1 15
0 5 0 42
0 5 1 42
0 5 2 15
0 5 3 15
0 5 4 15
0 5 5 15
0 5 6 16
1 5 -5 39
1 5 -4 17
1 5 -3 15
1 5 -2 15
1 5 -1 15
1 5 0 42
1 5 1 42
1 5 2 15
1 5 3 15
1 5 4 15
1 5 5 13
1 5 6 40
2 5 -5 40
2 5 -4 15
2 5 -3 15
2 5 -2 15
2 5 -1 15
2 5 0 46
2 5 1 7
2 5 2 7
2 5 3 7
2 5 4 15
2 5 5 15
2 5 6 39
3 5 -5 16
3 5 -4 16
3 5 -3 40
3 5 -2 39
3 5 -1 39
3 5 0 16
3 5 1 39
3 5 2 40
3 5 3 39
3 5 4 16
3 5 5 40
3 5 6 16
4 5 -2 24
4 5 2 24
-4 6 -3 25
-4 6 -1 25
-4 6 1 25
-4 6 3 25
-3 6 -5 16
-3 6 -4 16
-3 6 -3 39
-3 6 -2 26
-3 6 -1 39
-3 6 0 16
-3 6 1 39
-3 6 2 26
-3 6 3 39
-3 6 4 16
-3 6 5 39
-3 6 6 16
-2 6 -5 39
-2 6 -4 15
-2 6 -3 15
-2 6 -2 15
-2 6 -1 15
-2 6 0 15
-2 6 1 15
-2 6 2 15
-2 6 3 15
-2 6 4 15
-2 6 5 15
-2 6 6 39
-1 6 -5 39
-1 6 -4 17
-1 6 -3 15
-1 6 -2 15
-1 6 -1 15
-1 6 0 15
-1 6 1 15
-1 6 2 15
-1 6 3 15
-1 6 4 15
-1 6 5 15
-1 6 6 39
0 6 -5 17
0 6 -4 15
0 6 -3 18
0 6 -2 15
0 6 -1 15
0 6 0 15
0 6 1 15
0 6 2 15
0 6 3 15
0 6 4 15
0 6 5 15
0 6 6 16
1 6 -5 39
1 6 -4 17
1 6 -3 15
1 6 -2 15
1 6 -1 15
1 6 0 15
1 6 1 15
1 6 2 15
1 6 3 15
1 6 4 15
1 6 5 47
1 6 6 40
2 6 -5 39
2 6 -4 15
2 6 -3 15
2 6 -2 15
2 6 -1 15
2 6 0 15
2 6 1 46
2 6 2 7
2 6 3 7
2 6 4 15
2 6 5 15
2 6 6 39
3 6 -5 16
3 6 -4 16
3 6 -3 39
3 6 -2 26
3 6 -1 39
3 6 0 16
3 6 1 39
3 6 2 48
3 6 3 39
3 6 4 16
3 6 5 40
3 6 6 16
4 6 1 29
4 6 3 29
-4 7 -3 25
-4 7 -1 25
-4 7 1 25
-4 7 3 25
-3 7 -5 16
-3 7 -4 16
-3 7 -3 39
-3 7 -2 26
-3 7 -1 39
-3 7 0 16
-3 7 1 39
-3 7 2 26
-3 7 3 39
-3 7 4 16
-3 7 5 39
-3 7 6 16
-2 7 -5 40
-2 7 -4 15
-2 7 -3 15
-2 7 -2 15
-2 7 -1 15
-2 7 0 15
-2 7 1 15
-2 7 2 15
-2 7 3 15
-2 7 4 15
-2 7 5 15
-2 7 6 39
-1 7 -5 39
-1 7 -4 18
-1 7 -3 15
-1 7 -2 15
-1 7 -1 15
-1 7 0 15
-1 7 1 15
-1 7 2 15
-1 7 3 15
-1 7 4 15
-1 7 5 15
-1 7 6 39
0 7 -5 17
0 7 -4 15
0 7 -3 17
0 7 -2 15
0 7 -1 15
0 7 0 32
0 7 1 15
0 7 2 15
0 7 3 15
0 7 4 15
0 7 5 15
0 7 6 16
1 7 -5 39
1 7 -4 17
1 7 -3 15
1 7 -2 15
1 7 -1 15
1 7 0 15
1 7 1 15
1 7 2 15
1 7 3 15
1 7 4 15
1 7 5 15
1 7 6 39
2 7 -5 39
2 7 -4 15
2 7 -3 15
2 7 -2 15
2 7 -1 15
2 7 0 15
2 7 1 15
2 7 2 46
2 7 3 7
2 7 4 15
2 7 5 15
2 7 6 39
3 7 -5 16
3 7 -4 16
3 7 -3 39
3 7 -2 26
3 7 -1 39
3 7 0 16
3 7 1 39
3 7 2 26
3 7 3 39
3 7 4 16
3 7 5 40
3 7 6 16
4 7 1 29
4 7 3 29
-4 8 -2 34
-4 8 2 34
-3 8 -5 16
-3 8 -4 35
-3 8 -3 35
-3 8 -2 35
-3 8 -1 35
-3 8 0 35
-3 8 1 35
-3 8 2 35
-3 8 3 35
-3 8 4 35
-3 8 5 35
-3 8 6 16
-2 8 -6 36
-2 8 -5 31
-2 8 -4 7
-2 8 -3 7
-2 8 -2 7
-2 8 -1 7
-2 8 0 7
-2 8 1 7
-2 8 2 7
-2 8 3 7
-2 8 4 7
-2 8 5 7
-2 8 6 31
-2 8 7 36
-1 8 -5 31
-1 8 -4 17
-1 8 -3 7
-1 8 -2 7
-1 8 -1 7
-1 8 0 7
-1 8 1 7
-1 8 2 7
-1 8 3 7
-1 8 4 7
-1 8 5 7
-1 8 6 31
0 8 -5 17
0 8 -4 15
0 8 -3 17
0 8 -2 7
0 8 -1 7
0 8 0 7
0 8 1 7
0 8 2 7
0 8 3 7
0 8 4 7
0 8 5 7
0 8 6 31
1 8 -5 31
1 8 -4 17
1 8 -3 7
1 8 -2 7
1 8 -1 7
1 8 0 7
1 8 1 7
1 8 2 7
1 8 3 7
1 8 4 7
1 8 5 7
1 8 6 31
2 8 -6 36
2 8 -5 31
2 8 -4 7
2 8 -3 7
2 8 -2 7
2 8 -1 7
2 8 0 15
2 8 1 15
2 8 2 15
2 8 3 46
2 8 4 7
2 8 5 7
2 8 6 31
2 8 7 36
3 8 -5 16
3 8 -4 35
3 8 -3 35
3 8 -2 35
3 8 -1 35
3 8 0 35
3 8 1 35
3 8 2 35
3 8 3 35
3 8 4 35
3 8 5 35
3 8 6 16
4 8 -2 34
4 8 2 34
-4 9 -2 9
-4 9 2 9
-3 9 -5 16
-3 9 -4 16
-3 9 -3 39
-3 9 -2 40
-3 9 -1 39
-3 9 0 16
-3 9 1 39
-3 9 2 39
-3 9 3 39
-3 9 4 16
-3 9 5 39
-3 9 6 16
-2 9 -5 39
-2 9 -4 15
-2 9 -3 15
-2 9 -2 15
-2 9 -1 15
-2 9 0 7
-2 9 1 7
-2 9 2 7
-2 9 3 14
-2 9 4 15
-2 9 5 49
-2 9 6 39
-1 9 -5 39
-1 9 -4 17
-1 9 -3 15
-1 9 -2 15
-1 9 -1 42
-1 9 0 42
-1 9 1 42
-1 9 2 15
-1 9 3 15
-1 9 4 15
-1 9 5 50
-1 9 6 39
0 9 -5 18
0 9 -4 15
0 9 -3 17
0 9 -2 15
0 9 -1 42
0 9 0 42
0 9 1 42
0 9 2 15
0 9 3 15
0 9 4 15
0 9 5 15
0 9 6 16
1 9 -5 39
1 9 -4 17
1 9 -3 15
1 9 -2 15
1 9 -1 42
1 9 0 43
1 9 1 44
1 9 2 45
1 9 3 15
1 9 4 15
1 9 5 23
1 9 6 39
2 9 -5 39
2 9 -4 13
2 9 -3 15
2 9 -2 51
2 9 -1 52
2 9 0 15
2 9 1 15
2 9 2 15
2 9 3 15
2 9 4 15
2 9 5 15
2 9 6 39
3 9 -5 16
3 9 -4 16
3 9 -3 39
3 9 -2 39
3 9 -1 39
3 9 0 16
3 9 1 39
3 9 2 39
3 9 3 39
3 9 4 16
3 9 5 39
3 9 6 16
4 9 -2 24
4 9 2 24
-4 10 -3 25
-4 10 -1 25
-3 10 -5 16
-3 10 -4 16
-3 10 -3 39
-3 10 -2 26
-3 10 -1 39
-3 10 0 16
-3 10 1 40
-3 10 2 26
-3 10 3 39
-3 10 4 16
-3 10 5 39
-3 10 6 16
-2 10 -5 39
-2 10 -4 15
-2 10 -3 15
-2 10 -2 15
-2 10 -1 15
-2 10 0 7
-2 10 1 7
-2 10 2 14
-2 10 3 15
-2 10 4 15
-2 10 5 15
-2 10 6 39
-1 10 -5 39
-1 10 -4 17
-1 10 -3 15
-1 10 -2 15
-1 10 -1 15
-1 10 0 15
-1 10 1 15
-1 10 2 15
-1 10 3 15
-1 10 4 15
-1 10 5 15
-1 10 6 39
0 10 -5 17
0 10 -4 15
0 10 -3 18
0 10 -2 15
0 10 -1 15
0 10 0 15
0 10 1 15
0 10 2 15
0 10 3 15
0 10 4 15
0 10 5 15
0 10 6 16
1 10 -5 39
1 10 -4 17
1 10 -3 15
1 10 -2 15
1 10 -1 15
1 10 0 15
1 10 1 15
1 10 2 15
1 10 3 15
1 10 4 15
1 10 5 15
1 10 6 39
2 10 -5 39
2 10 -4 15
2 10 -3 15
2 10 -2 15
2 10 -1 15
2 10 0 15
2 10 1 15
2 10 2 15
2 10 3 15
2 10 4 15
2 10 5 15
2 10 6 39
3 10 -5 16
3 10 -4 16
3 10 -3 39
3 10 -2 26
3 10 -1 40
3 10 0 16
3 10 1 39
3 10 2 26
3 10 3 39
3 10 4 16
3 10 5 39
3 10 6 16
4 10 1 29
4 10 3 29
-4 11 -3 25
-4 11 -1 25
-3 11 -5 16
-3 11 -4 16
-3 11 -3 40
-3 11 -2 26
-3 11 -1 39
-3 11 0 16
-3 11 1 39
-3 11 2 26
-3 11 3 39
-3 11 4 16
-3 11 5 39
-3 11 6 16
-2 11 -5 39
-2 11 -4 15
-2 11 -3 15
-2 11 -2 15
-2 11 -1 15
-2 11 0 7
-2 11 1 14
-2 11 2 15
-2 11 3 15
-2 11 4 15
-2 11 5 15
-2 11 6 39
-1 11 -5 39
-1 11 -4 17
-1 11 -3 15
-1 11 -2 15
-1 11 -1 15
-1 11 0 15
-1 11 1 15
-1 11 2 15
-1 11 3 15
-1 11 4 15
-1 11 5 15
-1 11 6 39
0 11 -5 17
0 11 -4 15
0 11 -3 17
0 11 -2 15
0 11 -1 15
0 11 0 32
0 11 1 15
0 11 2 15
0 11 3 15
0 11 4 15
0 11 5 15
0 11 6 16
1 11 -5 39
1 11 -4 17
1 11 -3 15
1 11 -2 15
1 11 -1 15
1 11 0 15
1 11 1 15
1 11 2 15
1 11 3 15
1 11 4 15
1 11 5 15
1 11 6 39
2 11 -5 40
2 11 -4 15
2 11 -3 15
2 11 -2 15
2 11 -1 15
2 11 0 15
2 11 1 15
2 11 2 15
2 11 3 15
2 11 4 15
2 11 5 15
2 11 6 39
3 11 -5 16
3 11 -4 16
3 11 -3 39
3 11 -2 26
3 11 -1 39
3 11 0 16
3 11 1 39
3 11 2 26
3 11 3 40
3 11 4 16
3 11 5 39
3 11 6 16
4 11 1 29
4 11 3 29
-4 12 -2 34
-4 12 2 34
-3 12 -5 16
-3 12 -4 35
-3 12 -3 35
-3 12 -2 35
-3 12 -1 35
-3 12 0 35
-3 12 1 35
-3 12 2 35
-3 12 3 35
-3 12 4 35
-3 12 5 35
-3 12 6 16
-2 12 -6 36
-2 12 -5 31
-2 12 -4 7
-2 12 -3 7
-2 12 -2 7
-2 12 -1 7
-2 12 0 14
-2 12 1 15
-2 12 2 15
-2 12 3 15
-2 12 4 7
-2 12 5 7
-2 12 6 31
-2 12 7 36
-1 12 -5 31
-1 12 -4 17
-1 12 -3 7
-1 12 -2 7
-1 12 -1 7
-1 12 0 7
-1 12 1 7
-1 12 2 7
-1 12 3 7
-1 12 4 7
-1 12 5 7
-1 12 6 31
0 12 -5 17
0 12 -4 15
0 12 -3 17
0 12 -2 7
0 12 -1 7
0 12 0 7
0 12 1 7
0 12 2 7
0 12 3 7
0 12 4 7
0 12 5 7
0 12 6 31
1 12 -5 31
1 12 -4 18
1 12 -3 7
1 12 -2 7
1 12 -1 7
1 12 0 7
1 12 1 7
1 12 2 7
1 12 3 7
1 12 4 7
1 12 5 7
1 12 6 31
2 12 -6 36
2 12 -5 31
2 12 -4 7
2 12 -3 7
2 12 -2 7
2 12 -1 7
2 12 0 7
2 12 1 7
2 12 2 7
2 12 3 7
2 12 4 7
2 12 5 7
2 12 6 31
2 12 7 36
3 12 -5 16
3 12 -4 35
3 12 -3 35
3 12 -2 35
3 12 -1 35
3 12 0 35
3 12 1 35
3 12 2 35
3 12 3 35
3 12 4 35
3 12 5 35
3 12 6 16
4 12 -2 34
4 12 2 34
-4 13 -2 9
-4 13 2 9
-3 13 -5 16
-3 13 -4 16
-3 13 -3 39
-3 13 -2 39
-3 13 -1 39
-3 13 0 16
-3 13 1 39
-3 13 2 39
-3 13 3 39
-3 13 4 16
-3 13 5 39
-3 13 6 16
-2 13 -5 40
-2 13 -4 15
-2 13 -3 15
-2 13 -2 13
-2 13 -1 15
-2 13 0 15
-2 13 1 15
-2 13 2 15
-2 13 3 15
-2 13 4 53
-2 13 5 15
-2 13 6 39
-1 13 -5 39
-1 13 -4 17
-1 13 -3 15
-1 13 -2 15
-1 13 -1 15
-1 13 0 15
-1 13 1 43
-1 13 2 44
-1 13 3 45
-1 13 4 15
-1 13 5 15
-1 13 6 39
0 13 -5 18
0 13 -4 15
0 13 -3 17
0 13 -2 15
0 13 -1 15
0 13 0 15
0 13 1 15
0 13 2 15
0 13 3 15
0 13 4 15
0 13 5 15
0 13 6 16
1 13 -5 39
1 13 -4 17
1 13 -3 15
1 13 -2 15
1 13 -1 15
1 13 0 15
1 13 1 15
1 13 2 15
1 13 3 15
1 13 4 15
1 13 5 15
1 13 6 40
2 13 -5 39
2 13 -4 15
2 13 -3 15
2 13 -2 15
2 13 -1 13
2 13 0 15
2 13 1 13
2 13 2 13
2 13 3 13
2 13 4 13
2 13 5 13
2 13 6 39
3 13 -5 16
3 13 -4 16
3 13 -3 39
3 13 -2 40
3 13 -1 39
3 13 0 16
3 13 1 39
3 13 2 39
3 13 3 39
3 13 4 16
3 13 5 39
3 13 6 16
4 13 -2 24
4 13 2 24
-4 14 -3 25
-4 14 -1 25
-4 14 1 25
-4 14 3 25
-3 14 -5 16
-3 14 -4 16
-3 14 -3 39
-3 14 -2 26
-3 14 -1 40
-3 14 0 16
-3 14 1 39
-3 14 2 26
-3 14 3 39
-3 14 4 16
-3 14 5 39
-3 14 6 16
-2 14 -5 39
-2 14 -4 15
-2 14 -3 15
-2 14 -2 15
-2 14 -1 15
-2 14 0 15
-2 14 1 15
-2 14 2 15
-2 14 3 15
-2 14 4 15
-2 14 5 15
-2 14 6 40
-1 14 -5 39
-1 14 -4 17
-1 14 -3 15
-1 14 -2 15
-1 14 -1 15
-1 14 0 15
-1 14 1 15
-1 14 2 15
-1 14 3 15
-1 14 4 15
-1 14 5 15
-1 14 6 39
0 14 -5 17
0 14 -4 15
0 14 -3 17
0 14 -2 15
0 14 -1 15
0 14 0 15
0 14 1 15
0 14 2 15
0 14 3 15
0 14 4 15
0 14 5 15
0 14 6 16
1 14 -5 39
1 14 -4 18
1 14 -3 15
1 14 -2 15
1 14 -1 15
1 14 0 15
1 14 1 15
1 14 2 15
1 14 3 15
1 14 4 15
1 14 5 15
1 14 6 39
2 14 -5 39
2 14 -4 15
2 14 -3 15
2 14 -2 15
2 14 -1 15
2 14 0 15
2 14 1 15
2 14 2 15
2 14 3 15
2 14 4 15
2 14 5 15
2 14 6 39
3 14 -5 16
3 14 -4 16
3 14 -3 39
3 14 -2 26
3 14 -1 39
3 14 0 16
3 14 1 40
3 14 2 26
3 14 3 39
3 14 4 16
3 14 5 39
3 14 6 16
-4 15 -3 25
-4 15 -1 25
-4 15 1 25
-4 15 3 25
-3 15 -5 16
-3 15 -4 16
-3 15 -3 39
-3 15 -2 26
-3 15 -1 39
-3 15 0 16
-3 15 1 39
-3 15 2 26
-3 15 3 39
-3 15 4 16
-3 15 5 39
-3 15 6 16
-2 15 -5 39
-2 15 -4 15
-2 15 -3 15
-2 15 -2 15
-2 15 -1 15
-2 15 0 15
-2 15 1 15
-2 15 2 15
-2 15 3 15
-2 15 4 15
-2 15 5 15
-2 15 6 39
-1 15 -5 39
-1 15 -4 17
-1 15 -3 15
-1 15 -2 15
-1 15 -1 15
-1 15 0 15
-1 15 1 15
-1 15 2 15
-1 15 3 15
-1 15 4 15
-1 15 5 15
-1 15 6 39
0 15 -5 17
0 15 -4 15
0 15 -3 18
0 15 -2 15
0 15 -1 15
0 15 0 32
0 15 1 15
0 15 2 15
0 15 3 15
0 15 4 15
0 15 5 15
0 15 6 16
1 15 -5 39
1 15 -4 18
1 15 -3 15
1 15 -2 15
1 15 -1 15
1 15 0 15
1 15 1 15
1 15 2 15
1 15 3 15
1 15 4 15
1 15 5 15
1 15 6 39
2 15 -5 39
2 15 -4 15
2 15 -3 15
2 15 -2 15
2 15 -1 15
2 15 0 15
2 15 1 15
2 15 2 15
2 15 3 15
2 15 4 15
2 15 5 15
2 15 6 39
3 15 -5 16
3 15 -4 16
3 15 -3 39
3 15 -2 26
3 15 -1 39
3 15 0 16
3 15 1 39
3 15 2 26
3 15 3 39
3 15 4 16
3 15 5 39
3 15 6 16
-4 16 -6 54
-4 16 -5 55
-4 16 -4 55
-4 16 -3 55
-4 16 -2 55
-4 16 -1 55
-4 16 0 55
-4 16 1 54
-4 16 2 55
-4 16 3 55
-4 16 4 55
-4 16 5 55
-4 16 6 54
-4 16 7 55
-3 16 -5 16
-3 16 -4 35
-3 16 -3 35
-3 16 -2 35
-3 16 -1 35
-3 16 0 35
-3 16 1 35
-3 16 2 35
-3 16 3 35
-3 16 4 35
-3 16 5 35
-3 16 6 16
-2 16 -5 31
-2 16 6 31
-1 16 -5 31
-1 16 -4 17
-1 16 6 31
0 16 -5 17
0 16 -4 15
0 16 -3 17
0 16 6 31
1 16 -5 31
1 16 -4 17
1 16 6 31
2 16 -5 31
2 16 6 31
3 16 -5 16
3 16 -4 35
3 16 -3 35
3 16 -2 35
3 16 -1 35
3 16 0 35
3 16 1 35
3 16 2 35
3 16 3 35
3 16 4 35
3 16 5 35
3 16 6 16
4 16 -6 56
4 16 -5 56
4 16 -4 56
4 16 -3 56
4 16 -2 56
4 16 -1 56
4 16 0 56
4 16 1 56
4 16 2 56
4 16 3 56
4 16 4 56
4 16 5 56
4 16 6 56
4 16 7 56
-3 17 -6 55
-3 17 -5 54
-3 17 -4 55
-3 17 -3 54
-3 17 -2 55
-3 17 -1 55
-3 17 0 55
-3 17 1 55
-3 17 2 55
-3 17 3 55
-3 17 4 55
-3 17 5 55
-3 17 6 54
-3 17 7 55
-2 17 -5 39
-2 17 -4 15
-2 17 -3 15
-2 17 -2 15
-2 17 -1 15
-2 17 0 15
-2 17 1 15
-2 17 2 15
-2 17 3 15
-2 17 4 15
-2 17 5 15
-2 17 6 39
-1 17 -5 39
-1 17 -4 17
-1 17 -3 15
-1 17 -2 15
-1 17 -1 15
-1 17 0 15
-1 17 1 15
-1 17 2 15
-1 17 3 15
-1 17 4 15
-1 17 5 15
-1 17 6 39
0 17 -5 17
0 17 -4 15
0 17 -3 17
0 17 -2 15
0 17 -1 15
0 17 0 15
0 17 1 15
0 17 2 15
0 17 3 15
0 17 4 15
0 17 5 15
0 17 6 16
1 17 -5 39
1 17 -4 17
1 17 -3 15
1 17 -2 15
1 17 -1 15
1 17 0 15
1 17 1 15
1 17 2 15
1 17 3 15
1 17 4 15
1 17 5 15
1 17 6 39
2 17 -5 39
2 17 -4 15
2 17 -3 15
2 17 -2 15
2 17 -1 15
2 17 0 15
2 17 1 15
2 17 2 15
2 17 3 15
2 17 4 15
2 17 5 15
2 17 6 39
3 17 -6 56
3 17 -5 56
3 17 -4 57
3 17 -3 56
3 17 -2 56
3 17 -1 56
3 17 0 56
3 17 1 56
3 17 2 56
3 17 3 57
3 17 4 56
3 17 5 57
3 17 6 57
3 17 7 56
-2 18 -6 55
-2 18 -5 54
-2 18 -4 54
-2 18 -3 55
-2 18 -2 55
-2 18 -1 55
-2 18 0 55
-2 18 1 55
-2 18 2 55
-2 18 3 55
-2 18 4 55
-2 18 5 55
-2 18 6 55
-2 18 7 55
-1 18 -5 39
-1 18 -4 17
-1 18 -3 15
-1 18 -2 15
-1 18 -1 15
-1 18 0 15
-1 18 1 15
-1 18 2 15
-1 18 3 15
-1 18 4 15
-1 18 5 15
-1 18 6 39
0 18 -5 17
0 18 -4 15
0 18 -3 17
0 18 -2 15
0 18 -1 15
0 18 0 15
0 18 1 15
0 18 2 15
0 18 3 15
0 18 4 15
0 18 5 15
0 18 6 58
1 18 -5 39
1 18 -4 17
1 18 -3 15
1 18 -2 15
1 18 -1 15
1 18 0 15
1 18 1 15
1 18 2 15
1 18 3 15
1 18 4 15
1 18 5 15
1 18 6 39
2 18 -6 56
2 18 -5 56
2 18 -4 56
2 18 -3 56
2 18 -2 56
2 18 -1 57
2 18 0 56
2 18 1 56
2 18 2 56
2 18 3 56
2 18 4 56
2 18 5 56
2 18 6 56
2 18 7 56
-1 19 -6 54
-1 19 -5 55
-1 19 -4 17
-1 19 -3 55
-1 19 -2 55
-1 19 -1 55
-1 19 0 55
-1 19 1 55
-1 19 2 54
-1 19 3 55
-1 19 4 55
-1 19 5 55
-1 19 6 55
-1 19 7 55
0 19 -6 7
0 19 -5 18
0 19 -4 15
0 19 -3 18
0 19 -2 7
0 19 -1 7
0 19 0 7
0 19 1 7
0 19 2 7
0 19 3 7
0 19 4 7
0 19 5 7
0 19 6 16
0 19 7 7
1 19 -6 56
1 19 -5 56
1 19 -4 18
1 19 -3 56
1 19 -2 56
1 19 -1 56
1 19 0 57
1 19 1 56
1 19 2 56
1 19 3 56
1 19 4 56
1 19 5 56
1 19 6 56
1 19 7 56
-1 20 -4 17
0 20 -6 59
0 20 -5 17
0 20 -4 19
0 20 -3 17
0 20 -2 59
0 20 -1 59
0 20 0 59
0 20 1 59
0 20 2 59
0 20 3 59
0 20 4 59
0 20 5 59
0 20 6 59
0 20 7 59
1 20 -4 17
-1 21 -4 17
0 21 -5 17
0 21 -4 15
0 21 -3 17
1 21 -4 17
-1 22 -4 18
0 22 -5 17
0 22 -4 15
0 22 -3 18
1 22 -4 17
