core 0 1 6
P minecraft:cobblestone_stairs[facing=east,half=bottom,shape=straight,waterlogged=false]
P minecraft:cobblestone_stairs[facing=south,half=bottom,shape=straight,waterlogged=false]
P minecraft:andesite
P minecraft:mossy_cobblestone
P minecraft:stone
P minecraft:cobblestone
P minecraft:cobblestone_stairs[facing=north,half=bottom,shape=straight,waterlogged=false]
P minecraft:dark_oak_planks
P minecraft:cobblestone_stairs[facing=west,half=bottom,shape=straight,waterlogged=false]
P minecraft:spruce_stairs[facing=east,half=top,shape=straight,waterlogged=false]
P minecraft:crafting_table
P minecraft:bookshelf
P minecraft:air
P minecraft:bricks
P minecraft:campfire[facing=east,lit=true,signal_fire=false,waterlogged=false]
P minecraft:spruce_stairs[facing=south,half=top,shape=straight,waterlogged=false]
P minecraft:chest[facing=south,type=single,waterlogged=false]
P minecraft:spruce_stairs[facing=north,half=top,shape=straight,waterlogged=false]
P minecraft:yellow_carpet
P minecraft:spruce_stairs[facing=west,half=bottom,shape=straight,waterlogged=false]
P minecraft:spruce_stairs[facing=north,half=bottom,shape=straight,waterlogged=false]
P minecraft:spruce_fence[east=false,north=false,south=false,waterlogged=false,west=false]
P minecraft:spruce_stairs[facing=south,half=bottom,shape=straight,waterlogged=false]
P minecraft:spruce_door[facing=north,half=lower,hinge=left,open=false,powered=false]
P minecraft:barrel[facing=up,open=false]
P minecraft:smoker[facing=west,lit=false]
P minecraft:furnace[facing=west,lit=false]
P minecraft:water_cauldron[level=3]
P minecraft:spruce_stairs[facing=west,half=top,shape=straight,waterlogged=false]
P minecraft:dark_oak_trapdoor[facing=west,half=bottom,open=true,powered=false,waterlogged=false]
P minecraft:stone_bricks
P minecraft:glass_pane[east=false,north=true,south=true,waterlogged=false,west=false]
P minecraft:dark_oak_trapdoor[facing=north,half=bottom,open=true,powered=false,waterlogged=false]
P minecraft:dark_oak_trapdoor[facing=south,half=bottom,open=true,powered=false,waterlogged=false]
P minecraft:glass_pane[east=true,north=false,south=false,waterlogged=false,west=true]
P minecraft:spruce_pressure_plate[powered=false]
P minecraft:spruce_door[facing=north,half=upper,hinge=left,open=false,powered=false]
P minecraft:lantern[hanging=true,waterlogged=false]
P minecraft:potted_fern
P minecraft:dark_oak_trapdoor[facing=east,half=bottom,open=true,powered=false,waterlogged=false]
P minecraft:brick_stairs[facing=west,half=top,shape=straight,waterlogged=false]
P minecraft:spruce_slab[type=top,waterlogged=false]
P minecraft:dark_oak_log[axis=y]
P minecraft:dark_oak_log[axis=z]
P minecraft:dark_oak_log[axis=x]
P minecraft:stripped_dark_oak_log[axis=z]
P minecraft:pink_terracotta
P minecraft:white_terracotta
P minecraft:spruce_stairs[facing=east,half=bottom,shape=straight,waterlogged=false]
P minecraft:yellow_bed[facing=west,occupied=false,part=head]
P minecraft:yellow_bed[facing=west,occupied=false,part=foot]
P minecraft:spruce_fence[east=true,north=false,south=false,waterlogged=false,west=false]
P minecraft:spruce_fence[east=true,north=false,south=false,waterlogged=false,west=true]
P minecraft:spruce_fence[east=false,north=false,south=false,waterlogged=false,west=true]
P minecraft:yellow_bed[facing=east,occupied=false,part=foot]
P minecraft:chest[facing=west,type=single,waterlogged=false]
P minecraft:yellow_bed[facing=east,occupied=false,part=head]
P minecraft:lantern[hanging=false,waterlogged=false]
P minecraft:glass_pane[east=true,north=false,south=true,waterlogged=false,west=true]
P minecraft:stripped_dark_oak_log[axis=x]
P minecraft:chest[facing=east,type=single,waterlogged=false]
P minecraft:yellow_bed[facing=south,occupied=false,part=foot]
P minecraft:yellow_bed[facing=south,occupied=false,part=head]
P minecraft:dark_oak_stairs[facing=east,half=bottom,shape=straight,waterlogged=false]
P minecraft:dark_oak_stairs[facing=west,half=bottom,shape=straight,waterlogged=false]
P minecraft:spruce_slab[type=bottom,waterlogged=false]
-5 0 -5 0
-5 0 -4 0
-5 0 -3 0
-5 0 -2 0
-5 0 -1 0
-5 0 0 0
-5 0 1 0
-5 0 2 0
-5 0 3 0
-5 0 4 0
-5 0 5 0
-4 0 -6 1
-4 0 -5 2
-4 0 -4 2
-4 0 -3 3
-4 0 -2 4
-4 0 -1 5
-4 0 0 5
-4 0 1 3
-4 0 2 2
-4 0 3 5
-4 0 4 2
-4 0 5 5
-4 0 6 6
-3 0 -6 1
-3 0 -5 2
-3 0 -4 7
-3 0 -3 7
-3 0 -2 7
-3 0 -1 7
-3 0 0 7
-3 0 1 7
-3 0 2 7
-3 0 3 7
-3 0 4 7
-3 0 5 3
-3 0 6 6
-2 0 -6 1
-2 0 -5 5
-2 0 -4 7
-2 0 -3 7
-2 0 -2 7
-2 0 -1 7
-2 0 0 7
-2 0 1 7
-2 0 2 7
-2 0 3 7
-2 0 4 7
-2 0 5 3
-2 0 6 6
-1 0 -6 1
-1 0 -5 3
-1 0 -4 7
-1 0 -3 7
-1 0 -2 7
-1 0 -1 7
-1 0 0 7
-1 0 1 7
-1 0 2 7
-1 0 3 7
-1 0 4 7
-1 0 5 2
-1 0 6 6
0 0 -6 1
0 0 -5 2
0 0 -4 7
0 0 -3 7
0 0 -2 7
0 0 -1 7
0 0 0 7
0 0 1 7
0 0 2 7
0 0 3 7
0 0 4 7
0 0 5 4
1 0 -6 1
1 0 -5 2
1 0 -4 7
1 0 -3 7
1 0 -2 7
1 0 -1 7
1 0 0 7
1 0 1 7
1 0 2 7
1 0 3 7
1 0 4 7
1 0 5 3
1 0 6 6
2 0 -6 1
2 0 -5 5
2 0 -4 7
2 0 -3 7
2 0 -2 7
2 0 -1 7
2 0 0 7
2 0 1 7
2 0 2 7
2 0 3 7
2 0 4 7
2 0 5 2
2 0 6 6
3 0 -6 1
3 0 -5 3
3 0 -4 7
3 0 -3 7
3 0 -2 7
3 0 -1 7
3 0 0 7
3 0 1 7
3 0 2 7
3 0 3 7
3 0 4 7
3 0 5 2
3 0 6 6
4 0 -6 1
4 0 -5 2
4 0 -4 2
4 0 -3 5
4 0 -2 5
4 0 -1 4
4 0 0 2
4 0 1 5
4 0 2 5
4 0 3 2
4 0 4 2
4 0 5 5
4 0 6 6
5 0 -5 8
5 0 -4 8
5 0 -3 8
5 0 -2 8
5 0 -1 8
5 0 0 8
5 0 1 8
5 0 2 8
5 0 3 8
5 0 4 8
5 0 5 8
-5 1 -2 9
-5 1 2 9
-4 1 -5 4
-4 1 -4 5
-4 1 -3 5
-4 1 -2 5
-4 1 -1 5
-4 1 0 5
-4 1 1 5
-4 1 2 5
-4 1 3 5
-4 1 4 5
-4 1 5 3
-3 1 -5 5
-3 1 -4 10
-3 1 -3 11
-3 1 -2 12
-3 1 -1 13
-3 1 0 14
-3 1 1 13
-3 1 2 12
-3 1 3 12
-3 1 4 12
-3 1 5 5
-2 1 -6 15
-2 1 -5 5
-2 1 -4 16
-2 1 -3 12
-2 1 -2 12
-2 1 -1 12
-2 1 0 12
-2 1 1 12
-2 1 2 12
-2 1 3 12
-2 1 4 12
-2 1 5 4
-2 1 6 17
-1 1 -5 5
-1 1 -4 12
-1 1 -3 12
-1 1 -2 12
-1 1 -1 18
-1 1 0 19
-1 1 1 18
-1 1 2 12
-1 1 3 12
-1 1 4 12
-1 1 5 5
0 1 -5 5
0 1 -4 7
0 1 -3 12
0 1 -2 12
0 1 -1 20
0 1 0 21
0 1 1 22
0 1 2 12
0 1 3 12
0 1 4 12
0 1 5 23
1 1 -5 5
1 1 -4 7
1 1 -3 12
1 1 -2 12
1 1 -1 18
1 1 0 12
1 1 1 18
1 1 2 12
1 1 3 12
1 1 4 12
1 1 5 5
2 1 -6 15
2 1 -5 5
2 1 -4 7
2 1 -3 12
2 1 -2 12
2 1 -1 12
2 1 0 12
2 1 1 12
2 1 2 12
2 1 3 12
2 1 4 24
2 1 5 5
2 1 6 17
3 1 -5 5
3 1 -4 19
3 1 -3 12
3 1 -2 25
3 1 -1 26
3 1 0 27
3 1 1 12
3 1 2 12
3 1 3 24
3 1 4 12
3 1 5 5
4 1 -5 5
4 1 -4 5
4 1 -3 2
4 1 -2 3
4 1 -1 5
4 1 0 4
4 1 1 3
4 1 2 3
4 1 3 5
4 1 4 5
4 1 5 5
5 1 -2 28
5 1 2 28
-5 2 -3 29
-5 2 -1 29
-5 2 1 29
-5 2 3 29
-4 2 -5 30
-4 2 -4 5
-4 2 -3 3
-4 2 -2 31
-4 2 -1 5
-4 2 0 5
-4 2 1 3
-4 2 2 31
-4 2 3 5
-4 2 4 5
-4 2 5 30
-3 2 -6 32
-3 2 -5 5
-3 2 -4 12
-3 2 -3 12
-3 2 -2 12
-3 2 -1 13
-3 2 0 13
-3 2 1 13
-3 2 2 12
-3 2 3 12
-3 2 4 12
-3 2 5 5
-3 2 6 33
-2 2 -5 34
-2 2 -4 12
-2 2 -3 12
-2 2 -2 12
-2 2 -1 12
-2 2 0 12
-2 2 1 12
-2 2 2 12
-2 2 3 12
-2 2 4 12
-2 2 5 34
-1 2 -6 32
-1 2 -5 5
-1 2 -4 12
-1 2 -3 12
-1 2 -2 12
-1 2 -1 12
-1 2 0 12
-1 2 1 12
-1 2 2 12
-1 2 3 12
-1 2 4 12
-1 2 5 5
-1 2 6 33
0 2 -5 5
0 2 -4 7
0 2 -3 12
0 2 -2 12
0 2 -1 12
0 2 0 35
0 2 1 12
0 2 2 12
0 2 3 12
0 2 4 12
0 2 5 36
1 2 -6 32
1 2 -5 5
1 2 -4 7
1 2 -3 12
1 2 -2 12
1 2 -1 12
1 2 0 12
1 2 1 12
1 2 2 12
1 2 3 12
1 2 4 12
1 2 5 5
1 2 6 37
2 2 -5 34
2 2 -4 19
2 2 -3 12
2 2 -2 12
2 2 -1 12
2 2 0 12
2 2 1 12
2 2 2 12
2 2 3 12
2 2 4 12
2 2 5 34
3 2 -6 32
3 2 -5 5
3 2 -4 12
3 2 -3 12
3 2 -2 12
3 2 -1 12
3 2 0 12
3 2 1 12
3 2 2 12
3 2 3 38
3 2 4 12
3 2 5 5
3 2 6 33
4 2 -5 30
4 2 -4 5
4 2 -3 5
4 2 -2 31
4 2 -1 2
4 2 0 5
4 2 1 5
4 2 2 31
4 2 3 5
4 2 4 5
4 2 5 30
5 2 -3 39
5 2 -1 39
5 2 1 39
5 2 3 39
-5 3 -4 9
-5 3 -3 29
-5 3 -1 29
-5 3 0 9
-5 3 1 29
-5 3 3 29
-5 3 4 9
-4 3 -5 3
-4 3 -4 5
-4 3 -3 5
-4 3 -2 31
-4 3 -1 3
-4 3 0 2
-4 3 1 2
-4 3 2 31
-4 3 3 5
-4 3 4 5
-4 3 5 2
-3 3 -6 32
-3 3 -5 2
-3 3 -4 12
-3 3 -3 12
-3 3 -2 12
-3 3 -1 12
-3 3 0 13
-3 3 1 12
-3 3 2 12
-3 3 3 12
-3 3 4 12
-3 3 5 5
-3 3 6 33
-2 3 -5 34
-2 3 -4 12
-2 3 -3 12
-2 3 -2 12
-2 3 -1 40
-2 3 0 40
-2 3 1 40
-2 3 2 12
-2 3 3 12
-2 3 4 12
-2 3 5 34
-1 3 -6 32
-1 3 -5 2
-1 3 -4 12
-1 3 -3 12
-1 3 -2 12
-1 3 -1 12
-1 3 0 12
-1 3 1 12
-1 3 2 12
-1 3 3 12
-1 3 4 12
-1 3 5 2
-1 3 6 17
0 3 -5 3
0 3 -4 7
0 3 -3 12
0 3 -2 12
0 3 -1 12
0 3 0 37
0 3 1 12
0 3 2 12
0 3 3 12
0 3 4 12
0 3 5 30
0 3 6 41
1 3 -6 32
1 3 -5 2
1 3 -4 19
1 3 -3 12
1 3 -2 12
1 3 -1 12
1 3 0 12
1 3 1 12
1 3 2 12
1 3 3 12
1 3 4 12
1 3 5 2
1 3 6 17
2 3 -5 34
2 3 -4 12
2 3 -3 12
2 3 -2 12
2 3 -1 12
2 3 0 12
2 3 1 12
2 3 2 12
2 3 3 12
2 3 4 12
2 3 5 34
3 3 -6 32
3 3 -5 5
3 3 -4 12
3 3 -3 12
3 3 -2 12
3 3 -1 12
3 3 0 12
3 3 1 12
3 3 2 12
3 3 3 12
3 3 4 12
3 3 5 2
3 3 6 33
4 3 -5 2
4 3 -4 5
4 3 -3 2
4 3 -2 31
4 3 -1 5
4 3 0 2
4 3 1 4
4 3 2 31
4 3 3 3
4 3 4 5
4 3 5 3
5 3 -4 28
5 3 -3 39
5 3 -1 39
5 3 0 28
5 3 1 39
5 3 3 39
5 3 4 28
-5 4 -5 42
-5 4 -4 43
-5 4 -3 43
-5 4 -2 43
-5 4 -1 43
-5 4 0 43
-5 4 1 43
-5 4 2 43
-5 4 3 43
-5 4 4 43
-5 4 5 42
-4 4 -5 44
-4 4 -4 7
-4 4 -3 7
-4 4 -2 7
-4 4 -1 7
-4 4 0 7
-4 4 1 7
-4 4 2 7
-4 4 3 7
-4 4 4 7
-4 4 5 44
-3 4 -5 44
-3 4 -4 7
-3 4 -3 7
-3 4 -2 7
-3 4 -1 7
-3 4 0 30
-3 4 1 7
-3 4 2 7
-3 4 3 7
-3 4 4 7
-3 4 5 44
-2 4 -6 45
-2 4 -5 44
-2 4 -4 7
-2 4 -3 7
-2 4 -2 7
-2 4 -1 7
-2 4 0 7
-2 4 1 7
-2 4 2 7
-2 4 3 7
-2 4 4 7
-2 4 5 44
-2 4 6 45
-1 4 -5 44
-1 4 -4 7
-1 4 -3 7
-1 4 -2 7
-1 4 -1 7
-1 4 0 7
-1 4 1 7
-1 4 2 7
-1 4 3 7
-1 4 4 7
-1 4 5 44
0 4 -5 44
0 4 -4 19
0 4 -3 7
0 4 -2 7
0 4 -1 7
0 4 0 7
0 4 1 7
0 4 2 7
0 4 3 7
0 4 4 7
0 4 5 44
1 4 -5 44
1 4 -4 12
1 4 -3 7
1 4 -2 7
1 4 -1 7
1 4 0 7
1 4 1 7
1 4 2 7
1 4 3 7
1 4 4 7
1 4 5 44
2 4 -6 45
2 4 -5 44
2 4 -4 12
2 4 -3 7
2 4 -2 7
2 4 -1 7
2 4 0 7
2 4 1 7
2 4 2 7
2 4 3 7
2 4 4 7
2 4 5 44
2 4 6 45
3 4 -5 44
3 4 -4 7
3 4 -3 7
3 4 -2 7
3 4 -1 7
3 4 0 7
3 4 1 7
3 4 2 7
3 4 3 7
3 4 4 7
3 4 5 44
4 4 -5 44
4 4 -4 7
4 4 -3 7
4 4 -2 7
4 4 -1 7
4 4 0 7
4 4 1 7
4 4 2 7
4 4 3 7
4 4 4 7
4 4 5 44
5 4 -5 42
5 4 -4 43
5 4 -3 43
5 4 -2 43
5 4 -1 43
5 4 0 43
5 4 1 43
5 4 2 43
5 4 3 43
5 4 4 43
5 4 5 42
-6 5 -2 9
-6 5 2 9
-5 5 -5 42
-5 5 -4 42
-5 5 -3 46
-5 5 -2 47
-5 5 -1 46
-5 5 0 42
-5 5 1 46
-5 5 2 47
-5 5 3 46
-5 5 4 42
-5 5 5 42
-4 5 -5 42
-4 5 -4 48
-4 5 -3 12
-4 5 -2 12
-4 5 -1 24
-4 5 0 12
-4 5 1 11
-4 5 2 12
-4 5 3 24
-4 5 4 49
-4 5 5 42
-3 5 -5 47
-3 5 -4 7
-3 5 -3 12
-3 5 -2 12
-3 5 -1 12
-3 5 0 13
-3 5 1 12
-3 5 2 12
-3 5 3 12
-3 5 4 50
-3 5 5 46
-2 5 -6 15
-2 5 -5 46
-2 5 -4 7
-2 5 -3 12
-2 5 -2 12
-2 5 -1 12
-2 5 0 12
-2 5 1 12
-2 5 2 12
-2 5 3 12
-2 5 4 12
-2 5 5 46
-2 5 6 17
-1 5 -5 46
-1 5 -4 7
-1 5 -3 12
-1 5 -2 12
-1 5 -1 18
-1 5 0 18
-1 5 1 18
-1 5 2 12
-1 5 3 12
-1 5 4 12
-1 5 5 46
0 5 -5 42
0 5 -4 12
0 5 -3 51
0 5 -2 12
0 5 -1 18
0 5 0 18
0 5 1 18
0 5 2 12
0 5 3 12
0 5 4 12
0 5 5 42
1 5 -5 46
1 5 -4 12
1 5 -3 52
1 5 -2 12
1 5 -1 18
1 5 0 18
1 5 1 18
1 5 2 12
1 5 3 12
1 5 4 12
1 5 5 46
2 5 -6 15
2 5 -5 47
2 5 -4 12
2 5 -3 53
2 5 -2 12
2 5 -1 12
2 5 0 12
2 5 1 12
2 5 2 12
2 5 3 12
2 5 4 12
2 5 5 47
2 5 6 17
3 5 -5 46
3 5 -4 12
3 5 -3 12
3 5 -2 12
3 5 -1 12
3 5 0 12
3 5 1 12
3 5 2 12
3 5 3 54
3 5 4 12
3 5 5 47
4 5 -5 42
4 5 -4 55
4 5 -3 12
4 5 -2 12
4 5 -1 12
4 5 0 12
4 5 1 12
4 5 2 12
4 5 3 56
4 5 4 24
4 5 5 42
5 5 -5 42
5 5 -4 42
5 5 -3 46
5 5 -2 46
5 5 -1 46
5 5 0 42
5 5 1 46
5 5 2 46
5 5 3 46
5 5 4 42
5 5 5 42
6 5 -2 28
6 5 2 28
-6 6 -3 29
-6 6 -1 29
-5 6 -5 42
-5 6 -4 42
-5 6 -3 46
-5 6 -2 31
-5 6 -1 46
-5 6 0 42
-5 6 1 46
-5 6 2 31
-5 6 3 46
-5 6 4 42
-5 6 5 42
-4 6 -5 42
-4 6 -4 12
-4 6 -3 12
-4 6 -2 12
-4 6 -1 12
-4 6 0 12
-4 6 1 12
-4 6 2 12
-4 6 3 57
-4 6 4 12
-4 6 5 42
-3 6 -5 47
-3 6 -4 48
-3 6 -3 12
-3 6 -2 12
-3 6 -1 12
-3 6 0 30
-3 6 1 12
-3 6 2 12
-3 6 3 12
-3 6 4 12
-3 6 5 46
-3 6 6 33
-2 6 -5 58
-2 6 -4 7
-2 6 -3 12
-2 6 -2 12
-2 6 -1 12
-2 6 0 12
-2 6 1 12
-2 6 2 12
-2 6 3 12
-2 6 4 12
-2 6 5 34
-1 6 -5 46
-1 6 -4 7
-1 6 -3 12
-1 6 -2 12
-1 6 -1 12
-1 6 0 12
-1 6 1 12
-1 6 2 12
-1 6 3 12
-1 6 4 12
-1 6 5 46
-1 6 6 33
0 6 -5 42
0 6 -4 12
0 6 -3 12
0 6 -2 12
0 6 -1 12
0 6 0 12
0 6 1 12
0 6 2 12
0 6 3 12
0 6 4 12
0 6 5 42
1 6 -5 46
1 6 -4 12
1 6 -3 12
1 6 -2 12
1 6 -1 12
1 6 0 12
1 6 1 12
1 6 2 12
1 6 3 12
1 6 4 12
1 6 5 46
2 6 -5 34
2 6 -4 12
2 6 -3 12
2 6 -2 12
2 6 -1 12
2 6 0 12
2 6 1 12
2 6 2 12
2 6 3 12
2 6 4 12
2 6 5 34
3 6 -5 46
3 6 -4 12
3 6 -3 12
3 6 -2 12
3 6 -1 12
3 6 0 12
3 6 1 12
3 6 2 12
3 6 3 12
3 6 4 12
3 6 5 47
4 6 -5 42
4 6 -4 12
4 6 -3 12
4 6 -2 12
4 6 -1 12
4 6 0 12
4 6 1 12
4 6 2 12
4 6 3 12
4 6 4 57
4 6 5 42
5 6 -5 42
5 6 -4 42
5 6 -3 46
5 6 -2 31
5 6 -1 46
5 6 0 42
5 6 1 46
5 6 2 31
5 6 3 46
5 6 4 42
5 6 5 42
-6 7 -3 29
-6 7 -1 29
-5 7 -5 42
-5 7 -4 42
-5 7 -3 46
-5 7 -2 31
-5 7 -1 46
-5 7 0 42
-5 7 1 46
-5 7 2 31
-5 7 3 46
-5 7 4 42
-5 7 5 42
-4 7 -5 42
-4 7 -4 12
-4 7 -3 12
-4 7 -2 12
-4 7 -1 12
-4 7 0 12
-4 7 1 12
-4 7 2 12
-4 7 3 12
-4 7 4 12
-4 7 5 42
-3 7 -5 47
-3 7 -4 12
-3 7 -3 12
-3 7 -2 12
-3 7 -1 12
-3 7 0 13
-3 7 1 12
-3 7 2 12
-3 7 3 12
-3 7 4 12
-3 7 5 46
-3 7 6 33
-2 7 -5 34
-2 7 -4 48
-2 7 -3 12
-2 7 -2 12
-2 7 -1 12
-2 7 0 12
-2 7 1 12
-2 7 2 12
-2 7 3 12
-2 7 4 12
-2 7 5 34
-1 7 -5 46
-1 7 -4 7
-1 7 -3 12
-1 7 -2 12
-1 7 -1 12
-1 7 0 12
-1 7 1 12
-1 7 2 12
-1 7 3 12
-1 7 4 12
-1 7 5 46
-1 7 6 33
0 7 -5 42
0 7 -4 12
0 7 -3 12
0 7 -2 12
0 7 -1 12
0 7 0 37
0 7 1 12
0 7 2 12
0 7 3 12
0 7 4 12
0 7 5 42
1 7 -5 46
1 7 -4 12
1 7 -3 12
1 7 -2 12
1 7 -1 12
1 7 0 12
1 7 1 12
1 7 2 12
1 7 3 12
1 7 4 12
1 7 5 46
2 7 -5 34
2 7 -4 12
2 7 -3 12
2 7 -2 12
2 7 -1 12
2 7 0 12
2 7 1 12
2 7 2 12
2 7 3 12
2 7 4 12
2 7 5 34
3 7 -5 46
3 7 -4 12
3 7 -3 12
3 7 -2 12
3 7 -1 12
3 7 0 12
3 7 1 12
3 7 2 12
3 7 3 12
3 7 4 12
3 7 5 47
4 7 -5 42
4 7 -4 12
4 7 -3 12
4 7 -2 12
4 7 -1 12
4 7 0 12
4 7 1 12
4 7 2 12
4 7 3 12
4 7 4 12
4 7 5 42
5 7 -5 42
5 7 -4 42
5 7 -3 46
5 7 -2 31
5 7 -1 46
5 7 0 42
5 7 1 46
5 7 2 31
5 7 3 46
5 7 4 42
5 7 5 42
-6 8 -2 59
-6 8 2 59
-5 8 -5 42
-5 8 -4 43
-5 8 -3 43
-5 8 -2 43
-5 8 -1 43
-5 8 0 43
-5 8 1 43
-5 8 2 43
-5 8 3 43
-5 8 4 43
-5 8 5 42
-4 8 -5 44
-4 8 -4 7
-4 8 -3 7
-4 8 -2 7
-4 8 -1 7
-4 8 0 7
-4 8 1 7
-4 8 2 7
-4 8 3 7
-4 8 4 7
-4 8 5 44
-3 8 -5 44
-3 8 -4 12
-3 8 -3 7
-3 8 -2 7
-3 8 -1 7
-3 8 0 13
-3 8 1 7
-3 8 2 7
-3 8 3 7
-3 8 4 7
-3 8 5 44
-2 8 -6 45
-2 8 -5 44
-2 8 -4 12
-2 8 -3 7
-2 8 -2 7
-2 8 -1 7
-2 8 0 7
-2 8 1 7
-2 8 2 7
-2 8 3 7
-2 8 4 7
-2 8 5 44
-2 8 6 45
-1 8 -5 44
-1 8 -4 48
-1 8 -3 7
-1 8 -2 7
-1 8 -1 7
-1 8 0 7
-1 8 1 7
-1 8 2 7
-1 8 3 7
-1 8 4 7
-1 8 5 44
0 8 -5 44
0 8 -4 7
0 8 -3 7
0 8 -2 7
0 8 -1 7
0 8 0 7
0 8 1 7
0 8 2 7
0 8 3 7
0 8 4 7
0 8 5 44
1 8 -5 44
1 8 -4 7
1 8 -3 7
1 8 -2 7
1 8 -1 7
1 8 0 7
1 8 1 7
1 8 2 7
1 8 3 7
1 8 4 7
1 8 5 44
2 8 -6 45
2 8 -5 44
2 8 -4 7
2 8 -3 7
2 8 -2 7
2 8 -1 7
2 8 0 7
2 8 1 7
2 8 2 7
2 8 3 7
2 8 4 7
2 8 5 44
2 8 6 45
3 8 -5 44
3 8 -4 7
3 8 -3 7
3 8 -2 7
3 8 -1 7
3 8 0 7
3 8 1 7
3 8 2 7
3 8 3 7
3 8 4 7
3 8 5 44
4 8 -5 44
4 8 -4 7
4 8 -3 7
4 8 -2 7
4 8 -1 7
4 8 0 7
4 8 1 7
4 8 2 7
4 8 3 7
4 8 4 7
4 8 5 44
5 8 -5 42
5 8 -4 43
5 8 -3 43
5 8 -2 43
5 8 -1 43
5 8 0 43
5 8 1 43
5 8 2 43
5 8 3 43
5 8 4 43
5 8 5 42
6 8 -2 59
6 8 2 59
-6 9 -2 9
-6 9 2 9
-5 9 -5 42
-5 9 -4 42
-5 9 -3 46
-5 9 -2 47
-5 9 -1 46
-5 9 0 42
-5 9 1 46
-5 9 2 46
-5 9 3 46
-5 9 4 42
-5 9 5 42
-4 9 -5 42
-4 9 -4 12
-4 9 -3 12
-4 9 -2 12
-4 9 -1 12
-4 9 0 24
-4 9 1 12
-4 9 2 12
-4 9 3 60
-4 9 4 12
-4 9 5 42
-3 9 -5 46
-3 9 -4 12
-3 9 -3 51
-3 9 -2 12
-3 9 -1 12
-3 9 0 13
-3 9 1 12
-3 9 2 12
-3 9 3 61
-3 9 4 62
-3 9 5 46
-2 9 -6 15
-2 9 -5 46
-2 9 -4 12
-2 9 -3 52
-2 9 -2 12
-2 9 -1 12
-2 9 0 12
-2 9 1 12
-2 9 2 12
-2 9 3 12
-2 9 4 24
-2 9 5 46
-2 9 6 17
-1 9 -5 46
-1 9 -4 12
-1 9 -3 53
-1 9 -2 12
-1 9 -1 18
-1 9 0 18
-1 9 1 18
-1 9 2 12
-1 9 3 12
-1 9 4 12
-1 9 5 46
0 9 -5 42
0 9 -4 12
0 9 -3 12
0 9 -2 12
0 9 -1 18
0 9 0 18
0 9 1 18
0 9 2 12
0 9 3 12
0 9 4 12
0 9 5 42
1 9 -5 46
1 9 -4 12
1 9 -3 12
1 9 -2 12
1 9 -1 18
1 9 0 18
1 9 1 18
1 9 2 12
1 9 3 12
1 9 4 12
1 9 5 46
2 9 -6 15
2 9 -5 46
2 9 -4 12
2 9 -3 12
2 9 -2 12
2 9 -1 12
2 9 0 12
2 9 1 12
2 9 2 12
2 9 3 12
2 9 4 12
2 9 5 46
2 9 6 17
3 9 -5 46
3 9 -4 12
3 9 -3 12
3 9 -2 12
3 9 -1 54
3 9 0 12
3 9 1 12
3 9 2 12
3 9 3 12
3 9 4 11
3 9 5 46
4 9 -5 42
4 9 -4 12
4 9 -3 12
4 9 -2 12
4 9 -1 56
4 9 0 24
4 9 1 12
4 9 2 12
4 9 3 12
4 9 4 12
4 9 5 42
5 9 -5 42
5 9 -4 42
5 9 -3 46
5 9 -2 46
5 9 -1 46
5 9 0 42
5 9 1 46
5 9 2 46
5 9 3 46
5 9 4 42
5 9 5 42
6 9 -2 28
6 9 2 28
-6 10 -3 29
-6 10 -1 29
-6 10 1 29
-6 10 3 29
-5 10 -5 42
-5 10 -4 42
-5 10 -3 46
-5 10 -2 31
-5 10 -1 46
-5 10 0 42
-5 10 1 46
-5 10 2 31
-5 10 3 46
-5 10 4 42
-5 10 5 42
-4 10 -5 42
-4 10 -4 12
-4 10 -3 12
-4 10 -2 12
-4 10 -1 12
-4 10 0 12
-4 10 1 12
-4 10 2 12
-4 10 3 12
-4 10 4 12
-4 10 5 42
-3 10 -5 46
-3 10 -4 12
-3 10 -3 12
-3 10 -2 12
-3 10 -1 12
-3 10 0 13
-3 10 1 12
-3 10 2 12
-3 10 3 12
-3 10 4 12
-3 10 5 46
-2 10 -5 34
-2 10 -4 12
-2 10 -3 12
-2 10 -2 12
-2 10 -1 12
-2 10 0 12
-2 10 1 12
-2 10 2 12
-2 10 3 12
-2 10 4 57
-2 10 5 34
-1 10 -5 46
-1 10 -4 12
-1 10 -3 12
-1 10 -2 12
-1 10 -1 12
-1 10 0 12
-1 10 1 12
-1 10 2 12
-1 10 3 12
-1 10 4 12
-1 10 5 46
0 10 -5 42
0 10 -4 12
0 10 -3 12
0 10 -2 12
0 10 -1 12
0 10 0 12
0 10 1 12
0 10 2 12
0 10 3 12
0 10 4 12
0 10 5 42
1 10 -6 32
1 10 -5 46
1 10 -4 12
1 10 -3 12
1 10 -2 12
1 10 -1 12
1 10 0 12
1 10 1 12
1 10 2 12
1 10 3 12
1 10 4 12
1 10 5 46
1 10 6 33
2 10 -5 34
2 10 -4 12
2 10 -3 12
2 10 -2 12
2 10 -1 12
2 10 0 12
2 10 1 12
2 10 2 12
2 10 3 12
2 10 4 12
2 10 5 34
3 10 -6 32
3 10 -5 46
3 10 -4 12
3 10 -3 12
3 10 -2 12
3 10 -1 12
3 10 0 12
3 10 1 12
3 10 2 12
3 10 3 12
3 10 4 12
3 10 5 46
3 10 6 33
4 10 -5 42
4 10 -4 12
4 10 -3 12
4 10 -2 12
4 10 -1 12
4 10 0 57
4 10 1 12
4 10 2 12
4 10 3 12
4 10 4 12
4 10 5 42
5 10 -5 42
5 10 -4 42
5 10 -3 46
5 10 -2 31
5 10 -1 46
5 10 0 42
5 10 1 46
5 10 2 31
5 10 3 46
5 10 4 42
5 10 5 42
6 10 -3 39
6 10 -1 39
6 10 1 39
6 10 3 39
-6 11 -3 29
-6 11 -1 29
-6 11 1 29
-6 11 3 29
-5 11 -5 42
-5 11 -4 42
-5 11 -3 46
-5 11 -2 31
-5 11 -1 46
-5 11 0 42
-5 11 1 46
-5 11 2 31
-5 11 3 46
-5 11 4 42
-5 11 5 42
-4 11 -5 42
-4 11 -4 12
-4 11 -3 12
-4 11 -2 12
-4 11 -1 12
-4 11 0 12
-4 11 1 12
-4 11 2 12
-4 11 3 12
-4 11 4 12
-4 11 5 42
-3 11 -5 46
-3 11 -4 12
-3 11 -3 12
-3 11 -2 12
-3 11 -1 12
-3 11 0 13
-3 11 1 12
-3 11 2 12
-3 11 3 12
-3 11 4 12
-3 11 5 46
-2 11 -5 34
-2 11 -4 12
-2 11 -3 12
-2 11 -2 12
-2 11 -1 12
-2 11 0 12
-2 11 1 12
-2 11 2 12
-2 11 3 12
-2 11 4 12
-2 11 5 34
-1 11 -5 46
-1 11 -4 12
-1 11 -3 12
-1 11 -2 12
-1 11 -1 12
-1 11 0 12
-1 11 1 12
-1 11 2 12
-1 11 3 12
-1 11 4 12
-1 11 5 46
0 11 -5 42
0 11 -4 12
0 11 -3 12
0 11 -2 12
0 11 -1 12
0 11 0 37
0 11 1 12
0 11 2 12
0 11 3 12
0 11 4 12
0 11 5 42
1 11 -6 32
1 11 -5 46
1 11 -4 12
1 11 -3 12
1 11 -2 12
1 11 -1 12
1 11 0 12
1 11 1 12
1 11 2 12
1 11 3 12
1 11 4 12
1 11 5 46
1 11 6 33
2 11 -5 34
2 11 -4 12
2 11 -3 12
2 11 -2 12
2 11 -1 12
2 11 0 12
2 11 1 12
2 11 2 12
2 11 3 12
2 11 4 12
2 11 5 34
3 11 -6 32
3 11 -5 46
3 11 -4 12
3 11 -3 12
3 11 -2 12
3 11 -1 12
3 11 0 12
3 11 1 12
3 11 2 12
3 11 3 12
3 11 4 12
3 11 5 46
3 11 6 33
4 11 -5 42
4 11 -4 12
4 11 -3 12
4 11 -2 12
4 11 -1 12
4 11 0 12
4 11 1 12
4 11 2 12
4 11 3 12
4 11 4 12
4 11 5 42
5 11 -5 42
5 11 -4 42
5 11 -3 46
5 11 -2 31
5 11 -1 46
5 11 0 42
5 11 1 46
5 11 2 31
5 11 3 46
5 11 4 42
5 11 5 42
6 11 -3 39
6 11 -1 39
6 11 1 39
6 11 3 39
-6 12 -6 48
-6 12 -5 63
-6 12 -4 48
-6 12 -3 48
-6 12 -2 48
-6 12 -1 48
-6 12 0 48
-6 12 1 48
-6 12 2 48
-6 12 3 48
-6 12 4 48
-6 12 5 48
-6 12 6 48
-5 12 -5 42
-5 12 -4 43
-5 12 -3 43
-5 12 -2 43
-5 12 -1 43
-5 12 0 43
-5 12 1 43
-5 12 2 43
-5 12 3 43
-5 12 4 43
-5 12 5 42
-4 12 -5 44
-4 12 5 44
-3 12 -5 44
-3 12 0 13
-3 12 5 44
-2 12 -5 44
-2 12 5 44
-1 12 -5 44
-1 12 5 44
0 12 -5 44
0 12 5 44
1 12 -5 44
1 12 5 44
2 12 -5 44
2 12 5 44
3 12 -5 44
3 12 5 44
4 12 -5 44
4 12 5 44
5 12 -5 42
5 12 -4 43
5 12 -3 43
5 12 -2 43
5 12 -1 43
5 12 0 43
5 12 1 43
5 12 2 43
5 12 3 43
5 12 4 43
5 12 5 42
6 12 -6 19
6 12 -5 19
6 12 -4 19
6 12 -3 19
6 12 -2 19
6 12 -1 19
6 12 0 19
6 12 1 19
6 12 2 19
6 12 3 19
6 12 4 19
6 12 5 19
6 12 6 19
-5 13 -6 48
-5 13 -5 48
-5 13 -4 48
-5 13 -3 48
-5 13 -2 48
-5 13 -1 63
-5 13 0 48
-5 13 1 48
-5 13 2 48
-5 13 3 48
-5 13 4 48
-5 13 5 48
-5 13 6 48
-4 13 -5 42
-4 13 -4 12
-4 13 -3 12
-4 13 -2 12
-4 13 -1 12
-4 13 0 12
-4 13 1 12
-4 13 2 12
-4 13 3 12
-4 13 4 12
-4 13 5 42
-3 13 -5 46
-3 13 -4 12
-3 13 -3 12
-3 13 -2 12
-3 13 -1 12
-3 13 0 13
-3 13 1 12
-3 13 2 12
-3 13 3 12
-3 13 4 12
-3 13 5 46
-2 13 -5 46
-2 13 -4 12
-2 13 -3 12
-2 13 -2 12
-2 13 -1 12
-2 13 0 12
-2 13 1 12
-2 13 2 12
-2 13 3 12
-2 13 4 12
-2 13 5 46
-1 13 -5 46
-1 13 -4 12
-1 13 -3 12
-1 13 -2 12
-1 13 -1 12
-1 13 0 12
-1 13 1 12
-1 13 2 12
-1 13 3 12
-1 13 4 12
-1 13 5 47
0 13 -5 42
0 13 -4 12
0 13 -3 12
0 13 -2 12
0 13 -1 12
0 13 0 12
0 13 1 12
0 13 2 12
0 13 3 12
0 13 4 12
0 13 5 42
1 13 -5 47
1 13 -4 12
1 13 -3 12
1 13 -2 12
1 13 -1 12
1 13 0 12
1 13 1 12
1 13 2 12
1 13 3 12
1 13 4 12
1 13 5 46
2 13 -5 46
2 13 -4 12
2 13 -3 12
2 13 -2 12
2 13 -1 12
2 13 0 12
2 13 1 12
2 13 2 12
2 13 3 12
2 13 4 12
2 13 5 46
3 13 -5 46
3 13 -4 12
3 13 -3 12
3 13 -2 12
3 13 -1 12
3 13 0 12
3 13 1 12
3 13 2 12
3 13 3 12
3 13 4 12
3 13 5 46
4 13 -5 42
4 13 -4 12
4 13 -3 12
4 13 -2 12
4 13 -1 12
4 13 0 12
4 13 1 12
4 13 2 12
4 13 3 12
4 13 4 12
4 13 5 42
5 13 -6 19
5 13 -5 19
5 13 -4 19
5 13 -3 19
5 13 -2 19
5 13 -1 19
5 13 0 19
5 13 1 64
5 13 2 19
5 13 3 19
5 13 4 19
5 13 5 19
5 13 6 19
-4 14 -6 48
-4 14 -5 48
-4 14 -4 48
-4 14 -3 48
-4 14 -2 48
-4 14 -1 48
-4 14 0 48
-4 14 1 48
-4 14 2 48
-4 14 3 48
-4 14 4 48
-4 14 5 48
-4 14 6 63
-3 14 -5 47
-3 14 -4 12
-3 14 -3 12
-3 14 -2 12
-3 14 -1 12
-3 14 0 13
-3 14 1 12
-3 14 2 12
-3 14 3 12
-3 14 4 12
-3 14 5 46
-2 14 -5 46
-2 14 -4 12
-2 14 -3 12
-2 14 -2 12
-2 14 -1 12
-2 14 0 12
-2 14 1 12
-2 14 2 12
-2 14 3 12
-2 14 4 12
-2 14 5 46
-1 14 -5 47
-1 14 -4 12
-1 14 -3 12
-1 14 -2 12
-1 14 -1 12
-1 14 0 12
-1 14 1 12
-1 14 2 12
-1 14 3 12
-1 14 4 12
-1 14 5 46
0 14 -5 42
0 14 -4 12
0 14 -3 12
0 14 -2 12
0 14 -1 12
0 14 0 12
0 14 1 12
0 14 2 12
0 14 3 12
0 14 4 12
0 14 5 42
1 14 -5 46
1 14 -4 12
1 14 -3 12
1 14 -2 12
1 14 -1 12
1 14 0 12
1 14 1 12
1 14 2 12
1 14 3 12
1 14 4 12
1 14 5 47
2 14 -5 46
2 14 -4 12
2 14 -3 12
2 14 -2 12
2 14 -1 12
2 14 0 12
2 14 1 12
2 14 2 12
2 14 3 12
2 14 4 12
2 14 5 47
3 14 -5 46
3 14 -4 12
3 14 -3 12
3 14 -2 12
3 14 -1 12
3 14 0 12
3 14 1 12
3 14 2 12
3 14 3 12
3 14 4 12
3 14 5 47
4 14 -6 19
4 14 -5 19
4 14 -4 19
4 14 -3 19
4 14 -2 19
4 14 -1 19
4 14 0 64
4 14 1 19
4 14 2 19
4 14 3 19
4 14 4 19
4 14 5 19
4 14 6 19
-3 15 -6 48
-3 15 -5 48
-3 15 -4 48
-3 15 -3 48
-3 15 -2 48
-3 15 -1 48
-3 15 0 13
-3 15 1 48
-3 15 2 48
-3 15 3 48
-3 15 4 48
-3 15 5 48
-3 15 6 48
-2 15 -5 46
-2 15 -4 12
-2 15 -3 12
-2 15 -2 12
-2 15 -1 12
-2 15 0 12
-2 15 1 12
-2 15 2 12
-2 15 3 12
-2 15 4 12
-2 15 5 46
-1 15 -5 46
-1 15 -4 12
-1 15 -3 12
-1 15 -2 12
-1 15 -1 12
-1 15 0 12
-1 15 1 12
-1 15 2 12
-1 15 3 12
-1 15 4 12
-1 15 5 46
0 15 -5 42
0 15 -4 12
0 15 -3 12
0 15 -2 12
0 15 -1 12
0 15 0 12
0 15 1 12
0 15 2 12
0 15 3 12
0 15 4 12
0 15 5 42
1 15 -5 46
1 15 -4 12
1 15 -3 12
1 15 -2 12
1 15 -1 12
1 15 0 12
1 15 1 12
1 15 2 12
1 15 3 12
1 15 4 12
1 15 5 46
2 15 -5 46
2 15 -4 12
2 15 -3 12
2 15 -2 12
2 15 -1 12
2 15 0 12
2 15 1 12
2 15 2 12
2 15 3 12
2 15 4 12
2 15 5 46
3 15 -6 19
3 15 -5 19
3 15 -4 64
3 15 -3 19
3 15 -2 19
3 15 -1 19
3 15 0 19
3 15 1 19
3 15 2 19
3 15 3 19
3 15 4 19
3 15 5 19
3 15 6 19
-3 16 0 13
-2 16 -6 48
-2 16 -5 48
-2 16 -4 48
-2 16 -3 48
-2 16 -2 63
-2 16 -1 48
-2 16 0 48
-2 16 1 48
-2 16 2 48
-2 16 3 48
-2 16 4 48
-2 16 5 48
-2 16 6 48
-1 16 -5 46
-1 16 -4 12
-1 16 -3 12
-1 16 -2 12
-1 16 -1 12
-1 16 0 12
-1 16 1 12
-1 16 2 12
-1 16 3 12
-1 16 4 12
-1 16 5 46
0 16 -5 34
0 16 -4 12
0 16 -3 12
0 16 -2 12
0 16 -1 12
0 16 0 12
0 16 1 12
0 16 2 12
0 16 3 12
0 16 4 12
0 16 5 34
1 16 -5 46
1 16 -4 12
1 16 -3 12
1 16 -2 12
1 16 -1 12
1 16 0 12
1 16 1 12
1 16 2 12
1 16 3 12
1 16 4 12
1 16 5 46
2 16 -6 19
2 16 -5 19
2 16 -4 19
2 16 -3 19
2 16 -2 19
2 16 -1 19
2 16 0 19
2 16 1 19
2 16 2 64
2 16 3 19
2 16 4 19
2 16 5 19
2 16 6 19
-3 17 0 13
-1 17 -6 48
-1 17 -5 48
-1 17 -4 63
-1 17 -3 48
-1 17 -2 63
-1 17 -1 48
-1 17 0 48
-1 17 1 48
-1 17 2 48
-1 17 3 48
-1 17 4 48
-1 17 5 48
-1 17 6 48
0 17 -6 7
0 17 -5 42
0 17 -4 7
0 17 -3 7
0 17 -2 7
0 17 -1 7
0 17 0 7
0 17 1 7
0 17 2 7
0 17 3 7
0 17 4 7
0 17 5 42
0 17 6 7
1 17 -6 19
1 17 -5 19
1 17 -4 19
1 17 -3 19
1 17 -2 64
1 17 -1 19
1 17 0 19
1 17 1 19
1 17 2 19
1 17 3 19
1 17 4 19
1 17 5 19
1 17 6 19
-3 18 0 13
0 18 -6 65
0 18 -5 65
0 18 -4 65
0 18 -3 65
0 18 -2 65
0 18 -1 65
0 18 0 65
0 18 1 65
0 18 2 65
0 18 3 65
0 18 4 65
0 18 5 65
0 18 6 65
-3 19 0 13
-3 20 0 13
-3 21 0 14
