core 0 1 6
P minecraft:cobblestone_stairs[facing=east,half=bottom,shape=straight,waterlogged=false]
P minecraft:cobblestone_stairs[facing=south,half=bottom,shape=straight,waterlogged=false]
P minecraft:andesite
P minecraft:cobblestone
P minecraft:mossy_cobblestone
P minecraft:stone
P minecraft:cobblestone_stairs[facing=north,half=bottom,shape=straight,waterlogged=false]
P minecraft:spruce_planks
P minecraft:cobblestone_stairs[facing=west,half=bottom,shape=straight,waterlogged=false]
P minecraft:spruce_stairs[facing=east,half=top,shape=straight,waterlogged=false]
P minecraft:bookshelf
P minecraft:air
P minecraft:barrel[facing=up,open=false]
P minecraft:bricks
P minecraft:campfire[facing=east,lit=true,signal_fire=false,waterlogged=false]
P minecraft:crafting_table
P minecraft:water_cauldron[level=3]
P minecraft:spruce_door[facing=north,half=lower,hinge=left,open=false,powered=false]
P minecraft:chest[facing=west,type=single,waterlogged=false]
P minecraft:smoker[facing=west,lit=false]
P minecraft:furnace[facing=west,lit=false]
P minecraft:spruce_stairs[facing=west,half=top,shape=straight,waterlogged=false]
P minecraft:spruce_trapdoor[facing=west,half=bottom,open=true,powered=false,waterlogged=false]
P minecraft:stone_bricks
P minecraft:glass_pane[east=false,north=true,south=true,waterlogged=false,west=false]
P minecraft:flower_pot
P minecraft:spruce_door[facing=north,half=upper,hinge=left,open=false,powered=false]
P minecraft:lantern[hanging=true,waterlogged=false]
P minecraft:spruce_trapdoor[facing=east,half=bottom,open=true,powered=false,waterlogged=false]
P minecraft:brick_stairs[facing=west,half=top,shape=straight,waterlogged=false]
P minecraft:spruce_stairs[facing=north,half=top,shape=straight,waterlogged=false]
P minecraft:spruce_slab[type=top,waterlogged=false]
P minecraft:stripped_dark_oak_log[axis=x]
P minecraft:dark_oak_log[axis=y]
P minecraft:dark_oak_log[axis=z]
P minecraft:stripped_dark_oak_log[axis=z]
P minecraft:dark_oak_log[axis=x]
P minecraft:pink_terracotta
P minecraft:white_terracotta
P minecraft:chest[facing=east,type=single,waterlogged=false]
P minecraft:red_carpet
P minecraft:red_bed[facing=east,occupied=false,part=foot]
P minecraft:red_bed[facing=east,occupied=false,part=head]
P minecraft:lantern[hanging=false,waterlogged=false]
P minecraft:red_bed[facing=west,occupied=false,part=head]
P minecraft:red_bed[facing=west,occupied=false,part=foot]
P minecraft:red_bed[facing=south,occupied=false,part=foot]
P minecraft:red_bed[facing=south,occupied=false,part=head]
P minecraft:mud_brick_stairs[facing=east,half=bottom,shape=straight,waterlogged=false]
P minecraft:dark_oak_stairs[facing=east,half=bottom,shape=straight,waterlogged=false]
P minecraft:mud_brick_stairs[facing=west,half=bottom,shape=straight,waterlogged=false]
P minecraft:dark_oak_stairs[facing=west,half=bottom,shape=straight,waterlogged=false]
P minecraft:glass_pane[east=true,north=false,south=false,waterlogged=false,west=true]
P minecraft:dark_oak_slab[type=bottom,waterlogged=false]
-4 0 -5 0
-4 0 -4 0
-4 0 -3 0
-4 0 -2 0
-4 0 -1 0
-4 0 0 0
-4 0 1 0
-4 0 2 0
-4 0 3 0
-4 0 4 0
-4 0 5 0
-3 0 -6 1
-3 0 -5 2
-3 0 -4 3
-3 0 -3 3
-3 0 -2 2
-3 0 -1 4
-3 0 0 3
-3 0 1 4
-3 0 2 3
-3 0 3 5
-3 0 4 4
-3 0 5 4
-3 0 6 6
-2 0 -6 1
-2 0 -5 3
-2 0 -4 7
-2 0 -3 7
-2 0 -2 7
-2 0 -1 7
-2 0 0 7
-2 0 1 7
-2 0 2 7
-2 0 3 7
-2 0 4 7
-2 0 5 4
-2 0 6 6
-1 0 -6 1
-1 0 -5 4
-1 0 -4 7
-1 0 -3 7
-1 0 -2 7
-1 0 -1 7
-1 0 0 7
-1 0 1 7
-1 0 2 7
-1 0 3 7
-1 0 4 7
-1 0 5 2
-1 0 6 6
0 0 -6 1
0 0 -5 2
0 0 -4 7
0 0 -3 7
0 0 -2 7
0 0 -1 7
0 0 0 7
0 0 1 7
0 0 2 7
0 0 3 7
0 0 4 7
0 0 5 5
1 0 -6 1
1 0 -5 2
1 0 -4 7
1 0 -3 7
1 0 -2 7
1 0 -1 7
1 0 0 7
1 0 1 7
1 0 2 7
1 0 3 7
1 0 4 7
1 0 5 4
1 0 6 6
2 0 -6 1
2 0 -5 3
2 0 -4 7
2 0 -3 7
2 0 -2 7
2 0 -1 7
2 0 0 7
2 0 1 7
2 0 2 7
2 0 3 7
2 0 4 7
2 0 5 2
2 0 6 6
3 0 -6 1
3 0 -5 4
3 0 -4 3
3 0 -3 5
3 0 -2 3
3 0 -1 4
3 0 0 2
3 0 1 4
3 0 2 3
3 0 3 3
3 0 4 3
3 0 5 2
3 0 6 6
4 0 -5 8
4 0 -4 8
4 0 -3 8
4 0 -2 8
4 0 -1 8
4 0 0 8
4 0 1 8
4 0 2 8
4 0 3 8
4 0 4 8
4 0 5 8
-4 1 -2 9
-4 1 2 9
-3 1 -5 5
-3 1 -4 3
-3 1 -3 2
-3 1 -2 2
-3 1 -1 2
-3 1 0 3
-3 1 1 3
-3 1 2 3
-3 1 3 4
-3 1 4 2
-3 1 5 4
-2 1 -5 3
-2 1 -4 10
-2 1 -3 11
-2 1 -2 12
-2 1 -1 13
-2 1 0 14
-2 1 1 13
-2 1 2 11
-2 1 3 15
-2 1 4 11
-2 1 5 5
-1 1 -5 3
-1 1 -4 11
-1 1 -3 11
-1 1 -2 11
-1 1 -1 11
-1 1 0 11
-1 1 1 11
-1 1 2 11
-1 1 3 11
-1 1 4 11
-1 1 5 3
0 1 -5 3
0 1 -4 16
0 1 -3 11
0 1 -2 11
0 1 -1 11
0 1 0 11
0 1 1 11
0 1 2 11
0 1 3 11
0 1 4 11
0 1 5 17
1 1 -5 3
1 1 -4 11
1 1 -3 11
1 1 -2 11
1 1 -1 11
1 1 0 11
1 1 1 11
1 1 2 11
1 1 3 11
1 1 4 11
1 1 5 3
2 1 -5 3
2 1 -4 11
2 1 -3 11
2 1 -2 11
2 1 -1 11
2 1 0 12
2 1 1 18
2 1 2 19
2 1 3 11
2 1 4 20
2 1 5 3
3 1 -5 4
3 1 -4 3
3 1 -3 4
3 1 -2 4
3 1 -1 3
3 1 0 4
3 1 1 2
3 1 2 3
3 1 3 2
3 1 4 2
3 1 5 5
4 1 -2 21
4 1 2 21
-4 2 -3 22
-4 2 -1 22
-4 2 1 22
-4 2 3 22
-3 2 -5 23
-3 2 -4 4
-3 2 -3 4
-3 2 -2 24
-3 2 -1 3
-3 2 0 3
-3 2 1 5
-3 2 2 24
-3 2 3 3
-3 2 4 4
-3 2 5 23
-2 2 -5 3
-2 2 -4 25
-2 2 -3 11
-2 2 -2 11
-2 2 -1 13
-2 2 0 13
-2 2 1 13
-2 2 2 11
-2 2 3 11
-2 2 4 11
-2 2 5 2
-1 2 -5 3
-1 2 -4 11
-1 2 -3 11
-1 2 -2 11
-1 2 -1 11
-1 2 0 11
-1 2 1 11
-1 2 2 11
-1 2 3 11
-1 2 4 11
-1 2 5 3
0 2 -5 3
0 2 -4 11
0 2 -3 11
0 2 -2 11
0 2 -1 11
0 2 0 11
0 2 1 11
0 2 2 11
0 2 3 11
0 2 4 11
0 2 5 26
1 2 -5 3
1 2 -4 11
1 2 -3 11
1 2 -2 11
1 2 -1 11
1 2 0 11
1 2 1 11
1 2 2 11
1 2 3 11
1 2 4 11
1 2 5 3
1 2 6 27
2 2 -5 2
2 2 -4 11
2 2 -3 11
2 2 -2 11
2 2 -1 11
2 2 0 11
2 2 1 11
2 2 2 11
2 2 3 11
2 2 4 11
2 2 5 3
3 2 -5 23
3 2 -4 2
3 2 -3 3
3 2 -2 24
3 2 -1 5
3 2 0 2
3 2 1 3
3 2 2 24
3 2 3 4
3 2 4 3
3 2 5 23
4 2 -3 28
4 2 -1 28
4 2 1 28
4 2 3 28
-4 3 -3 22
-4 3 -1 22
-4 3 1 22
-4 3 3 22
-3 3 -5 3
-3 3 -4 3
-3 3 -3 4
-3 3 -2 24
-3 3 -1 5
-3 3 0 2
-3 3 1 3
-3 3 2 24
-3 3 3 3
-3 3 4 3
-3 3 5 3
-2 3 -5 3
-2 3 -4 11
-2 3 -3 11
-2 3 -2 11
-2 3 -1 11
-2 3 0 13
-2 3 1 11
-2 3 2 11
-2 3 3 11
-2 3 4 11
-2 3 5 3
-1 3 -5 2
-1 3 -4 11
-1 3 -3 11
-1 3 -2 11
-1 3 -1 29
-1 3 0 29
-1 3 1 29
-1 3 2 11
-1 3 3 11
-1 3 4 11
-1 3 5 2
-1 3 6 30
0 3 -5 4
0 3 -4 11
0 3 -3 11
0 3 -2 11
0 3 -1 11
0 3 0 27
0 3 1 11
0 3 2 11
0 3 3 11
0 3 4 11
0 3 5 23
0 3 6 31
1 3 -5 2
1 3 -4 11
1 3 -3 11
1 3 -2 11
1 3 -1 11
1 3 0 11
1 3 1 11
1 3 2 11
1 3 3 11
1 3 4 11
1 3 5 2
1 3 6 30
2 3 -5 5
2 3 -4 11
2 3 -3 11
2 3 -2 11
2 3 -1 11
2 3 0 11
2 3 1 11
2 3 2 11
2 3 3 11
2 3 4 11
2 3 5 4
3 3 -5 3
3 3 -4 2
3 3 -3 3
3 3 -2 24
3 3 -1 3
3 3 0 4
3 3 1 5
3 3 2 24
3 3 3 4
3 3 4 3
3 3 5 3
4 3 -3 28
4 3 -1 28
4 3 1 28
4 3 3 28
-4 4 -2 32
-4 4 2 32
-3 4 -5 33
-3 4 -4 34
-3 4 -3 34
-3 4 -2 34
-3 4 -1 34
-3 4 0 34
-3 4 1 34
-3 4 2 34
-3 4 3 34
-3 4 4 34
-3 4 5 34
-3 4 6 33
-2 4 -6 35
-2 4 -5 36
-2 4 -4 7
-2 4 -3 7
-2 4 -2 7
-2 4 -1 7
-2 4 0 13
-2 4 1 7
-2 4 2 7
-2 4 3 7
-2 4 4 7
-2 4 5 7
-2 4 6 36
-1 4 -5 36
-1 4 -4 7
-1 4 -3 7
-1 4 -2 7
-1 4 -1 7
-1 4 0 7
-1 4 1 7
-1 4 2 7
-1 4 3 7
-1 4 4 7
-1 4 5 7
-1 4 6 36
0 4 -5 36
0 4 -4 7
0 4 -3 7
0 4 -2 7
0 4 -1 7
0 4 0 7
0 4 1 7
0 4 2 7
0 4 3 7
0 4 4 7
0 4 5 7
0 4 6 36
1 4 -5 36
1 4 -4 7
1 4 -3 7
1 4 -2 7
1 4 -1 7
1 4 0 7
1 4 1 7
1 4 2 7
1 4 3 7
1 4 4 7
1 4 5 7
1 4 6 36
2 4 -6 35
2 4 -5 36
2 4 -4 7
2 4 -3 7
2 4 -2 7
2 4 -1 7
2 4 0 7
2 4 1 7
2 4 2 7
2 4 3 7
2 4 4 7
2 4 5 7
2 4 6 36
3 4 -5 33
3 4 -4 34
3 4 -3 34
3 4 -2 34
3 4 -1 34
3 4 0 34
3 4 1 34
3 4 2 34
3 4 3 34
3 4 4 34
3 4 5 34
3 4 6 33
4 4 -2 32
4 4 2 32
-4 5 -2 9
-4 5 2 9
-3 5 -5 33
-3 5 -4 33
-3 5 -3 37
-3 5 -2 37
-3 5 -1 37
-3 5 0 33
-3 5 1 37
-3 5 2 38
-3 5 3 38
-3 5 4 33
-3 5 5 37
-3 5 6 33
-2 5 -5 37
-2 5 -4 11
-2 5 -3 11
-2 5 -2 11
-2 5 -1 11
-2 5 0 13
-2 5 1 39
-2 5 2 11
-2 5 3 11
-2 5 4 11
-2 5 5 11
-2 5 6 38
-1 5 -5 37
-1 5 -4 11
-1 5 -3 11
-1 5 -2 11
-1 5 -1 40
-1 5 0 11
-1 5 1 40
-1 5 2 11
-1 5 3 11
-1 5 4 11
-1 5 5 11
-1 5 6 37
0 5 -5 33
0 5 -4 12
0 5 -3 11
0 5 -2 11
0 5 -1 40
0 5 0 40
0 5 1 40
0 5 2 11
0 5 3 11
0 5 4 11
0 5 5 10
0 5 6 33
1 5 -5 37
1 5 -4 11
1 5 -3 41
1 5 -2 11
1 5 -1 40
1 5 0 40
1 5 1 40
1 5 2 11
1 5 3 41
1 5 4 11
1 5 5 11
1 5 6 38
2 5 -5 38
2 5 -4 11
2 5 -3 42
2 5 -2 12
2 5 -1 11
2 5 0 11
2 5 1 11
2 5 2 11
2 5 3 42
2 5 4 12
2 5 5 11
2 5 6 37
3 5 -5 33
3 5 -4 33
3 5 -3 38
3 5 -2 37
3 5 -1 37
3 5 0 33
3 5 1 37
3 5 2 38
3 5 3 37
3 5 4 33
3 5 5 38
3 5 6 33
4 5 -2 21
4 5 2 21
-4 6 -3 22
-4 6 -1 22
-4 6 1 22
-4 6 3 22
-3 6 -5 33
-3 6 -4 33
-3 6 -3 37
-3 6 -2 24
-3 6 -1 37
-3 6 0 33
-3 6 1 37
-3 6 2 24
-3 6 3 37
-3 6 4 33
-3 6 5 37
-3 6 6 33
-2 6 -5 37
-2 6 -4 11
-2 6 -3 11
-2 6 -2 11
-2 6 -1 11
-2 6 0 23
-2 6 1 11
-2 6 2 11
-2 6 3 11
-2 6 4 11
-2 6 5 11
-2 6 6 37
-1 6 -5 37
-1 6 -4 11
-1 6 -3 11
-1 6 -2 11
-1 6 -1 11
-1 6 0 11
-1 6 1 11
-1 6 2 11
-1 6 3 11
-1 6 4 11
-1 6 5 11
-1 6 6 37
0 6 -5 33
0 6 -4 11
0 6 -3 11
0 6 -2 11
0 6 -1 11
0 6 0 11
0 6 1 11
0 6 2 11
0 6 3 11
0 6 4 11
0 6 5 11
0 6 6 33
1 6 -5 37
1 6 -4 11
1 6 -3 11
1 6 -2 11
1 6 -1 11
1 6 0 11
1 6 1 11
1 6 2 11
1 6 3 11
1 6 4 11
1 6 5 11
1 6 6 38
2 6 -5 37
2 6 -4 11
2 6 -3 11
2 6 -2 43
2 6 -1 11
2 6 0 11
2 6 1 11
2 6 2 11
2 6 3 11
2 6 4 43
2 6 5 11
2 6 6 37
3 6 -5 33
3 6 -4 33
3 6 -3 37
3 6 -2 24
3 6 -1 37
3 6 0 33
3 6 1 37
3 6 2 24
3 6 3 37
3 6 4 33
3 6 5 38
3 6 6 33
4 6 1 28
4 6 3 28
-4 7 -3 22
-4 7 -1 22
-4 7 1 22
-4 7 3 22
-3 7 -5 33
-3 7 -4 33
-3 7 -3 37
-3 7 -2 24
-3 7 -1 37
-3 7 0 33
-3 7 1 37
-3 7 2 24
-3 7 3 37
-3 7 4 33
-3 7 5 37
-3 7 6 33
-2 7 -5 38
-2 7 -4 11
-2 7 -3 11
-2 7 -2 11
-2 7 -1 11
-2 7 0 13
-2 7 1 11
-2 7 2 11
-2 7 3 11
-2 7 4 11
-2 7 5 11
-2 7 6 37
-1 7 -5 37
-1 7 -4 11
-1 7 -3 11
-1 7 -2 11
-1 7 -1 11
-1 7 0 11
-1 7 1 11
-1 7 2 11
-1 7 3 11
-1 7 4 11
-1 7 5 11
-1 7 6 37
0 7 -5 33
0 7 -4 11
0 7 -3 11
0 7 -2 11
0 7 -1 11
0 7 0 27
0 7 1 11
0 7 2 11
0 7 3 11
0 7 4 11
0 7 5 11
0 7 6 33
1 7 -5 37
1 7 -4 11
1 7 -3 11
1 7 -2 11
1 7 -1 11
1 7 0 11
1 7 1 11
1 7 2 11
1 7 3 11
1 7 4 11
1 7 5 11
1 7 6 37
2 7 -5 37
2 7 -4 11
2 7 -3 11
2 7 -2 11
2 7 -1 11
2 7 0 11
2 7 1 11
2 7 2 11
2 7 3 11
2 7 4 11
2 7 5 11
2 7 6 37
3 7 -5 33
3 7 -4 33
3 7 -3 37
3 7 -2 24
3 7 -1 37
3 7 0 33
3 7 1 37
3 7 2 24
3 7 3 37
3 7 4 33
3 7 5 38
3 7 6 33
4 7 1 28
4 7 3 28
-4 8 -2 32
-4 8 2 32
-3 8 -5 33
-3 8 -4 34
-3 8 -3 34
-3 8 -2 34
-3 8 -1 34
-3 8 0 34
-3 8 1 34
-3 8 2 34
-3 8 3 34
-3 8 4 34
-3 8 5 34
-3 8 6 33
-2 8 -6 35
-2 8 -5 36
-2 8 -4 7
-2 8 -3 7
-2 8 -2 7
-2 8 -1 7
-2 8 0 13
-2 8 1 7
-2 8 2 7
-2 8 3 7
-2 8 4 7
-2 8 5 7
-2 8 6 36
-2 8 7 35
-1 8 -5 36
-1 8 -4 7
-1 8 -3 7
-1 8 -2 7
-1 8 -1 7
-1 8 0 7
-1 8 1 7
-1 8 2 7
-1 8 3 7
-1 8 4 7
-1 8 5 7
-1 8 6 36
0 8 -5 36
0 8 -4 7
0 8 -3 7
0 8 -2 7
0 8 -1 7
0 8 0 7
0 8 1 7
0 8 2 7
0 8 3 7
0 8 4 7
0 8 5 7
0 8 6 36
1 8 -5 36
1 8 -4 7
1 8 -3 7
1 8 -2 7
1 8 -1 7
1 8 0 7
1 8 1 7
1 8 2 7
1 8 3 7
1 8 4 7
1 8 5 7
1 8 6 36
2 8 -6 35
2 8 -5 36
2 8 -4 7
2 8 -3 7
2 8 -2 7
2 8 -1 7
2 8 0 7
2 8 1 7
2 8 2 7
2 8 3 7
2 8 4 7
2 8 5 7
2 8 6 36
2 8 7 35
3 8 -5 33
3 8 -4 34
3 8 -3 34
3 8 -2 34
3 8 -1 34
3 8 0 34
3 8 1 34
3 8 2 34
3 8 3 34
3 8 4 34
3 8 5 34
3 8 6 33
4 8 -2 32
4 8 2 32
-4 9 -2 9
-4 9 2 9
-3 9 -5 33
-3 9 -4 33
-3 9 -3 37
-3 9 -2 38
-3 9 -1 37
-3 9 0 33
-3 9 1 37
-3 9 2 37
-3 9 3 37
-3 9 4 33
-3 9 5 37
-3 9 6 33
-2 9 -5 37
-2 9 -4 11
-2 9 -3 12
-2 9 -2 44
-2 9 -1 11
-2 9 0 13
-2 9 1 11
-2 9 2 11
-2 9 3 11
-2 9 4 11
-2 9 5 10
-2 9 6 37
-1 9 -5 37
-1 9 -4 11
-1 9 -3 11
-1 9 -2 45
-1 9 -1 40
-1 9 0 11
-1 9 1 40
-1 9 2 11
-1 9 3 11
-1 9 4 46
-1 9 5 47
-1 9 6 37
0 9 -5 33
0 9 -4 11
0 9 -3 11
0 9 -2 11
0 9 -1 40
0 9 0 40
0 9 1 40
0 9 2 11
0 9 3 11
0 9 4 11
0 9 5 12
0 9 6 33
1 9 -5 37
1 9 -4 11
1 9 -3 11
1 9 -2 11
1 9 -1 40
1 9 0 40
1 9 1 40
1 9 2 11
1 9 3 11
1 9 4 11
1 9 5 11
1 9 6 37
2 9 -5 37
2 9 -4 11
2 9 -3 11
2 9 -2 11
2 9 -1 11
2 9 0 11
2 9 1 12
2 9 2 18
2 9 3 11
2 9 4 11
2 9 5 11
2 9 6 37
3 9 -5 33
3 9 -4 33
3 9 -3 37
3 9 -2 37
3 9 -1 37
3 9 0 33
3 9 1 37
3 9 2 37
3 9 3 37
3 9 4 33
3 9 5 37
3 9 6 33
4 9 -2 21
4 9 2 21
-4 10 -3 22
-4 10 -1 22
-3 10 -5 33
-3 10 -4 33
-3 10 -3 37
-3 10 -2 24
-3 10 -1 37
-3 10 0 33
-3 10 1 38
-3 10 2 24
-3 10 3 37
-3 10 4 33
-3 10 5 37
-3 10 6 33
-2 10 -5 37
-2 10 -4 11
-2 10 -3 43
-2 10 -2 11
-2 10 -1 11
-2 10 0 13
-2 10 1 11
-2 10 2 11
-2 10 3 11
-2 10 4 11
-2 10 5 11
-2 10 6 37
-1 10 -5 37
-1 10 -4 11
-1 10 -3 11
-1 10 -2 11
-1 10 -1 11
-1 10 0 11
-1 10 1 11
-1 10 2 11
-1 10 3 11
-1 10 4 11
-1 10 5 11
-1 10 6 37
0 10 -5 33
0 10 -4 11
0 10 -3 11
0 10 -2 11
0 10 -1 11
0 10 0 11
0 10 1 11
0 10 2 11
0 10 3 11
0 10 4 11
0 10 5 43
0 10 6 33
1 10 -5 37
1 10 -4 11
1 10 -3 11
1 10 -2 11
1 10 -1 11
1 10 0 11
1 10 1 11
1 10 2 11
1 10 3 11
1 10 4 11
1 10 5 11
1 10 6 37
2 10 -5 37
2 10 -4 11
2 10 -3 11
2 10 -2 11
2 10 -1 11
2 10 0 11
2 10 1 11
2 10 2 11
2 10 3 11
2 10 4 11
2 10 5 11
2 10 6 37
3 10 -5 33
3 10 -4 33
3 10 -3 37
3 10 -2 24
3 10 -1 38
3 10 0 33
3 10 1 37
3 10 2 24
3 10 3 37
3 10 4 33
3 10 5 37
3 10 6 33
4 10 1 28
4 10 3 28
-4 11 -3 22
-4 11 -1 22
-3 11 -5 33
-3 11 -4 33
-3 11 -3 38
-3 11 -2 24
-3 11 -1 37
-3 11 0 33
-3 11 1 37
-3 11 2 24
-3 11 3 37
-3 11 4 33
-3 11 5 37
-3 11 6 33
-2 11 -5 37
-2 11 -4 11
-2 11 -3 11
-2 11 -2 11
-2 11 -1 11
-2 11 0 13
-2 11 1 11
-2 11 2 11
-2 11 3 11
-2 11 4 11
-2 11 5 11
-2 11 6 37
-1 11 -5 37
-1 11 -4 11
-1 11 -3 11
-1 11 -2 11
-1 11 -1 11
-1 11 0 11
-1 11 1 11
-1 11 2 11
-1 11 3 11
-1 11 4 11
-1 11 5 11
-1 11 6 37
0 11 -5 33
0 11 -4 11
0 11 -3 11
0 11 -2 11
0 11 -1 11
0 11 0 27
0 11 1 11
0 11 2 11
0 11 3 11
0 11 4 11
0 11 5 11
0 11 6 33
1 11 -5 37
1 11 -4 11
1 11 -3 11
1 11 -2 11
1 11 -1 11
1 11 0 11
1 11 1 11
1 11 2 11
1 11 3 11
1 11 4 11
1 11 5 11
1 11 6 37
2 11 -5 38
2 11 -4 11
2 11 -3 11
2 11 -2 11
2 11 -1 11
2 11 0 11
2 11 1 11
2 11 2 11
2 11 3 11
2 11 4 11
2 11 5 11
2 11 6 37
3 11 -5 33
3 11 -4 33
3 11 -3 37
3 11 -2 24
3 11 -1 37
3 11 0 33
3 11 1 37
3 11 2 24
3 11 3 38
3 11 4 33
3 11 5 37
3 11 6 33
4 11 1 28
4 11 3 28
-4 12 -6 48
-4 12 -5 48
-4 12 -4 48
-4 12 -3 49
-4 12 -2 49
-4 12 -1 48
-4 12 0 48
-4 12 1 48
-4 12 2 48
-4 12 3 48
-4 12 4 48
-4 12 5 48
-4 12 6 48
-4 12 7 48
-3 12 -5 33
-3 12 -4 34
-3 12 -3 34
-3 12 -2 34
-3 12 -1 34
-3 12 0 34
-3 12 1 34
-3 12 2 34
-3 12 3 34
-3 12 4 34
-3 12 5 34
-3 12 6 33
-2 12 -5 36
-2 12 0 13
-2 12 6 36
-1 12 -5 36
-1 12 6 36
0 12 -5 36
0 12 6 36
1 12 -5 36
1 12 6 36
2 12 -5 36
2 12 6 36
3 12 -5 33
3 12 -4 34
3 12 -3 34
3 12 -2 34
3 12 -1 34
3 12 0 34
3 12 1 34
3 12 2 34
3 12 3 34
3 12 4 34
3 12 5 34
3 12 6 33
4 12 -6 50
4 12 -5 50
4 12 -4 50
4 12 -3 50
4 12 -2 51
4 12 -1 50
4 12 0 50
4 12 1 50
4 12 2 50
4 12 3 50
4 12 4 50
4 12 5 50
4 12 6 50
4 12 7 50
-3 13 -6 48
-3 13 -5 48
-3 13 -4 48
-3 13 -3 48
-3 13 -2 48
-3 13 -1 49
-3 13 0 48
-3 13 1 48
-3 13 2 48
-3 13 3 48
-3 13 4 48
-3 13 5 48
-3 13 6 48
-3 13 7 48
-2 13 -5 37
-2 13 -4 11
-2 13 -3 11
-2 13 -2 11
-2 13 -1 11
-2 13 0 23
-2 13 1 11
-2 13 2 11
-2 13 3 11
-2 13 4 11
-2 13 5 11
-2 13 6 37
-1 13 -5 37
-1 13 -4 11
-1 13 -3 11
-1 13 -2 11
-1 13 -1 11
-1 13 0 11
-1 13 1 11
-1 13 2 11
-1 13 3 11
-1 13 4 11
-1 13 5 11
-1 13 6 38
0 13 -5 33
0 13 -4 11
0 13 -3 11
0 13 -2 11
0 13 -1 11
0 13 0 11
0 13 1 11
0 13 2 11
0 13 3 11
0 13 4 11
0 13 5 11
0 13 6 33
1 13 -5 38
1 13 -4 11
1 13 -3 11
1 13 -2 11
1 13 -1 11
1 13 0 11
1 13 1 11
1 13 2 11
1 13 3 11
1 13 4 11
1 13 5 11
1 13 6 38
2 13 -5 37
2 13 -4 11
2 13 -3 11
2 13 -2 11
2 13 -1 11
2 13 0 11
2 13 1 11
2 13 2 11
2 13 3 11
2 13 4 11
2 13 5 11
2 13 6 37
3 13 -6 50
3 13 -5 50
3 13 -4 50
3 13 -3 50
3 13 -2 50
3 13 -1 50
3 13 0 50
3 13 1 51
3 13 2 50
3 13 3 50
3 13 4 50
3 13 5 50
3 13 6 50
3 13 7 50
-2 14 -6 49
-2 14 -5 49
-2 14 -4 48
-2 14 -3 48
-2 14 -2 48
-2 14 -1 48
-2 14 0 13
-2 14 1 48
-2 14 2 49
-2 14 3 48
-2 14 4 48
-2 14 5 48
-2 14 6 48
-2 14 7 48
-1 14 -5 38
-1 14 -4 11
-1 14 -3 11
-1 14 -2 11
-1 14 -1 11
-1 14 0 11
-1 14 1 11
-1 14 2 11
-1 14 3 11
-1 14 4 11
-1 14 5 11
-1 14 6 38
0 14 -5 52
0 14 -4 11
0 14 -3 11
0 14 -2 11
0 14 -1 11
0 14 0 11
0 14 1 11
0 14 2 11
0 14 3 11
0 14 4 11
0 14 5 11
0 14 6 52
1 14 -5 37
1 14 -4 11
1 14 -3 11
1 14 -2 11
1 14 -1 11
1 14 0 11
1 14 1 11
1 14 2 11
1 14 3 11
1 14 4 11
1 14 5 11
1 14 6 37
2 14 -6 50
2 14 -5 50
2 14 -4 50
2 14 -3 50
2 14 -2 51
2 14 -1 50
2 14 0 51
2 14 1 50
2 14 2 50
2 14 3 50
2 14 4 50
2 14 5 50
2 14 6 51
2 14 7 51
-2 15 0 23
-1 15 -6 48
-1 15 -5 48
-1 15 -4 48
-1 15 -3 48
-1 15 -2 48
-1 15 -1 48
-1 15 0 48
-1 15 1 48
-1 15 2 48
-1 15 3 48
-1 15 4 48
-1 15 5 49
-1 15 6 48
-1 15 7 49
0 15 -6 7
0 15 -5 33
0 15 -4 7
0 15 -3 7
0 15 -2 7
0 15 -1 7
0 15 0 7
0 15 1 7
0 15 2 7
0 15 3 7
0 15 4 7
0 15 5 7
0 15 6 33
0 15 7 7
1 15 -6 50
1 15 -5 51
1 15 -4 50
1 15 -3 50
1 15 -2 50
1 15 -1 50
1 15 0 50
1 15 1 50
1 15 2 50
1 15 3 50
1 15 4 50
1 15 5 50
1 15 6 50
1 15 7 50
-2 16 0 13
0 16 -6 53
0 16 -5 53
0 16 -4 53
0 16 -3 53
0 16 -2 53
0 16 -1 53
0 16 0 53
0 16 1 53
0 16 2 53
0 16 3 53
0 16 4 53
0 16 5 53
0 16 6 53
0 16 7 53
-2 17 0 13
-2 18 0 13
-2 19 0 14
