core 0 1 5
P minecraft:stone_bricks
P minecraft:spruce_planks
P minecraft:polished_diorite
P minecraft:bookshelf
P minecraft:air
P minecraft:lectern[facing=south,has_book=false,powered=false]
P minecraft:lantern[hanging=false,waterlogged=false]
P minecraft:glass_pane[east=true,north=true,south=true,waterlogged=false,west=false]
P minecraft:glass_pane[east=false,north=true,south=true,waterlogged=false,west=false]
P minecraft:glass_pane[east=true,north=false,south=true,waterlogged=false,west=true]
P minecraft:glass_pane[east=false,north=false,south=false,waterlogged=false,west=true]
P minecraft:glass_pane[east=true,north=false,south=false,waterlogged=false,west=true]
P minecraft:glass_pane[east=true,north=false,south=false,waterlogged=false,west=false]
P minecraft:glass_pane[east=false,north=true,south=true,waterlogged=false,west=true]
P minecraft:ladder[facing=south,waterlogged=false]
P minecraft:stone_brick_stairs[facing=east,half=top,shape=straight,waterlogged=false]
P minecraft:stone_brick_stairs[facing=west,half=top,shape=straight,waterlogged=false]
P minecraft:white_wool
P minecraft:spruce_slab[type=top,waterlogged=false]
P minecraft:stripped_dark_oak_log[axis=y]
P minecraft:white_terracotta
P minecraft:chest[facing=east,type=single,waterlogged=false]
P minecraft:potted_red_tulip
P minecraft:dark_oak_fence[east=false,north=true,south=false,waterlogged=false,west=false]
P minecraft:light_gray_bed[facing=north,occupied=false,part=head]
P minecraft:light_gray_bed[facing=north,occupied=false,part=foot]
P minecraft:spruce_door[facing=south,half=lower,hinge=left,open=false,powered=false]
P minecraft:light_gray_carpet
P minecraft:spruce_door[facing=south,half=upper,hinge=left,open=false,powered=false]
P minecraft:stripped_dark_oak_log[axis=z]
P minecraft:stripped_dark_oak_log[axis=x]
P minecraft:bricks
P minecraft:dark_oak_stairs[facing=south,half=bottom,shape=straight,waterlogged=false]
P minecraft:dark_oak_stairs[facing=north,half=bottom,shape=straight,waterlogged=false]
P minecraft:dark_oak_planks
P minecraft:dark_oak_slab[type=bottom,waterlogged=false]
P minecraft:campfire[facing=north,lit=true,signal_fire=false,waterlogged=false]
-3 0 -4 0
-3 0 -3 0
-3 0 -2 0
-3 0 -1 0
-3 0 0 0
-3 0 1 0
-3 0 2 0
-3 0 3 0
-3 0 4 0
-2 0 -4 0
-2 0 -3 1
-2 0 -2 1
-2 0 -1 1
-2 0 0 1
-2 0 1 1
-2 0 2 1
-2 0 3 1
-2 0 4 0
-1 0 -4 0
-1 0 -3 1
-1 0 -2 1
-1 0 -1 1
-1 0 0 1
-1 0 1 1
-1 0 2 1
-1 0 3 1
-1 0 4 0
0 0 -4 0
0 0 -3 1
0 0 -2 1
0 0 -1 1
0 0 0 1
0 0 1 1
0 0 2 1
0 0 3 1
0 0 4 0
1 0 -4 0
1 0 -3 1
1 0 -2 1
1 0 -1 1
1 0 0 1
1 0 1 1
1 0 2 1
1 0 3 1
1 0 4 0
2 0 -4 0
2 0 -3 1
2 0 -2 1
2 0 -1 1
2 0 0 1
2 0 1 1
2 0 2 1
2 0 3 1
2 0 4 0
3 0 -4 0
3 0 -3 0
3 0 -2 0
3 0 -1 0
3 0 0 0
3 0 1 0
3 0 2 0
3 0 3 0
3 0 4 0
-3 1 -4 2
-3 1 -3 0
-3 1 -2 0
-3 1 -1 0
-3 1 0 0
-3 1 1 0
-3 1 2 0
-3 1 3 0
-3 1 4 2
-2 1 -4 0
-2 1 -3 3
-2 1 -2 4
-2 1 -1 4
-2 1 0 4
-2 1 1 4
-2 1 2 4
-2 1 3 4
-2 1 4 0
-1 1 -4 0
-1 1 -3 3
-1 1 -2 4
-1 1 -1 4
-1 1 0 4
-1 1 1 4
-1 1 2 4
-1 1 3 4
-1 1 4 4
0 1 -4 0
0 1 -3 5
0 1 -2 4
0 1 -1 4
0 1 0 4
0 1 1 4
0 1 2 4
0 1 3 4
0 1 4 4
1 1 -4 0
1 1 -3 3
1 1 -2 4
1 1 -1 4
1 1 0 4
1 1 1 4
1 1 2 4
1 1 3 4
1 1 4 4
2 1 -4 0
2 1 -3 3
2 1 -2 4
2 1 -1 4
2 1 0 6
2 1 1 4
2 1 2 4
2 1 3 4
2 1 4 0
3 1 -4 2
3 1 -3 0
3 1 -2 0
3 1 -1 0
3 1 0 0
3 1 1 0
3 1 2 0
3 1 3 0
3 1 4 2
-3 2 -4 2
-3 2 -3 7
-3 2 -2 0
-3 2 -1 8
-3 2 0 0
-3 2 1 8
-3 2 2 0
-3 2 3 8
-3 2 4 2
-2 2 -4 9
-2 2 -3 3
-2 2 -2 4
-2 2 -1 4
-2 2 0 4
-2 2 1 4
-2 2 2 4
-2 2 3 4
-2 2 4 10
-1 2 -4 0
-1 2 -3 3
-1 2 -2 4
-1 2 -1 4
-1 2 0 4
-1 2 1 4
-1 2 2 4
-1 2 3 4
-1 2 4 4
0 2 -4 11
0 2 -3 4
0 2 -2 4
0 2 -1 4
0 2 0 4
0 2 1 4
0 2 2 4
0 2 3 4
0 2 4 4
1 2 -4 0
1 2 -3 3
1 2 -2 4
1 2 -1 4
1 2 0 4
1 2 1 4
1 2 2 4
1 2 3 4
1 2 4 4
2 2 -4 9
2 2 -3 3
2 2 -2 4
2 2 -1 4
2 2 0 4
2 2 1 4
2 2 2 4
2 2 3 4
2 2 4 12
3 2 -4 2
3 2 -3 13
3 2 -2 0
3 2 -1 8
3 2 0 0
3 2 1 8
3 2 2 0
3 2 3 8
3 2 4 2
-3 3 -4 2
-3 3 -3 0
-3 3 -2 0
-3 3 -1 0
-3 3 0 0
-3 3 1 0
-3 3 2 0
-3 3 3 0
-3 3 4 2
-2 3 -4 0
-2 3 -3 14
-2 3 -2 4
-2 3 -1 4
-2 3 0 4
-2 3 1 4
-2 3 2 4
-2 3 3 4
-2 3 4 0
-1 3 -4 0
-1 3 -3 4
-1 3 -2 4
-1 3 -1 4
-1 3 0 4
-1 3 1 4
-1 3 2 4
-1 3 3 4
-1 3 4 15
0 3 -4 0
0 3 -3 4
0 3 -2 4
0 3 -1 4
0 3 0 4
0 3 1 4
0 3 2 4
0 3 3 4
0 3 4 0
1 3 -4 0
1 3 -3 4
1 3 -2 4
1 3 -1 4
1 3 0 4
1 3 1 4
1 3 2 4
1 3 3 4
1 3 4 16
2 3 -4 0
2 3 -3 4
2 3 -2 4
2 3 -1 4
2 3 0 4
2 3 1 4
2 3 2 4
2 3 3 4
2 3 4 0
3 3 -4 2
3 3 -3 0
3 3 -2 0
3 3 -1 0
3 3 0 0
3 3 1 0
3 3 2 0
3 3 3 0
3 3 4 2
-3 4 -4 2
-3 4 -3 0
-3 4 -2 0
-3 4 -1 0
-3 4 0 0
-3 4 1 0
-3 4 2 0
-3 4 3 0
-3 4 4 2
-2 4 -4 0
-2 4 -3 14
-2 4 -2 1
-2 4 -1 1
-2 4 0 1
-2 4 1 1
-2 4 2 1
-2 4 3 1
-2 4 4 0
-2 4 5 17
-1 4 -4 0
-1 4 -3 1
-1 4 -2 1
-1 4 -1 1
-1 4 0 1
-1 4 1 1
-1 4 2 1
-1 4 3 1
-1 4 4 0
-1 4 5 18
0 4 -4 0
0 4 -3 1
0 4 -2 1
0 4 -1 1
0 4 0 1
0 4 1 1
0 4 2 1
0 4 3 1
0 4 4 0
0 4 5 18
1 4 -4 0
1 4 -3 1
1 4 -2 1
1 4 -1 1
1 4 0 1
1 4 1 1
1 4 2 1
1 4 3 1
1 4 4 0
1 4 5 18
2 4 -4 0
2 4 -3 1
2 4 -2 1
2 4 -1 1
2 4 0 1
2 4 1 1
2 4 2 1
2 4 3 1
2 4 4 0
2 4 5 17
3 4 -4 2
3 4 -3 0
3 4 -2 0
3 4 -1 0
3 4 0 0
3 4 1 0
3 4 2 0
3 4 3 0
3 4 4 2
-3 5 -4 19
-3 5 -3 20
-3 5 -2 20
-3 5 -1 20
-3 5 0 20
-3 5 1 20
-3 5 2 20
-3 5 3 20
-3 5 4 19
-2 5 -4 20
-2 5 -3 14
-2 5 -2 4
-2 5 -1 4
-2 5 0 4
-2 5 1 4
-2 5 2 4
-2 5 3 21
-2 5 4 20
-2 5 5 22
-1 5 -4 20
-1 5 -3 4
-1 5 -2 4
-1 5 -1 4
-1 5 0 4
-1 5 1 4
-1 5 2 4
-1 5 3 4
-1 5 4 20
-1 5 5 23
0 5 -4 20
0 5 -3 24
0 5 -2 25
0 5 -1 4
0 5 0 4
0 5 1 4
0 5 2 4
0 5 3 6
0 5 4 26
0 5 5 4
1 5 -4 20
1 5 -3 4
1 5 -2 4
1 5 -1 4
1 5 0 27
1 5 1 4
1 5 2 4
1 5 3 4
1 5 4 20
1 5 5 23
2 5 -4 20
2 5 -3 24
2 5 -2 25
2 5 -1 4
2 5 0 4
2 5 1 4
2 5 2 4
2 5 3 4
2 5 4 20
2 5 5 22
3 5 -4 19
3 5 -3 20
3 5 -2 20
3 5 -1 20
3 5 0 20
3 5 1 20
3 5 2 20
3 5 3 20
3 5 4 19
-3 6 -4 19
-3 6 -3 8
-3 6 -2 20
-3 6 -1 8
-3 6 0 20
-3 6 1 8
-3 6 2 20
-3 6 3 8
-3 6 4 19
-2 6 -4 11
-2 6 -3 14
-2 6 -2 4
-2 6 -1 4
-2 6 0 4
-2 6 1 4
-2 6 2 4
-2 6 3 4
-2 6 4 11
-1 6 -4 20
-1 6 -3 4
-1 6 -2 4
-1 6 -1 4
-1 6 0 4
-1 6 1 4
-1 6 2 4
-1 6 3 4
-1 6 4 20
0 6 -4 11
0 6 -3 4
0 6 -2 4
0 6 -1 4
0 6 0 4
0 6 1 4
0 6 2 4
0 6 3 4
0 6 4 28
1 6 -4 20
1 6 -3 4
1 6 -2 4
1 6 -1 4
1 6 0 4
1 6 1 4
1 6 2 4
1 6 3 4
1 6 4 20
2 6 -4 11
2 6 -3 4
2 6 -2 4
2 6 -1 4
2 6 0 4
2 6 1 4
2 6 2 4
2 6 3 4
2 6 4 11
3 6 -4 19
3 6 -3 8
3 6 -2 20
3 6 -1 8
3 6 0 20
3 6 1 8
3 6 2 20
3 6 3 8
3 6 4 19
-3 7 -4 19
-3 7 -3 8
-3 7 -2 20
-3 7 -1 8
-3 7 0 20
-3 7 1 8
-3 7 2 20
-3 7 3 8
-3 7 4 19
-2 7 -4 11
-2 7 -3 14
-2 7 -2 4
-2 7 -1 4
-2 7 0 4
-2 7 1 4
-2 7 2 4
-2 7 3 4
-2 7 4 11
-1 7 -4 20
-1 7 -3 4
-1 7 -2 4
-1 7 -1 4
-1 7 0 4
-1 7 1 4
-1 7 2 4
-1 7 3 4
-1 7 4 20
0 7 -4 11
0 7 -3 4
0 7 -2 4
0 7 -1 4
0 7 0 4
0 7 1 4
0 7 2 4
0 7 3 4
0 7 4 11
1 7 -4 20
1 7 -3 4
1 7 -2 4
1 7 -1 4
1 7 0 4
1 7 1 4
1 7 2 4
1 7 3 4
1 7 4 20
2 7 -4 11
2 7 -3 4
2 7 -2 4
2 7 -1 4
2 7 0 4
2 7 1 4
2 7 2 4
2 7 3 4
2 7 4 11
3 7 -4 19
3 7 -3 8
3 7 -2 20
3 7 -1 8
3 7 0 20
3 7 1 8
3 7 2 20
3 7 3 8
3 7 4 19
-3 8 -4 19
-3 8 -3 29
-3 8 -2 29
-3 8 -1 29
-3 8 0 29
-3 8 1 29
-3 8 2 29
-3 8 3 29
-3 8 4 19
-2 8 -4 30
-2 8 -3 14
-2 8 -2 1
-2 8 -1 1
-2 8 0 1
-2 8 1 1
-2 8 2 1
-2 8 3 1
-2 8 4 30
-1 8 -4 30
-1 8 -3 1
-1 8 -2 1
-1 8 -1 1
-1 8 0 1
-1 8 1 1
-1 8 2 1
-1 8 3 1
-1 8 4 30
0 8 -4 30
0 8 -3 1
0 8 -2 1
0 8 -1 1
0 8 0 1
0 8 1 1
0 8 2 1
0 8 3 1
0 8 4 30
1 8 -4 30
1 8 -3 1
1 8 -2 1
1 8 -1 1
1 8 0 1
1 8 1 1
1 8 2 1
1 8 3 1
1 8 4 30
2 8 -4 30
2 8 -3 1
2 8 -2 1
2 8 -1 1
2 8 0 1
2 8 1 1
2 8 2 1
2 8 3 1
2 8 4 30
3 8 -4 19
3 8 -3 29
3 8 -2 29
3 8 -1 29
3 8 0 29
3 8 1 29
3 8 2 29
3 8 3 29
3 8 4 19
-3 9 -4 19
-3 9 -3 20
-3 9 -2 20
-3 9 -1 20
-3 9 0 20
-3 9 1 20
-3 9 2 20
-3 9 3 20
-3 9 4 19
-2 9 -4 20
-2 9 -3 14
-2 9 -2 4
-2 9 -1 4
-2 9 0 4
-2 9 1 4
-2 9 2 4
-2 9 3 21
-2 9 4 20
-1 9 -4 20
-1 9 -3 4
-1 9 -2 4
-1 9 -1 4
-1 9 0 4
-1 9 1 4
-1 9 2 4
-1 9 3 4
-1 9 4 20
0 9 -4 20
0 9 -3 24
0 9 -2 25
0 9 -1 4
0 9 0 4
0 9 1 4
0 9 2 4
0 9 3 6
0 9 4 20
1 9 -4 20
1 9 -3 4
1 9 -2 4
1 9 -1 4
1 9 0 27
1 9 1 4
1 9 2 4
1 9 3 4
1 9 4 20
2 9 -4 20
2 9 -3 24
2 9 -2 25
2 9 -1 4
2 9 0 4
2 9 1 4
2 9 2 4
2 9 3 4
2 9 4 20
3 9 -4 19
3 9 -3 20
3 9 -2 20
3 9 -1 20
3 9 0 20
3 9 1 20
3 9 2 20
3 9 3 20
3 9 4 19
-3 10 -4 19
-3 10 -3 8
-3 10 -2 20
-3 10 -1 8
-3 10 0 20
-3 10 1 8
-3 10 2 20
-3 10 3 8
-3 10 4 19
-2 10 -4 11
-2 10 -3 4
-2 10 -2 4
-2 10 -1 4
-2 10 0 4
-2 10 1 4
-2 10 2 4
-2 10 3 4
-2 10 4 11
-1 10 -4 20
-1 10 -3 4
-1 10 -2 4
-1 10 -1 4
-1 10 0 4
-1 10 1 4
-1 10 2 4
-1 10 3 4
-1 10 4 20
0 10 -4 11
0 10 -3 4
0 10 -2 4
0 10 -1 4
0 10 0 4
0 10 1 4
0 10 2 4
0 10 3 4
0 10 4 11
1 10 -4 20
1 10 -3 4
1 10 -2 4
1 10 -1 4
1 10 0 4
1 10 1 4
1 10 2 4
1 10 3 4
1 10 4 20
2 10 -4 11
2 10 -3 4
2 10 -2 4
2 10 -1 31
2 10 0 4
2 10 1 4
2 10 2 4
2 10 3 4
2 10 4 11
3 10 -4 19
3 10 -3 8
3 10 -2 20
3 10 -1 13
3 10 0 20
3 10 1 8
3 10 2 20
3 10 3 8
3 10 4 19
-3 11 -4 19
-3 11 -3 8
-3 11 -2 20
-3 11 -1 8
-3 11 0 20
-3 11 1 8
-3 11 2 20
-3 11 3 8
-3 11 4 19
-2 11 -4 11
-2 11 -3 4
-2 11 -2 4
-2 11 -1 4
-2 11 0 4
-2 11 1 4
-2 11 2 4
-2 11 3 4
-2 11 4 11
-1 11 -4 20
-1 11 -3 4
-1 11 -2 4
-1 11 -1 4
-1 11 0 4
-1 11 1 4
-1 11 2 4
-1 11 3 4
-1 11 4 20
0 11 -4 11
0 11 -3 4
0 11 -2 4
0 11 -1 4
0 11 0 4
0 11 1 4
0 11 2 4
0 11 3 4
0 11 4 11
1 11 -4 20
1 11 -3 4
1 11 -2 4
1 11 -1 4
1 11 0 4
1 11 1 4
1 11 2 4
1 11 3 4
1 11 4 20
2 11 -4 11
2 11 -3 4
2 11 -2 4
2 11 -1 31
2 11 0 4
2 11 1 4
2 11 2 4
2 11 3 4
2 11 4 11
3 11 -4 19
3 11 -3 8
3 11 -2 20
3 11 -1 13
3 11 0 20
3 11 1 8
3 11 2 20
3 11 3 8
3 11 4 19
-4 12 -5 32
-4 12 5 33
-3 12 -5 32
-3 12 -4 19
-3 12 -3 29
-3 12 -2 29
-3 12 -1 29
-3 12 0 29
-3 12 1 29
-3 12 2 29
-3 12 3 29
-3 12 4 19
-3 12 5 33
-2 12 -5 32
-2 12 -4 30
-2 12 -3 4
-2 12 -2 4
-2 12 -1 4
-2 12 0 4
-2 12 1 4
-2 12 2 4
-2 12 3 4
-2 12 4 30
-2 12 5 33
-1 12 -5 32
-1 12 -4 30
-1 12 -3 4
-1 12 -2 4
-1 12 -1 4
-1 12 0 4
-1 12 1 4
-1 12 2 4
-1 12 3 4
-1 12 4 30
-1 12 5 33
0 12 -5 32
0 12 -4 30
0 12 -3 4
0 12 -2 4
0 12 -1 4
0 12 0 4
0 12 1 4
0 12 2 4
0 12 3 4
0 12 4 30
0 12 5 33
1 12 -5 32
1 12 -4 30
1 12 -3 4
1 12 -2 4
1 12 -1 4
1 12 0 4
1 12 1 4
1 12 2 4
1 12 3 4
1 12 4 30
1 12 5 33
2 12 -5 32
2 12 -4 30
2 12 -3 4
2 12 -2 4
2 12 -1 31
2 12 0 4
2 12 1 4
2 12 2 4
2 12 3 4
2 12 4 30
2 12 5 33
3 12 -5 32
3 12 -4 19
3 12 -3 29
3 12 -2 29
3 12 -1 29
3 12 0 29
3 12 1 29
3 12 2 29
3 12 3 29
3 12 4 19
3 12 5 33
4 12 -5 32
4 12 5 33
-4 13 -4 32
-4 13 4 33
-3 13 -4 32
-3 13 -3 20
-3 13 -2 20
-3 13 -1 20
-3 13 0 20
-3 13 1 20
-3 13 2 20
-3 13 3 20
-3 13 4 33
-2 13 -4 32
-2 13 -2 4
-2 13 -1 4
-2 13 0 4
-2 13 1 4
-2 13 2 4
-2 13 4 33
-1 13 -4 32
-1 13 -2 4
-1 13 -1 4
-1 13 0 4
-1 13 1 4
-1 13 2 4
-1 13 4 33
0 13 -4 32
0 13 -2 4
0 13 -1 4
0 13 0 4
0 13 1 4
0 13 2 4
0 13 4 33
1 13 -4 32
1 13 -2 4
1 13 -1 4
1 13 0 4
1 13 1 4
1 13 2 4
1 13 4 33
2 13 -4 32
2 13 -2 4
2 13 -1 31
2 13 0 4
2 13 1 4
2 13 2 4
2 13 4 33
3 13 -4 32
3 13 -3 20
3 13 -2 20
3 13 -1 20
3 13 0 20
3 13 1 20
3 13 2 20
3 13 3 20
3 13 4 33
4 13 -4 32
4 13 4 33
-4 14 -3 32
-4 14 3 33
-3 14 -3 32
-3 14 -2 20
-3 14 -1 20
-3 14 0 20
-3 14 1 20
-3 14 2 20
-3 14 3 33
-2 14 -3 32
-2 14 -1 4
-2 14 0 4
-2 14 1 4
-2 14 3 33
-1 14 -3 32
-1 14 -1 4
-1 14 0 4
-1 14 1 4
-1 14 3 33
0 14 -3 32
0 14 -1 4
0 14 0 4
0 14 1 4
0 14 3 33
1 14 -3 32
1 14 -1 4
1 14 0 4
1 14 1 4
1 14 3 33
2 14 -3 32
2 14 -1 31
2 14 0 4
2 14 1 4
2 14 3 33
3 14 -3 32
3 14 -2 20
3 14 -1 20
3 14 0 20
3 14 1 20
3 14 2 20
3 14 3 33
4 14 -3 32
4 14 3 33
-4 15 -2 32
-4 15 2 33
-3 15 -2 32
-3 15 -1 20
-3 15 0 20
-3 15 1 20
-3 15 2 33
-2 15 -2 32
-2 15 0 4
-2 15 2 33
-1 15 -2 32
-1 15 0 4
-1 15 2 33
0 15 -2 32
0 15 0 4
0 15 2 33
1 15 -2 32
1 15 0 4
1 15 2 33
2 15 -2 32
2 15 -1 31
2 15 0 4
2 15 2 33
3 15 -2 32
3 15 -1 20
3 15 0 20
3 15 1 20
3 15 2 33
4 15 -2 32
4 15 2 33
-4 16 -1 32
-4 16 0 34
-4 16 1 33
-3 16 -1 32
-3 16 0 34
-3 16 1 33
-2 16 -1 32
-2 16 0 34
-2 16 1 33
-1 16 -1 32
-1 16 0 34
-1 16 1 33
0 16 -1 32
0 16 0 34
0 16 1 33
1 16 -1 32
1 16 0 34
1 16 1 33
2 16 -1 31
2 16 0 34
2 16 1 33
3 16 -1 32
3 16 0 34
3 16 1 33
4 16 -1 32
4 16 0 34
4 16 1 33
-4 17 0 35
-3 17 0 35
-2 17 0 35
-1 17 0 35
0 17 0 35
1 17 0 35
2 17 -1 31
2 17 0 35
3 17 0 35
4 17 0 35
2 18 -1 31
2 19 -1 36
