core 0 1 6
P minecraft:cobblestone_stairs[facing=east,half=bottom,shape=straight,waterlogged=false]
P minecraft:cobblestone_stairs[facing=south,half=bottom,shape=straight,waterlogged=false]
P minecraft:andesite
P minecraft:cobblestone
P minecraft:mossy_cobblestone
P minecraft:stone
P minecraft:cobblestone_stairs[facing=north,half=bottom,shape=straight,waterlogged=false]
P minecraft:spruce_planks
P minecraft:cobblestone_stairs[facing=west,half=bottom,shape=straight,waterlogged=false]
P minecraft:spruce_stairs[facing=east,half=top,shape=straight,waterlogged=false]
P minecraft:water_cauldron[level=3]
P minecraft:smoker[facing=east,lit=false]
P minecraft:chest[facing=east,type=single,waterlogged=false]
P minecraft:barrel[facing=up,open=false]
P minecraft:spruce_stairs[facing=north,half=bottom,shape=straight,waterlogged=false]
P minecraft:air
P minecraft:bricks
P minecraft:stone_bricks
P minecraft:campfire[facing=east,lit=true,signal_fire=false,waterlogged=false]
P minecraft:spruce_door[facing=north,half=lower,hinge=left,open=false,powered=false]
P minecraft:crafting_table
P minecraft:furnace[facing=west,lit=false]
P minecraft:bookshelf
P minecraft:spruce_stairs[facing=west,half=top,shape=straight,waterlogged=false]
P minecraft:spruce_trapdoor[facing=west,half=bottom,open=true,powered=false,waterlogged=false]
P minecraft:glass_pane[east=false,north=true,south=true,waterlogged=false,west=false]
P minecraft:flower_pot
P minecraft:spruce_door[facing=north,half=upper,hinge=left,open=false,powered=false]
P minecraft:lantern[hanging=true,waterlogged=false]
P minecraft:potted_red_tulip
P minecraft:potted_fern
P minecraft:spruce_trapdoor[facing=east,half=bottom,open=true,powered=false,waterlogged=false]
P minecraft:brick_stairs[facing=north,half=top,shape=straight,waterlogged=false]
P minecraft:spruce_stairs[facing=north,half=top,shape=straight,waterlogged=false]
P minecraft:spruce_slab[type=top,waterlogged=false]
P minecraft:stripped_spruce_log[axis=x]
P minecraft:spruce_log[axis=y]
P minecraft:spruce_log[axis=z]
P minecraft:stripped_spruce_log[axis=z]
P minecraft:spruce_log[axis=x]
P minecraft:white_concrete
P minecraft:calcite
P minecraft:spruce_fence[east=false,north=false,south=true,waterlogged=false,west=true]
P minecraft:light_blue_carpet
P minecraft:spruce_fence[east=false,north=false,south=true,waterlogged=false,west=false]
P minecraft:spruce_fence[east=false,north=true,south=true,waterlogged=false,west=false]
P minecraft:spruce_fence[east=false,north=true,south=false,waterlogged=false,west=false]
P minecraft:spruce_stairs[facing=south,half=bottom,shape=straight,waterlogged=false]
P minecraft:lantern[hanging=false,waterlogged=false]
P minecraft:glass_pane[east=false,north=true,south=true,waterlogged=false,west=true]
P minecraft:light_blue_bed[facing=west,occupied=false,part=head]
P minecraft:light_blue_bed[facing=west,occupied=false,part=foot]
P minecraft:chest[facing=west,type=single,waterlogged=false]
P minecraft:spruce_fence[east=true,north=true,south=false,waterlogged=false,west=false]
P minecraft:spruce_fence[east=false,north=false,south=false,waterlogged=false,west=true]
P minecraft:cobbled_deepslate_stairs[facing=east,half=bottom,shape=straight,waterlogged=false]
P minecraft:deepslate_tile_stairs[facing=east,half=bottom,shape=straight,waterlogged=false]
P minecraft:deepslate_tile_stairs[facing=west,half=bottom,shape=straight,waterlogged=false]
P minecraft:cobbled_deepslate_stairs[facing=west,half=bottom,shape=straight,waterlogged=false]
P minecraft:glass_pane[east=true,north=false,south=false,waterlogged=false,west=true]
P minecraft:deepslate_tile_slab[type=bottom,waterlogged=false]
-4 0 -5 0
-4 0 -4 0
-4 0 -3 0
-4 0 -2 0
-4 0 -1 0
-4 0 0 0
-4 0 1 0
-4 0 2 0
-4 0 3 0
-4 0 4 0
-4 0 5 0
-3 0 -6 1
-3 0 -5 2
-3 0 -4 3
-3 0 -3 3
-3 0 -2 2
-3 0 -1 4
-3 0 0 3
-3 0 1 4
-3 0 2 3
-3 0 3 5
-3 0 4 4
-3 0 5 4
-3 0 6 6
-2 0 -6 1
-2 0 -5 3
-2 0 -4 7
-2 0 -3 7
-2 0 -2 7
-2 0 -1 7
-2 0 0 7
-2 0 1 7
-2 0 2 7
-2 0 3 7
-2 0 4 7
-2 0 5 4
-2 0 6 6
-1 0 -6 1
-1 0 -5 4
-1 0 -4 7
-1 0 -3 7
-1 0 -2 7
-1 0 -1 7
-1 0 0 7
-1 0 1 7
-1 0 2 7
-1 0 3 7
-1 0 4 7
-1 0 5 2
-1 0 6 6
0 0 -6 1
0 0 -5 2
0 0 -4 7
0 0 -3 7
0 0 -2 7
0 0 -1 7
0 0 0 7
0 0 1 7
0 0 2 7
0 0 3 7
0 0 4 7
0 0 5 5
1 0 -6 1
1 0 -5 2
1 0 -4 7
1 0 -3 7
1 0 -2 7
1 0 -1 7
1 0 0 7
1 0 1 7
1 0 2 7
1 0 3 7
1 0 4 7
1 0 5 4
1 0 6 6
2 0 -6 1
2 0 -5 3
2 0 -4 7
2 0 -3 7
2 0 -2 7
2 0 -1 7
2 0 0 7
2 0 1 7
2 0 2 7
2 0 3 7
2 0 4 7
2 0 5 2
2 0 6 6
3 0 -6 1
3 0 -5 4
3 0 -4 3
3 0 -3 5
3 0 -2 3
3 0 -1 4
3 0 0 2
3 0 1 4
3 0 2 3
3 0 3 3
3 0 4 3
3 0 5 2
3 0 6 6
4 0 -5 8
4 0 -4 8
4 0 -3 8
4 0 -2 8
4 0 -1 8
4 0 0 8
4 0 1 8
4 0 2 8
4 0 3 8
4 0 4 8
4 0 5 8
-4 1 -2 9
-4 1 2 9
-3 1 -5 5
-3 1 -4 3
-3 1 -3 2
-3 1 -2 2
-3 1 -1 2
-3 1 0 3
-3 1 1 3
-3 1 2 3
-3 1 3 4
-3 1 4 2
-3 1 5 4
-2 1 -5 3
-2 1 -4 10
-2 1 -3 11
-2 1 -2 12
-2 1 -1 13
-2 1 0 7
-2 1 1 7
-2 1 2 7
-2 1 3 14
-2 1 4 15
-2 1 5 5
-1 1 -5 3
-1 1 -4 16
-1 1 -3 15
-1 1 -2 15
-1 1 -1 15
-1 1 0 15
-1 1 1 15
-1 1 2 15
-1 1 3 15
-1 1 4 15
-1 1 5 3
0 1 -5 17
0 1 -4 18
0 1 -3 15
0 1 -2 15
0 1 -1 15
0 1 0 15
0 1 1 15
0 1 2 15
0 1 3 15
0 1 4 15
0 1 5 19
1 1 -5 3
1 1 -4 16
1 1 -3 15
1 1 -2 15
1 1 -1 15
1 1 0 15
1 1 1 15
1 1 2 15
1 1 3 15
1 1 4 15
1 1 5 3
2 1 -5 3
2 1 -4 15
2 1 -3 15
2 1 -2 15
2 1 -1 15
2 1 0 20
2 1 1 21
2 1 2 22
2 1 3 15
2 1 4 13
2 1 5 3
3 1 -5 4
3 1 -4 3
3 1 -3 4
3 1 -2 4
3 1 -1 3
3 1 0 4
3 1 1 2
3 1 2 3
3 1 3 2
3 1 4 2
3 1 5 5
4 1 -2 23
4 1 2 23
-4 2 -3 24
-4 2 -1 24
-4 2 1 24
-4 2 3 24
-3 2 -5 17
-3 2 -4 4
-3 2 -3 4
-3 2 -2 25
-3 2 -1 3
-3 2 0 3
-3 2 1 5
-3 2 2 25
-3 2 3 3
-3 2 4 4
-3 2 5 17
-2 2 -5 3
-2 2 -4 15
-2 2 -3 15
-2 2 -2 15
-2 2 -1 26
-2 2 0 7
-2 2 1 7
-2 2 2 14
-2 2 3 15
-2 2 4 15
-2 2 5 2
-1 2 -5 3
-1 2 -4 16
-1 2 -3 15
-1 2 -2 15
-1 2 -1 15
-1 2 0 15
-1 2 1 15
-1 2 2 15
-1 2 3 15
-1 2 4 15
-1 2 5 3
0 2 -5 16
0 2 -4 15
0 2 -3 15
0 2 -2 15
0 2 -1 15
0 2 0 15
0 2 1 15
0 2 2 15
0 2 3 15
0 2 4 15
0 2 5 27
1 2 -5 3
1 2 -4 16
1 2 -3 15
1 2 -2 15
1 2 -1 15
1 2 0 15
1 2 1 15
1 2 2 15
1 2 3 15
1 2 4 15
1 2 5 3
1 2 6 28
2 2 -5 2
2 2 -4 15
2 2 -3 15
2 2 -2 15
2 2 -1 15
2 2 0 29
2 2 1 15
2 2 2 15
2 2 3 15
2 2 4 30
2 2 5 3
3 2 -5 17
3 2 -4 2
3 2 -3 3
3 2 -2 25
3 2 -1 5
3 2 0 2
3 2 1 3
3 2 2 25
3 2 3 4
3 2 4 3
3 2 5 17
4 2 -3 31
4 2 -1 31
4 2 1 31
4 2 3 31
-4 3 -3 24
-4 3 -1 24
-4 3 1 24
-4 3 3 24
-3 3 -5 3
-3 3 -4 3
-3 3 -3 4
-3 3 -2 25
-3 3 -1 5
-3 3 0 2
-3 3 1 3
-3 3 2 25
-3 3 3 3
-3 3 4 3
-3 3 5 3
-2 3 -5 3
-2 3 -4 15
-2 3 -3 15
-2 3 -2 15
-2 3 -1 15
-2 3 0 7
-2 3 1 14
-2 3 2 15
-2 3 3 15
-2 3 4 15
-2 3 5 3
-1 3 -5 2
-1 3 -4 16
-1 3 -3 32
-1 3 -2 15
-1 3 -1 15
-1 3 0 15
-1 3 1 15
-1 3 2 15
-1 3 3 15
-1 3 4 15
-1 3 5 2
-1 3 6 33
0 3 -5 16
0 3 -4 15
0 3 -3 32
0 3 -2 15
0 3 -1 15
0 3 0 28
0 3 1 15
0 3 2 15
0 3 3 15
0 3 4 15
0 3 5 17
0 3 6 34
1 3 -5 2
1 3 -4 17
1 3 -3 32
1 3 -2 15
1 3 -1 15
1 3 0 15
1 3 1 15
1 3 2 15
1 3 3 15
1 3 4 15
1 3 5 2
1 3 6 33
2 3 -5 5
2 3 -4 15
2 3 -3 15
2 3 -2 15
2 3 -1 15
2 3 0 15
2 3 1 15
2 3 2 15
2 3 3 15
2 3 4 15
2 3 5 4
3 3 -5 3
3 3 -4 2
3 3 -3 3
3 3 -2 25
3 3 -1 3
3 3 0 4
3 3 1 5
3 3 2 25
3 3 3 4
3 3 4 3
3 3 5 3
4 3 -3 31
4 3 -1 31
4 3 1 31
4 3 3 31
-4 4 -2 35
-4 4 2 35
-3 4 -5 36
-3 4 -4 37
-3 4 -3 37
-3 4 -2 37
-3 4 -1 37
-3 4 0 37
-3 4 1 37
-3 4 2 37
-3 4 3 37
-3 4 4 37
-3 4 5 37
-3 4 6 36
-2 4 -6 38
-2 4 -5 39
-2 4 -4 7
-2 4 -3 7
-2 4 -2 7
-2 4 -1 7
-2 4 0 14
-2 4 1 15
-2 4 2 15
-2 4 3 15
-2 4 4 7
-2 4 5 7
-2 4 6 39
-1 4 -5 39
-1 4 -4 16
-1 4 -3 7
-1 4 -2 7
-1 4 -1 7
-1 4 0 7
-1 4 1 7
-1 4 2 7
-1 4 3 7
-1 4 4 7
-1 4 5 7
-1 4 6 39
0 4 -5 17
0 4 -4 15
0 4 -3 16
0 4 -2 7
0 4 -1 7
0 4 0 7
0 4 1 7
0 4 2 7
0 4 3 7
0 4 4 7
0 4 5 7
0 4 6 39
1 4 -5 39
1 4 -4 16
1 4 -3 7
1 4 -2 7
1 4 -1 7
1 4 0 7
1 4 1 7
1 4 2 7
1 4 3 7
1 4 4 7
1 4 5 7
1 4 6 39
2 4 -6 38
2 4 -5 39
2 4 -4 7
2 4 -3 7
2 4 -2 7
2 4 -1 7
2 4 0 7
2 4 1 7
2 4 2 7
2 4 3 7
2 4 4 7
2 4 5 7
2 4 6 39
3 4 -5 36
3 4 -4 37
3 4 -3 37
3 4 -2 37
3 4 -1 37
3 4 0 37
3 4 1 37
3 4 2 37
3 4 3 37
3 4 4 37
3 4 5 37
3 4 6 36
4 4 -2 35
4 4 2 35
-4 5 -2 9
-4 5 2 9
-3 5 -5 36
-3 5 -4 36
-3 5 -3 40
-3 5 -2 40
-3 5 -1 40
-3 5 0 36
-3 5 1 40
-3 5 2 41
-3 5 3 41
-3 5 4 36
-3 5 5 40
-3 5 6 36
-2 5 -5 40
-2 5 -4 15
-2 5 -3 15
-2 5 -2 15
-2 5 -1 15
-2 5 0 15
-2 5 1 15
-2 5 2 15
-2 5 3 15
-2 5 4 42
-2 5 5 13
-2 5 6 41
-1 5 -5 40
-1 5 -4 16
-1 5 -3 15
-1 5 -2 15
-1 5 -1 15
-1 5 0 43
-1 5 1 44
-1 5 2 45
-1 5 3 46
-1 5 4 15
-1 5 5 15
-1 5 6 40
0 5 -5 17
0 5 -4 22
0 5 -3 16
0 5 -2 15
0 5 -1 15
0 5 0 43
0 5 1 43
0 5 2 15
0 5 3 15
0 5 4 15
0 5 5 15
0 5 6 36
1 5 -5 40
1 5 -4 16
1 5 -3 15
1 5 -2 15
1 5 -1 15
1 5 0 43
1 5 1 43
1 5 2 15
1 5 3 15
1 5 4 15
1 5 5 13
1 5 6 41
2 5 -5 41
2 5 -4 15
2 5 -3 15
2 5 -2 15
2 5 -1 15
2 5 0 47
2 5 1 7
2 5 2 7
2 5 3 7
2 5 4 15
2 5 5 15
2 5 6 40
3 5 -5 36
3 5 -4 36
3 5 -3 41
3 5 -2 40
3 5 -1 40
3 5 0 36
3 5 1 40
3 5 2 41
3 5 3 40
3 5 4 36
3 5 5 41
3 5 6 36
4 5 -2 23
4 5 2 23
-4 6 -3 24
-4 6 -1 24
-4 6 1 24
-4 6 3 24
-3 6 -5 36
-3 6 -4 36
-3 6 -3 40
-3 6 -2 25
-3 6 -1 40
-3 6 0 36
-3 6 1 40
-3 6 2 25
-3 6 3 40
-3 6 4 36
-3 6 5 40
-3 6 6 36
-2 6 -5 40
-2 6 -4 15
-2 6 -3 15
-2 6 -2 15
-2 6 -1 15
-2 6 0 15
-2 6 1 15
-2 6 2 15
-2 6 3 15
-2 6 4 15
-2 6 5 15
-2 6 6 40
-1 6 -5 40
-1 6 -4 16
-1 6 -3 15
-1 6 -2 15
-1 6 -1 15
-1 6 0 15
-1 6 1 15
-1 6 2 15
-1 6 3 15
-1 6 4 15
-1 6 5 15
-1 6 6 40
0 6 -5 16
0 6 -4 15
0 6 -3 17
0 6 -2 15
0 6 -1 15
0 6 0 15
0 6 1 15
0 6 2 15
0 6 3 15
0 6 4 15
0 6 5 15
0 6 6 36
1 6 -5 40
1 6 -4 16
1 6 -3 15
1 6 -2 15
1 6 -1 15
1 6 0 15
1 6 1 15
1 6 2 15
1 6 3 15
1 6 4 15
1 6 5 48
1 6 6 41
2 6 -5 40
2 6 -4 15
2 6 -3 15
2 6 -2 15
2 6 -1 15
2 6 0 15
2 6 1 47
2 6 2 7
2 6 3 7
2 6 4 15
2 6 5 15
2 6 6 40
3 6 -5 36
3 6 -4 36
3 6 -3 40
3 6 -2 25
3 6 -1 40
3 6 0 36
3 6 1 40
3 6 2 49
3 6 3 40
3 6 4 36
3 6 5 41
3 6 6 36
4 6 1 31
4 6 3 31
-4 7 -3 24
-4 7 -1 24
-4 7 1 24
-4 7 3 24
-3 7 -5 36
-3 7 -4 36
-3 7 -3 40
-3 7 -2 25
-3 7 -1 40
-3 7 0 36
-3 7 1 40
-3 7 2 25
-3 7 3 40
-3 7 4 36
-3 7 5 40
-3 7 6 36
-2 7 -5 41
-2 7 -4 15
-2 7 -3 15
-2 7 -2 15
-2 7 -1 15
-2 7 0 15
-2 7 1 15
-2 7 2 15
-2 7 3 15
-2 7 4 15
-2 7 5 15
-2 7 6 40
-1 7 -5 40
-1 7 -4 17
-1 7 -3 15
-1 7 -2 15
-1 7 -1 15
-1 7 0 15
-1 7 1 15
-1 7 2 15
-1 7 3 15
-1 7 4 15
-1 7 5 15
-1 7 6 40
0 7 -5 16
0 7 -4 15
0 7 -3 16
0 7 -2 15
0 7 -1 15
0 7 0 28
0 7 1 15
0 7 2 15
0 7 3 15
0 7 4 15
0 7 5 15
0 7 6 36
1 7 -5 40
1 7 -4 16
1 7 -3 15
1 7 -2 15
1 7 -1 15
1 7 0 15
1 7 1 15
1 7 2 15
1 7 3 15
1 7 4 15
1 7 5 15
1 7 6 40
2 7 -5 40
2 7 -4 15
2 7 -3 15
2 7 -2 15
2 7 -1 15
2 7 0 15
2 7 1 15
2 7 2 47
2 7 3 7
2 7 4 15
2 7 5 15
2 7 6 40
3 7 -5 36
3 7 -4 36
3 7 -3 40
3 7 -2 25
3 7 -1 40
3 7 0 36
3 7 1 40
3 7 2 25
3 7 3 40
3 7 4 36
3 7 5 41
3 7 6 36
4 7 1 31
4 7 3 31
-4 8 -2 35
-4 8 2 35
-3 8 -5 36
-3 8 -4 37
-3 8 -3 37
-3 8 -2 37
-3 8 -1 37
-3 8 0 37
-3 8 1 37
-3 8 2 37
-3 8 3 37
-3 8 4 37
-3 8 5 37
-3 8 6 36
-2 8 -6 38
-2 8 -5 39
-2 8 -4 7
-2 8 -3 7
-2 8 -2 7
-2 8 -1 7
-2 8 0 7
-2 8 1 7
-2 8 2 7
-2 8 3 7
-2 8 4 7
-2 8 5 7
-2 8 6 39
-2 8 7 38
-1 8 -5 39
-1 8 -4 16
-1 8 -3 7
-1 8 -2 7
-1 8 -1 7
-1 8 0 7
-1 8 1 7
-1 8 2 7
-1 8 3 7
-1 8 4 7
-1 8 5 7
-1 8 6 39
0 8 -5 16
0 8 -4 15
0 8 -3 16
0 8 -2 7
0 8 -1 7
0 8 0 7
0 8 1 7
0 8 2 7
0 8 3 7
0 8 4 7
0 8 5 7
0 8 6 39
1 8 -5 39
1 8 -4 16
1 8 -3 7
1 8 -2 7
1 8 -1 7
1 8 0 7
1 8 1 7
1 8 2 7
1 8 3 7
1 8 4 7
1 8 5 7
1 8 6 39
2 8 -6 38
2 8 -5 39
2 8 -4 7
2 8 -3 7
2 8 -2 7
2 8 -1 7
2 8 0 15
2 8 1 15
2 8 2 15
2 8 3 47
2 8 4 7
2 8 5 7
2 8 6 39
2 8 7 38
3 8 -5 36
3 8 -4 37
3 8 -3 37
3 8 -2 37
3 8 -1 37
3 8 0 37
3 8 1 37
3 8 2 37
3 8 3 37
3 8 4 37
3 8 5 37
3 8 6 36
4 8 -2 35
4 8 2 35
-4 9 -2 9
-4 9 2 9
-3 9 -5 36
-3 9 -4 36
-3 9 -3 40
-3 9 -2 41
-3 9 -1 40
-3 9 0 36
-3 9 1 40
-3 9 2 40
-3 9 3 40
-3 9 4 36
-3 9 5 40
-3 9 6 36
-2 9 -5 40
-2 9 -4 15
-2 9 -3 15
-2 9 -2 15
-2 9 -1 15
-2 9 0 7
-2 9 1 7
-2 9 2 7
-2 9 3 14
-2 9 4 15
-2 9 5 50
-2 9 6 40
-1 9 -5 40
-1 9 -4 16
-1 9 -3 15
-1 9 -2 15
-1 9 -1 43
-1 9 0 43
-1 9 1 43
-1 9 2 15
-1 9 3 15
-1 9 4 15
-1 9 5 51
-1 9 6 40
0 9 -5 17
0 9 -4 15
0 9 -3 16
0 9 -2 15
0 9 -1 43
0 9 0 43
0 9 1 43
0 9 2 15
0 9 3 15
0 9 4 15
0 9 5 15
0 9 6 36
1 9 -5 40
1 9 -4 16
1 9 -3 15
1 9 -2 15
1 9 -1 43
1 9 0 44
1 9 1 45
1 9 2 46
1 9 3 15
1 9 4 15
1 9 5 22
1 9 6 40
2 9 -5 40
2 9 -4 13
2 9 -3 15
2 9 -2 52
2 9 -1 53
2 9 0 15
2 9 1 15
2 9 2 15
2 9 3 15
2 9 4 15
2 9 5 15
2 9 6 40
3 9 -5 36
3 9 -4 36
3 9 -3 40
3 9 -2 40
3 9 -1 40
3 9 0 36
3 9 1 40
3 9 2 40
3 9 3 40
3 9 4 36
3 9 5 40
3 9 6 36
4 9 -2 23
4 9 2 23
-4 10 -3 24
-4 10 -1 24
-3 10 -5 36
-3 10 -4 36
-3 10 -3 40
-3 10 -2 25
-3 10 -1 40
-3 10 0 36
-3 10 1 41
-3 10 2 25
-3 10 3 40
-3 10 4 36
-3 10 5 40
-3 10 6 36
-2 10 -5 40
-2 10 -4 15
-2 10 -3 15
-2 10 -2 15
-2 10 -1 15
-2 10 0 7
-2 10 1 7
-2 10 2 14
-2 10 3 15
-2 10 4 15
-2 10 5 15
-2 10 6 40
-1 10 -5 40
-1 10 -4 16
-1 10 -3 15
-1 10 -2 15
-1 10 -1 15
-1 10 0 15
-1 10 1 15
-1 10 2 15
-1 10 3 15
-1 10 4 15
-1 10 5 15
-1 10 6 40
0 10 -5 16
0 10 -4 15
0 10 -3 17
0 10 -2 15
0 10 -1 15
0 10 0 15
0 10 1 15
0 10 2 15
0 10 3 15
0 10 4 15
0 10 5 15
0 10 6 36
1 10 -5 40
1 10 -4 16
1 10 -3 15
1 10 -2 15
1 10 -1 15
1 10 0 15
1 10 1 15
1 10 2 15
1 10 3 15
1 10 4 15
1 10 5 15
1 10 6 40
2 10 -5 40
2 10 -4 15
2 10 -3 15
2 10 -2 15
2 10 -1 15
2 10 0 15
2 10 1 15
2 10 2 15
2 10 3 15
2 10 4 15
2 10 5 15
2 10 6 40
3 10 -5 36
3 10 -4 36
3 10 -3 40
3 10 -2 25
3 10 -1 41
3 10 0 36
3 10 1 40
3 10 2 25
3 10 3 40
3 10 4 36
3 10 5 40
3 10 6 36
4 10 1 31
4 10 3 31
-4 11 -3 24
-4 11 -1 24
-3 11 -5 36
-3 11 -4 36
-3 11 -3 41
-3 11 -2 25
-3 11 -1 40
-3 11 0 36
-3 11 1 40
-3 11 2 25
-3 11 3 40
-3 11 4 36
-3 11 5 40
-3 11 6 36
-2 11 -5 40
-2 11 -4 15
-2 11 -3 15
-2 11 -2 15
-2 11 -1 15
-2 11 0 7
-2 11 1 14
-2 11 2 15
-2 11 3 15
-2 11 4 15
-2 11 5 15
-2 11 6 40
-1 11 -5 40
-1 11 -4 16
-1 11 -3 15
-1 11 -2 15
-1 11 -1 15
-1 11 0 15
-1 11 1 15
-1 11 2 15
-1 11 3 15
-1 11 4 15
-1 11 5 15
-1 11 6 40
0 11 -5 16
0 11 -4 15
0 11 -3 16
0 11 -2 15
0 11 -1 15
0 11 0 28
0 11 1 15
0 11 2 15
0 11 3 15
0 11 4 15
0 11 5 15
0 11 6 36
1 11 -5 40
1 11 -4 16
1 11 -3 15
1 11 -2 15
1 11 -1 15
1 11 0 15
1 11 1 15
1 11 2 15
1 11 3 15
1 11 4 15
1 11 5 15
1 11 6 40
2 11 -5 41
2 11 -4 15
2 11 -3 15
2 11 -2 15
2 11 -1 15
2 11 0 15
2 11 1 15
2 11 2 15
2 11 3 15
2 11 4 15
2 11 5 15
2 11 6 40
3 11 -5 36
3 11 -4 36
3 11 -3 40
3 11 -2 25
3 11 -1 40
3 11 0 36
3 11 1 40
3 11 2 25
3 11 3 41
3 11 4 36
3 11 5 40
3 11 6 36
4 11 1 31
4 11 3 31
-4 12 -2 35
-4 12 2 35
-3 12 -5 36
-3 12 -4 37
-3 12 -3 37
-3 12 -2 37
-3 12 -1 37
-3 12 0 37
-3 12 1 37
-3 12 2 37
-3 12 3 37
-3 12 4 37
-3 12 5 37
-3 12 6 36
-2 12 -6 38
-2 12 -5 39
-2 12 -4 7
-2 12 -3 7
-2 12 -2 7
-2 12 -1 7
-2 12 0 14
-2 12 1 15
-2 12 2 15
-2 12 3 15
-2 12 4 7
-2 12 5 7
-2 12 6 39
-2 12 7 38
-1 12 -5 39
-1 12 -4 16
-1 12 -3 7
-1 12 -2 7
-1 12 -1 7
-1 12 0 7
-1 12 1 7
-1 12 2 7
-1 12 3 7
-1 12 4 7
-1 12 5 7
-1 12 6 39
0 12 -5 16
0 12 -4 15
0 12 -3 16
0 12 -2 7
0 12 -1 7
0 12 0 7
0 12 1 7
0 12 2 7
0 12 3 7
0 12 4 7
0 12 5 7
0 12 6 39
1 12 -5 39
1 12 -4 17
1 12 -3 7
1 12 -2 7
1 12 -1 7
1 12 0 7
1 12 1 7
1 12 2 7
1 12 3 7
1 12 4 7
1 12 5 7
1 12 6 39
2 12 -6 38
2 12 -5 39
2 12 -4 7
2 12 -3 7
2 12 -2 7
2 12 -1 7
2 12 0 7
2 12 1 7
2 12 2 7
2 12 3 7
2 12 4 7
2 12 5 7
2 12 6 39
2 12 7 38
3 12 -5 36
3 12 -4 37
3 12 -3 37
3 12 -2 37
3 12 -1 37
3 12 0 37
3 12 1 37
3 12 2 37
3 12 3 37
3 12 4 37
3 12 5 37
3 12 6 36
4 12 -2 35
4 12 2 35
-4 13 -2 9
-4 13 2 9
-3 13 -5 36
-3 13 -4 36
-3 13 -3 40
-3 13 -2 40
-3 13 -1 40
-3 13 0 36
-3 13 1 40
-3 13 2 40
-3 13 3 40
-3 13 4 36
-3 13 5 40
-3 13 6 36
-2 13 -5 41
-2 13 -4 15
-2 13 -3 15
-2 13 -2 13
-2 13 -1 15
-2 13 0 15
-2 13 1 15
-2 13 2 15
-2 13 3 15
-2 13 4 54
-2 13 5 15
-2 13 6 40
-1 13 -5 40
-1 13 -4 16
-1 13 -3 15
-1 13 -2 15
-1 13 -1 15
-1 13 0 15
-1 13 1 44
-1 13 2 45
-1 13 3 46
-1 13 4 15
-1 13 5 15
-1 13 6 40
0 13 -5 17
0 13 -4 15
0 13 -3 16
0 13 -2 15
0 13 -1 15
0 13 0 15
0 13 1 15
0 13 2 15
0 13 3 15
0 13 4 15
0 13 5 15
0 13 6 36
1 13 -5 40
1 13 -4 16
1 13 -3 15
1 13 -2 15
1 13 -1 15
1 13 0 15
1 13 1 15
1 13 2 15
1 13 3 15
1 13 4 15
1 13 5 15
1 13 6 41
2 13 -5 40
2 13 -4 15
2 13 -3 15
2 13 -2 15
2 13 -1 13
2 13 0 15
2 13 1 13
2 13 2 13
2 13 3 13
2 13 4 13
2 13 5 13
2 13 6 40
3 13 -5 36
3 13 -4 36
3 13 -3 40
3 13 -2 41
3 13 -1 40
3 13 0 36
3 13 1 40
3 13 2 40
3 13 3 40
3 13 4 36
3 13 5 40
3 13 6 36
4 13 -2 23
4 13 2 23
-4 14 -3 24
-4 14 -1 24
-4 14 1 24
-4 14 3 24
-3 14 -5 36
-3 14 -4 36
-3 14 -3 40
-3 14 -2 25
-3 14 -1 41
-3 14 0 36
-3 14 1 40
-3 14 2 25
-3 14 3 40
-3 14 4 36
-3 14 5 40
-3 14 6 36
-2 14 -5 40
-2 14 -4 15
-2 14 -3 15
-2 14 -2 15
-2 14 -1 15
-2 14 0 15
-2 14 1 15
-2 14 2 15
-2 14 3 15
-2 14 4 15
-2 14 5 15
-2 14 6 41
-1 14 -5 40
-1 14 -4 16
-1 14 -3 15
-1 14 -2 15
-1 14 -1 15
-1 14 0 15
-1 14 1 15
-1 14 2 15
-1 14 3 15
-1 14 4 15
-1 14 5 15
-1 14 6 40
0 14 -5 16
0 14 -4 15
0 14 -3 16
0 14 -2 15
0 14 -1 15
0 14 0 15
0 14 1 15
0 14 2 15
0 14 3 15
0 14 4 15
0 14 5 15
0 14 6 36
1 14 -5 40
1 14 -4 17
1 14 -3 15
1 14 -2 15
1 14 -1 15
1 14 0 15
1 14 1 15
1 14 2 15
1 14 3 15
1 14 4 15
1 14 5 15
1 14 6 40
2 14 -5 40
2 14 -4 15
2 14 -3 15
2 14 -2 15
2 14 -1 15
2 14 0 15
2 14 1 15
2 14 2 15
2 14 3 15
2 14 4 15
2 14 5 15
2 14 6 40
3 14 -5 36
3 14 -4 36
3 14 -3 40
3 14 -2 25
3 14 -1 40
3 14 0 36
3 14 1 41
3 14 2 25
3 14 3 40
3 14 4 36
3 14 5 40
3 14 6 36
-4 15 -3 24
-4 15 -1 24
-4 15 1 24
-4 15 3 24
-3 15 -5 36
-3 15 -4 36
-3 15 -3 40
-3 15 -2 25
-3 15 -1 40
-3 15 0 36
-3 15 1 40
-3 15 2 25
-3 15 3 40
-3 15 4 36
-3 15 5 40
-3 15 6 36
-2 15 -5 40
-2 15 -4 15
-2 15 -3 15
-2 15 -2 15
-2 15 -1 15
-2 15 0 15
-2 15 1 15
-2 15 2 15
-2 15 3 15
-2 15 4 15
-2 15 5 15
-2 15 6 40
-1 15 -5 40
-1 15 -4 16
-1 15 -3 15
-1 15 -2 15
-1 15 -1 15
-1 15 0 15
-1 15 1 15
-1 15 2 15
-1 15 3 15
-1 15 4 15
-1 15 5 15
-1 15 6 40
0 15 -5 16
0 15 -4 15
0 15 -3 17
0 15 -2 15
0 15 -1 15
0 15 0 28
0 15 1 15
0 15 2 15
0 15 3 15
0 15 4 15
0 15 5 15
0 15 6 36
1 15 -5 40
1 15 -4 17
1 15 -3 15
1 15 -2 15
1 15 -1 15
1 15 0 15
1 15 1 15
1 15 2 15
1 15 3 15
1 15 4 15
1 15 5 15
1 15 6 40
2 15 -5 40
2 15 -4 15
2 15 -3 15
2 15 -2 15
2 15 -1 15
2 15 0 15
2 15 1 15
2 15 2 15
2 15 3 15
2 15 4 15
2 15 5 15
2 15 6 40
3 15 -5 36
3 15 -4 36
3 15 -3 40
3 15 -2 25
3 15 -1 40
3 15 0 36
3 15 1 40
3 15 2 25
3 15 3 40
3 15 4 36
3 15 5 40
3 15 6 36
-4 16 -6 55
-4 16 -5 56
-4 16 -4 56
-4 16 -3 56
-4 16 -2 56
-4 16 -1 56
-4 16 0 56
-4 16 1 55
-4 16 2 56
-4 16 3 56
-4 16 4 56
-4 16 5 56
-4 16 6 55
-4 16 7 56
-3 16 -5 36
-3 16 -4 37
-3 16 -3 37
-3 16 -2 37
-3 16 -1 37
-3 16 0 37
-3 16 1 37
-3 16 2 37
-3 16 3 37
-3 16 4 37
-3 16 5 37
-3 16 6 36
-2 16 -5 39
-2 16 6 39
-1 16 -5 39
-1 16 -4 16
-1 16 6 39
0 16 -5 16
0 16 -4 15
0 16 -3 16
0 16 6 39
1 16 -5 39
1 16 -4 16
1 16 6 39
2 16 -5 39
2 16 6 39
3 16 -5 36
3 16 -4 37
3 16 -3 37
3 16 -2 37
3 16 -1 37
3 16 0 37
3 16 1 37
3 16 2 37
3 16 3 37
3 16 4 37
3 16 5 37
3 16 6 36
4 16 -6 57
4 16 -5 57
4 16 -4 57
4 16 -3 57
4 16 -2 57
4 16 -1 57
4 16 0 57
4 16 1 57
4 16 2 57
4 16 3 57
4 16 4 57
4 16 5 57
4 16 6 57
4 16 7 57
-3 17 -6 56
-3 17 -5 55
-3 17 -4 56
-3 17 -3 55
-3 17 -2 56
-3 17 -1 56
-3 17 0 56
-3 17 1 56
-3 17 2 56
-3 17 3 56
-3 17 4 56
-3 17 5 56
-3 17 6 55
-3 17 7 56
-2 17 -5 40
-2 17 -4 15
-2 17 -3 15
-2 17 -2 15
-2 17 -1 15
-2 17 0 15
-2 17 1 15
-2 17 2 15
-2 17 3 15
-2 17 4 15
-2 17 5 15
-2 17 6 40
-1 17 -5 40
-1 17 -4 16
-1 17 -3 15
-1 17 -2 15
-1 17 -1 15
-1 17 0 15
-1 17 1 15
-1 17 2 15
-1 17 3 15
-1 17 4 15
-1 17 5 15
-1 17 6 40
0 17 -5 16
0 17 -4 15
0 17 -3 16
0 17 -2 15
0 17 -1 15
0 17 0 15
0 17 1 15
0 17 2 15
0 17 3 15
0 17 4 15
0 17 5 15
0 17 6 36
1 17 -5 40
1 17 -4 16
1 17 -3 15
1 17 -2 15
1 17 -1 15
1 17 0 15
1 17 1 15
1 17 2 15
1 17 3 15
1 17 4 15
1 17 5 15
1 17 6 40
2 17 -5 40
2 17 -4 15
2 17 -3 15
2 17 -2 15
2 17 -1 15
2 17 0 15
2 17 1 15
2 17 2 15
2 17 3 15
2 17 4 15
2 17 5 15
2 17 6 40
3 17 -6 57
3 17 -5 57
3 17 -4 58
3 17 -3 57
3 17 -2 57
3 17 -1 57
3 17 0 57
3 17 1 57
3 17 2 57
3 17 3 58
3 17 4 57
3 17 5 58
3 17 6 58
3 17 7 57
-2 18 -6 56
-2 18 -5 55
-2 18 -4 55
-2 18 -3 56
-2 18 -2 56
-2 18 -1 56
-2 18 0 56
-2 18 1 56
-2 18 2 56
-2 18 3 56
-2 18 4 56
-2 18 5 56
-2 18 6 56
-2 18 7 56
-1 18 -5 40
-1 18 -4 16
-1 18 -3 15
-1 18 -2 15
-1 18 -1 15
-1 18 0 15
-1 18 1 15
-1 18 2 15
-1 18 3 15
-1 18 4 15
-1 18 5 15
-1 18 6 40
0 18 -5 16
0 18 -4 15
0 18 -3 16
0 18 -2 15
0 18 -1 15
0 18 0 15
0 18 1 15
0 18 2 15
0 18 3 15
0 18 4 15
0 18 5 15
0 18 6 59
1 18 -5 40
1 18 -4 16
1 18 -3 15
1 18 -2 15
1 18 -1 15
1 18 0 15
1 18 1 15
1 18 2 15
1 18 3 15
1 18 4 15
1 18 5 15
1 18 6 40
2 18 -6 57
2 18 -5 57
2 18 -4 57
2 18 -3 57
2 18 -2 57
2 18 -1 58
2 18 0 57
2 18 1 57
2 18 2 57
2 18 3 57
2 18 4 57
2 18 5 57
2 18 6 57
2 18 7 57
-1 19 -6 55
-1 19 -5 56
-1 19 -4 16
-1 19 -3 56
-1 19 -2 56
-1 19 -1 56
-1 19 0 56
-1 19 1 56
-1 19 2 55
-1 19 3 56
-1 19 4 56
-1 19 5 56
-1 19 6 56
-1 19 7 56
0 19 -6 7
0 19 -5 17
0 19 -4 15
0 19 -3 17
0 19 -2 7
0 19 -1 7
0 19 0 7
0 19 1 7
0 19 2 7
0 19 3 7
0 19 4 7
0 19 5 7
0 19 6 36
0 19 7 7
1 19 -6 57
1 19 -5 57
1 19 -4 17
1 19 -3 57
1 19 -2 57
1 19 -1 57
1 19 0 58
1 19 1 57
1 19 2 57
1 19 3 57
1 19 4 57
1 19 5 57
1 19 6 57
1 19 7 57
-1 20 -4 16
0 20 -6 60
0 20 -5 16
0 20 -4 18
0 20 -3 16
0 20 -2 60
0 20 -1 60
0 20 0 60
0 20 1 60
0 20 2 60
0 20 3 60
0 20 4 60
0 20 5 60
0 20 6 60
0 20 7 60
1 20 -4 16
-1 21 -4 16
0 21 -5 16
0 21 -4 15
0 21 -3 16
1 21 -4 16
-1 22 -4 17
0 22 -5 16
0 22 -4 15
0 22 -3 17
1 22 -4 16
