core 0 1 6
P minecraft:cobblestone_stairs[facing=east,half=bottom,shape=straight,waterlogged=false]
P minecraft:cobblestone_stairs[facing=south,half=bottom,shape=straight,waterlogged=false]
P minecraft:andesite
P minecraft:cobblestone
P minecraft:mossy_cobblestone
P minecraft:stone
P minecraft:cobblestone_stairs[facing=north,half=bottom,shape=straight,waterlogged=false]
P minecraft:spruce_planks
P minecraft:cobblestone_stairs[facing=west,half=bottom,shape=straight,waterlogged=false]
P minecraft:spruce_stairs[facing=east,half=top,shape=straight,waterlogged=false]
P minecraft:bookshelf
P minecraft:air
P minecraft:barrel[facing=up,open=false]
P minecraft:bricks
P minecraft:campfire[facing=east,lit=true,signal_fire=false,waterlogged=false]
P minecraft:crafting_table
P minecraft:dark_oak_log[axis=y]
P minecraft:water_cauldron[level=3]
P minecraft:cauldron
P minecraft:chest[facing=west,type=single,waterlogged=false]
P minecraft:smoker[facing=west,lit=false]
P minecraft:furnace[facing=west,lit=false]
P minecraft:spruce_stairs[facing=west,half=top,shape=straight,waterlogged=false]
P minecraft:spruce_trapdoor[facing=west,half=bottom,open=true,powered=false,waterlogged=false]
P minecraft:stone_bricks
P minecraft:glass_pane[east=false,north=true,south=true,waterlogged=false,west=false]
P minecraft:potted_fern
P minecraft:flower_pot
P minecraft:spruce_trapdoor[facing=east,half=bottom,open=true,powered=false,waterlogged=false]
P minecraft:brick_stairs[facing=west,half=top,shape=straight,waterlogged=false]
P minecraft:dark_oak_log[axis=x]
P minecraft:lantern[hanging=true,waterlogged=false]
P minecraft:spruce_stairs[facing=north,half=top,shape=straight,waterlogged=false]
P minecraft:stripped_dark_oak_log[axis=x]
P minecraft:dark_oak_log[axis=z]
P minecraft:stripped_dark_oak_log[axis=z]
P minecraft:white_wool
P minecraft:red_wool
P minecraft:lime_terracotta
P minecraft:green_terracotta
P minecraft:chest[facing=east,type=single,waterlogged=false]
P minecraft:red_carpet
P minecraft:red_bed[facing=east,occupied=false,part=foot]
P minecraft:red_bed[facing=east,occupied=false,part=head]
P minecraft:lantern[hanging=false,waterlogged=false]
P minecraft:red_bed[facing=west,occupied=false,part=head]
P minecraft:red_bed[facing=west,occupied=false,part=foot]
P minecraft:red_bed[facing=south,occupied=false,part=foot]
P minecraft:red_bed[facing=south,occupied=false,part=head]
P minecraft:spruce_stairs[facing=east,half=bottom,shape=straight,waterlogged=false]
P minecraft:dark_oak_stairs[facing=east,half=bottom,shape=straight,waterlogged=false]
P minecraft:dark_oak_stairs[facing=west,half=bottom,shape=straight,waterlogged=false]
P minecraft:spruce_stairs[facing=west,half=bottom,shape=straight,waterlogged=false]
P minecraft:glass_pane[east=true,north=false,south=false,waterlogged=false,west=true]
P minecraft:dark_oak_slab[type=bottom,waterlogged=false]
-4 0 -5 0
-4 0 -4 0
-4 0 -3 0
-4 0 -2 0
-4 0 -1 0
-4 0 0 0
-4 0 1 0
-4 0 2 0
-4 0 3 0
-4 0 4 0
-4 0 5 0
-3 0 -6 1
-3 0 -5 2
-3 0 -4 3
-3 0 -3 3
-3 0 -2 2
-3 0 -1 4
-3 0 0 3
-3 0 1 4
-3 0 2 3
-3 0 3 5
-3 0 4 4
-3 0 5 4
-3 0 6 6
-2 0 -6 1
-2 0 -5 3
-2 0 -4 7
-2 0 -3 7
-2 0 -2 7
-2 0 -1 7
-2 0 0 7
-2 0 1 7
-2 0 2 7
-2 0 3 7
-2 0 4 7
-2 0 5 4
-2 0 6 6
-1 0 -6 1
-1 0 -5 4
-1 0 -4 7
-1 0 -3 7
-1 0 -2 7
-1 0 -1 7
-1 0 0 7
-1 0 1 7
-1 0 2 7
-1 0 3 7
-1 0 4 7
-1 0 5 2
-1 0 6 6
0 0 -6 1
0 0 -5 2
0 0 -4 7
0 0 -3 7
0 0 -2 7
0 0 -1 7
0 0 0 7
0 0 1 7
0 0 2 7
0 0 3 7
0 0 4 7
0 0 5 5
1 0 -6 1
1 0 -5 2
1 0 -4 7
1 0 -3 7
1 0 -2 7
1 0 -1 7
1 0 0 7
1 0 1 7
1 0 2 7
1 0 3 7
1 0 4 7
1 0 5 4
1 0 6 6
2 0 -6 1
2 0 -5 3
2 0 -4 7
2 0 -3 7
2 0 -2 7
2 0 -1 7
2 0 0 7
2 0 1 7
2 0 2 7
2 0 3 7
2 0 4 7
2 0 5 2
2 0 6 6
3 0 -6 1
3 0 -5 4
3 0 -4 3
3 0 -3 5
3 0 -2 3
3 0 -1 4
3 0 0 2
3 0 1 4
3 0 2 3
3 0 3 3
3 0 4 3
3 0 5 2
3 0 6 6
4 0 -5 8
4 0 -4 8
4 0 -3 8
4 0 -2 8
4 0 -1 8
4 0 0 8
4 0 1 8
4 0 2 8
4 0 3 8
4 0 4 8
4 0 5 8
-4 1 -2 9
-4 1 2 9
-3 1 -5 5
-3 1 -4 3
-3 1 -3 2
-3 1 -2 2
-3 1 -1 2
-3 1 0 3
-3 1 1 3
-3 1 2 3
-3 1 3 4
-3 1 4 2
-3 1 5 4
-2 1 -5 3
-2 1 -4 10
-2 1 -3 11
-2 1 -2 12
-2 1 -1 13
-2 1 0 14
-2 1 1 13
-2 1 2 11
-2 1 3 15
-2 1 4 11
-2 1 5 16
-1 1 -5 3
-1 1 -4 11
-1 1 -3 11
-1 1 -2 11
-1 1 -1 11
-1 1 0 11
-1 1 1 11
-1 1 2 11
-1 1 3 11
-1 1 4 11
-1 1 5 11
0 1 -5 3
0 1 -4 17
0 1 -3 11
0 1 -2 11
0 1 -1 11
0 1 0 11
0 1 1 11
0 1 2 11
0 1 3 11
0 1 4 11
0 1 5 11
1 1 -5 3
1 1 -4 18
1 1 -3 11
1 1 -2 11
1 1 -1 11
1 1 0 11
1 1 1 11
1 1 2 11
1 1 3 11
1 1 4 11
1 1 5 11
2 1 -5 3
2 1 -4 11
2 1 -3 11
2 1 -2 11
2 1 -1 11
2 1 0 12
2 1 1 19
2 1 2 20
2 1 3 11
2 1 4 21
2 1 5 16
3 1 -5 4
3 1 -4 3
3 1 -3 4
3 1 -2 4
3 1 -1 3
3 1 0 4
3 1 1 2
3 1 2 3
3 1 3 2
3 1 4 2
3 1 5 5
4 1 -2 22
4 1 2 22
-4 2 -3 23
-4 2 -1 23
-4 2 1 23
-4 2 3 23
-3 2 -5 24
-3 2 -4 4
-3 2 -3 4
-3 2 -2 25
-3 2 -1 3
-3 2 0 3
-3 2 1 5
-3 2 2 25
-3 2 3 3
-3 2 4 4
-3 2 5 24
-2 2 -5 3
-2 2 -4 11
-2 2 -3 11
-2 2 -2 11
-2 2 -1 13
-2 2 0 13
-2 2 1 13
-2 2 2 11
-2 2 3 26
-2 2 4 11
-2 2 5 16
-1 2 -5 3
-1 2 -4 11
-1 2 -3 11
-1 2 -2 11
-1 2 -1 11
-1 2 0 11
-1 2 1 11
-1 2 2 11
-1 2 3 11
-1 2 4 11
-1 2 5 11
0 2 -5 3
0 2 -4 11
0 2 -3 11
0 2 -2 11
0 2 -1 11
0 2 0 11
0 2 1 11
0 2 2 11
0 2 3 11
0 2 4 11
0 2 5 11
1 2 -5 3
1 2 -4 11
1 2 -3 11
1 2 -2 11
1 2 -1 11
1 2 0 11
1 2 1 11
1 2 2 11
1 2 3 11
1 2 4 11
1 2 5 11
2 2 -5 2
2 2 -4 11
2 2 -3 11
2 2 -2 11
2 2 -1 11
2 2 0 27
2 2 1 11
2 2 2 11
2 2 3 11
2 2 4 11
2 2 5 16
3 2 -5 24
3 2 -4 2
3 2 -3 3
3 2 -2 25
3 2 -1 5
3 2 0 2
3 2 1 3
3 2 2 25
3 2 3 4
3 2 4 3
3 2 5 24
4 2 -3 28
4 2 -1 28
4 2 1 28
4 2 3 28
-4 3 -3 23
-4 3 -1 23
-4 3 1 23
-4 3 3 23
-3 3 -5 3
-3 3 -4 3
-3 3 -3 4
-3 3 -2 25
-3 3 -1 5
-3 3 0 2
-3 3 1 3
-3 3 2 25
-3 3 3 3
-3 3 4 3
-3 3 5 3
-2 3 -5 3
-2 3 -4 11
-2 3 -3 11
-2 3 -2 11
-2 3 -1 11
-2 3 0 13
-2 3 1 11
-2 3 2 11
-2 3 3 11
-2 3 4 11
-2 3 5 3
-1 3 -5 2
-1 3 -4 11
-1 3 -3 11
-1 3 -2 11
-1 3 -1 29
-1 3 0 29
-1 3 1 29
-1 3 2 11
-1 3 3 11
-1 3 4 11
-1 3 5 30
0 3 -5 4
0 3 -4 11
0 3 -3 11
0 3 -2 11
0 3 -1 11
0 3 0 31
0 3 1 11
0 3 2 11
0 3 3 11
0 3 4 11
0 3 5 30
0 3 6 32
1 3 -5 2
1 3 -4 11
1 3 -3 11
1 3 -2 11
1 3 -1 11
1 3 0 11
1 3 1 11
1 3 2 11
1 3 3 11
1 3 4 11
1 3 5 30
2 3 -5 5
2 3 -4 11
2 3 -3 11
2 3 -2 11
2 3 -1 11
2 3 0 11
2 3 1 11
2 3 2 11
2 3 3 11
2 3 4 11
2 3 5 4
2 3 6 31
3 3 -5 3
3 3 -4 2
3 3 -3 3
3 3 -2 25
3 3 -1 3
3 3 0 4
3 3 1 5
3 3 2 25
3 3 3 4
3 3 4 3
3 3 5 3
4 3 -3 28
4 3 -1 28
4 3 1 28
4 3 3 28
-4 4 -2 33
-4 4 2 33
-3 4 -5 16
-3 4 -4 34
-3 4 -3 34
-3 4 -2 34
-3 4 -1 34
-3 4 0 34
-3 4 1 34
-3 4 2 34
-3 4 3 34
-3 4 4 34
-3 4 5 34
-3 4 6 16
-2 4 -6 35
-2 4 -5 30
-2 4 -4 7
-2 4 -3 7
-2 4 -2 7
-2 4 -1 7
-2 4 0 13
-2 4 1 7
-2 4 2 7
-2 4 3 7
-2 4 4 7
-2 4 5 7
-2 4 6 36
-1 4 -5 30
-1 4 -4 7
-1 4 -3 7
-1 4 -2 7
-1 4 -1 7
-1 4 0 7
-1 4 1 7
-1 4 2 7
-1 4 3 7
-1 4 4 7
-1 4 5 7
-1 4 6 37
0 4 -5 30
0 4 -4 7
0 4 -3 7
0 4 -2 7
0 4 -1 7
0 4 0 7
0 4 1 7
0 4 2 7
0 4 3 7
0 4 4 7
0 4 5 7
0 4 6 36
1 4 -5 30
1 4 -4 7
1 4 -3 7
1 4 -2 7
1 4 -1 7
1 4 0 7
1 4 1 7
1 4 2 7
1 4 3 7
1 4 4 7
1 4 5 7
1 4 6 37
2 4 -6 35
2 4 -5 30
2 4 -4 7
2 4 -3 7
2 4 -2 7
2 4 -1 7
2 4 0 7
2 4 1 7
2 4 2 7
2 4 3 7
2 4 4 7
2 4 5 7
2 4 6 36
3 4 -5 16
3 4 -4 34
3 4 -3 34
3 4 -2 34
3 4 -1 34
3 4 0 34
3 4 1 34
3 4 2 34
3 4 3 34
3 4 4 34
3 4 5 34
3 4 6 16
4 4 -2 33
4 4 2 33
-4 5 -2 9
-4 5 2 9
-3 5 -5 16
-3 5 -4 16
-3 5 -3 38
-3 5 -2 38
-3 5 -1 38
-3 5 0 16
-3 5 1 38
-3 5 2 39
-3 5 3 39
-3 5 4 16
-3 5 5 38
-3 5 6 16
-2 5 -5 38
-2 5 -4 11
-2 5 -3 11
-2 5 -2 11
-2 5 -1 11
-2 5 0 13
-2 5 1 40
-2 5 2 11
-2 5 3 11
-2 5 4 11
-2 5 5 11
-2 5 6 39
-1 5 -5 38
-1 5 -4 11
-1 5 -3 11
-1 5 -2 11
-1 5 -1 41
-1 5 0 11
-1 5 1 41
-1 5 2 11
-1 5 3 11
-1 5 4 11
-1 5 5 11
-1 5 6 38
0 5 -5 16
0 5 -4 12
0 5 -3 11
0 5 -2 11
0 5 -1 41
0 5 0 41
0 5 1 41
0 5 2 11
0 5 3 11
0 5 4 11
0 5 5 10
0 5 6 16
1 5 -5 38
1 5 -4 11
1 5 -3 42
1 5 -2 11
1 5 -1 41
1 5 0 41
1 5 1 41
1 5 2 11
1 5 3 42
1 5 4 11
1 5 5 11
1 5 6 39
2 5 -5 39
2 5 -4 11
2 5 -3 43
2 5 -2 12
2 5 -1 11
2 5 0 11
2 5 1 11
2 5 2 11
2 5 3 43
2 5 4 12
2 5 5 11
2 5 6 38
3 5 -5 16
3 5 -4 16
3 5 -3 39
3 5 -2 38
3 5 -1 38
3 5 0 16
3 5 1 38
3 5 2 39
3 5 3 38
3 5 4 16
3 5 5 39
3 5 6 16
4 5 -2 22
4 5 2 22
-4 6 -3 23
-4 6 -1 23
-4 6 1 23
-4 6 3 23
-3 6 -5 16
-3 6 -4 16
-3 6 -3 38
-3 6 -2 25
-3 6 -1 38
-3 6 0 16
-3 6 1 38
-3 6 2 25
-3 6 3 38
-3 6 4 16
-3 6 5 38
-3 6 6 16
-2 6 -5 38
-2 6 -4 11
-2 6 -3 11
-2 6 -2 11
-2 6 -1 11
-2 6 0 24
-2 6 1 11
-2 6 2 11
-2 6 3 11
-2 6 4 11
-2 6 5 11
-2 6 6 38
-1 6 -5 38
-1 6 -4 11
-1 6 -3 11
-1 6 -2 11
-1 6 -1 11
-1 6 0 11
-1 6 1 11
-1 6 2 11
-1 6 3 11
-1 6 4 11
-1 6 5 11
-1 6 6 38
0 6 -5 16
0 6 -4 11
0 6 -3 11
0 6 -2 11
0 6 -1 11
0 6 0 11
0 6 1 11
0 6 2 11
0 6 3 11
0 6 4 11
0 6 5 11
0 6 6 16
1 6 -5 38
1 6 -4 11
1 6 -3 11
1 6 -2 11
1 6 -1 11
1 6 0 11
1 6 1 11
1 6 2 11
1 6 3 11
1 6 4 11
1 6 5 11
1 6 6 39
2 6 -5 38
2 6 -4 11
2 6 -3 11
2 6 -2 44
2 6 -1 11
2 6 0 11
2 6 1 11
2 6 2 11
2 6 3 11
2 6 4 44
2 6 5 11
2 6 6 38
3 6 -5 16
3 6 -4 16
3 6 -3 38
3 6 -2 25
3 6 -1 38
3 6 0 16
3 6 1 38
3 6 2 25
3 6 3 38
3 6 4 16
3 6 5 39
3 6 6 16
4 6 1 28
4 6 3 28
-4 7 -3 23
-4 7 -1 23
-4 7 1 23
-4 7 3 23
-3 7 -5 16
-3 7 -4 16
-3 7 -3 38
-3 7 -2 25
-3 7 -1 38
-3 7 0 16
-3 7 1 38
-3 7 2 25
-3 7 3 38
-3 7 4 16
-3 7 5 38
-3 7 6 16
-2 7 -5 39
-2 7 -4 11
-2 7 -3 11
-2 7 -2 11
-2 7 -1 11
-2 7 0 13
-2 7 1 11
-2 7 2 11
-2 7 3 11
-2 7 4 11
-2 7 5 11
-2 7 6 38
-1 7 -5 38
-1 7 -4 11
-1 7 -3 11
-1 7 -2 11
-1 7 -1 11
-1 7 0 11
-1 7 1 11
-1 7 2 11
-1 7 3 11
-1 7 4 11
-1 7 5 11
-1 7 6 38
0 7 -5 16
0 7 -4 11
0 7 -3 11
0 7 -2 11
0 7 -1 11
0 7 0 31
0 7 1 11
0 7 2 11
0 7 3 11
0 7 4 11
0 7 5 11
0 7 6 16
1 7 -5 38
1 7 -4 11
1 7 -3 11
1 7 -2 11
1 7 -1 11
1 7 0 11
1 7 1 11
1 7 2 11
1 7 3 11
1 7 4 11
1 7 5 11
1 7 6 38
2 7 -5 38
2 7 -4 11
2 7 -3 11
2 7 -2 11
2 7 -1 11
2 7 0 11
2 7 1 11
2 7 2 11
2 7 3 11
2 7 4 11
2 7 5 11
2 7 6 38
3 7 -5 16
3 7 -4 16
3 7 -3 38
3 7 -2 25
3 7 -1 38
3 7 0 16
3 7 1 38
3 7 2 25
3 7 3 38
3 7 4 16
3 7 5 39
3 7 6 16
4 7 1 28
4 7 3 28
-4 8 -2 33
-4 8 2 33
-3 8 -5 16
-3 8 -4 34
-3 8 -3 34
-3 8 -2 34
-3 8 -1 34
-3 8 0 34
-3 8 1 34
-3 8 2 34
-3 8 3 34
-3 8 4 34
-3 8 5 34
-3 8 6 16
-2 8 -6 35
-2 8 -5 30
-2 8 -4 7
-2 8 -3 7
-2 8 -2 7
-2 8 -1 7
-2 8 0 13
-2 8 1 7
-2 8 2 7
-2 8 3 7
-2 8 4 7
-2 8 5 7
-2 8 6 30
-2 8 7 35
-1 8 -5 30
-1 8 -4 7
-1 8 -3 7
-1 8 -2 7
-1 8 -1 7
-1 8 0 7
-1 8 1 7
-1 8 2 7
-1 8 3 7
-1 8 4 7
-1 8 5 7
-1 8 6 30
0 8 -5 30
0 8 -4 7
0 8 -3 7
0 8 -2 7
0 8 -1 7
0 8 0 7
0 8 1 7
0 8 2 7
0 8 3 7
0 8 4 7
0 8 5 7
0 8 6 30
1 8 -5 30
1 8 -4 7
1 8 -3 7
1 8 -2 7
1 8 -1 7
1 8 0 7
1 8 1 7
1 8 2 7
1 8 3 7
1 8 4 7
1 8 5 7
1 8 6 30
2 8 -6 35
2 8 -5 30
2 8 -4 7
2 8 -3 7
2 8 -2 7
2 8 -1 7
2 8 0 7
2 8 1 7
2 8 2 7
2 8 3 7
2 8 4 7
2 8 5 7
2 8 6 30
2 8 7 35
3 8 -5 16
3 8 -4 34
3 8 -3 34
3 8 -2 34
3 8 -1 34
3 8 0 34
3 8 1 34
3 8 2 34
3 8 3 34
3 8 4 34
3 8 5 34
3 8 6 16
4 8 -2 33
4 8 2 33
-4 9 -2 9
-4 9 2 9
-3 9 -5 16
-3 9 -4 16
-3 9 -3 38
-3 9 -2 39
-3 9 -1 38
-3 9 0 16
-3 9 1 38
-3 9 2 38
-3 9 3 38
-3 9 4 16
-3 9 5 38
-3 9 6 16
-2 9 -5 38
-2 9 -4 11
-2 9 -3 12
-2 9 -2 45
-2 9 -1 11
-2 9 0 13
-2 9 1 11
-2 9 2 11
-2 9 3 11
-2 9 4 11
-2 9 5 10
-2 9 6 38
-1 9 -5 38
-1 9 -4 11
-1 9 -3 11
-1 9 -2 46
-1 9 -1 41
-1 9 0 11
-1 9 1 41
-1 9 2 11
-1 9 3 11
-1 9 4 47
-1 9 5 48
-1 9 6 38
0 9 -5 16
0 9 -4 11
0 9 -3 11
0 9 -2 11
0 9 -1 41
0 9 0 41
0 9 1 41
0 9 2 11
0 9 3 11
0 9 4 11
0 9 5 12
0 9 6 16
1 9 -5 38
1 9 -4 11
1 9 -3 11
1 9 -2 11
1 9 -1 41
1 9 0 41
1 9 1 41
1 9 2 11
1 9 3 11
1 9 4 11
1 9 5 11
1 9 6 38
2 9 -5 38
2 9 -4 11
2 9 -3 11
2 9 -2 11
2 9 -1 11
2 9 0 11
2 9 1 12
2 9 2 19
2 9 3 11
2 9 4 11
2 9 5 11
2 9 6 38
3 9 -5 16
3 9 -4 16
3 9 -3 38
3 9 -2 38
3 9 -1 38
3 9 0 16
3 9 1 38
3 9 2 38
3 9 3 38
3 9 4 16
3 9 5 38
3 9 6 16
4 9 -2 22
4 9 2 22
-4 10 -3 23
-4 10 -1 23
-3 10 -5 16
-3 10 -4 16
-3 10 -3 38
-3 10 -2 25
-3 10 -1 38
-3 10 0 16
-3 10 1 39
-3 10 2 25
-3 10 3 38
-3 10 4 16
-3 10 5 38
-3 10 6 16
-2 10 -5 38
-2 10 -4 11
-2 10 -3 44
-2 10 -2 11
-2 10 -1 11
-2 10 0 13
-2 10 1 11
-2 10 2 11
-2 10 3 11
-2 10 4 11
-2 10 5 11
-2 10 6 38
-1 10 -5 38
-1 10 -4 11
-1 10 -3 11
-1 10 -2 11
-1 10 -1 11
-1 10 0 11
-1 10 1 11
-1 10 2 11
-1 10 3 11
-1 10 4 11
-1 10 5 11
-1 10 6 38
0 10 -5 16
0 10 -4 11
0 10 -3 11
0 10 -2 11
0 10 -1 11
0 10 0 11
0 10 1 11
0 10 2 11
0 10 3 11
0 10 4 11
0 10 5 44
0 10 6 16
1 10 -5 38
1 10 -4 11
1 10 -3 11
1 10 -2 11
1 10 -1 11
1 10 0 11
1 10 1 11
1 10 2 11
1 10 3 11
1 10 4 11
1 10 5 11
1 10 6 38
2 10 -5 38
2 10 -4 11
2 10 -3 11
2 10 -2 11
2 10 -1 11
2 10 0 11
2 10 1 11
2 10 2 11
2 10 3 11
2 10 4 11
2 10 5 11
2 10 6 38
3 10 -5 16
3 10 -4 16
3 10 -3 38
3 10 -2 25
3 10 -1 39
3 10 0 16
3 10 1 38
3 10 2 25
3 10 3 38
3 10 4 16
3 10 5 38
3 10 6 16
4 10 1 28
4 10 3 28
-4 11 -3 23
-4 11 -1 23
-3 11 -5 16
-3 11 -4 16
-3 11 -3 39
-3 11 -2 25
-3 11 -1 38
-3 11 0 16
-3 11 1 38
-3 11 2 25
-3 11 3 38
-3 11 4 16
-3 11 5 38
-3 11 6 16
-2 11 -5 38
-2 11 -4 11
-2 11 -3 11
-2 11 -2 11
-2 11 -1 11
-2 11 0 13
-2 11 1 11
-2 11 2 11
-2 11 3 11
-2 11 4 11
-2 11 5 11
-2 11 6 38
-1 11 -5 38
-1 11 -4 11
-1 11 -3 11
-1 11 -2 11
-1 11 -1 11
-1 11 0 11
-1 11 1 11
-1 11 2 11
-1 11 3 11
-1 11 4 11
-1 11 5 11
-1 11 6 38
0 11 -5 16
0 11 -4 11
0 11 -3 11
0 11 -2 11
0 11 -1 11
0 11 0 31
0 11 1 11
0 11 2 11
0 11 3 11
0 11 4 11
0 11 5 11
0 11 6 16
1 11 -5 38
1 11 -4 11
1 11 -3 11
1 11 -2 11
1 11 -1 11
1 11 0 11
1 11 1 11
1 11 2 11
1 11 3 11
1 11 4 11
1 11 5 11
1 11 6 38
2 11 -5 39
2 11 -4 11
2 11 -3 11
2 11 -2 11
2 11 -1 11
2 11 0 11
2 11 1 11
2 11 2 11
2 11 3 11
2 11 4 11
2 11 5 11
2 11 6 38
3 11 -5 16
3 11 -4 16
3 11 -3 38
3 11 -2 25
3 11 -1 38
3 11 0 16
3 11 1 38
3 11 2 25
3 11 3 39
3 11 4 16
3 11 5 38
3 11 6 16
4 11 1 28
4 11 3 28
-4 12 -2 33
-4 12 2 33
-3 12 -5 16
-3 12 -4 34
-3 12 -3 34
-3 12 -2 34
-3 12 -1 34
-3 12 0 34
-3 12 1 34
-3 12 2 34
-3 12 3 34
-3 12 4 34
-3 12 5 34
-3 12 6 16
-2 12 -6 35
-2 12 -5 30
-2 12 -4 7
-2 12 -3 7
-2 12 -2 7
-2 12 -1 7
-2 12 0 13
-2 12 1 7
-2 12 2 7
-2 12 3 7
-2 12 4 7
-2 12 5 7
-2 12 6 30
-2 12 7 35
-1 12 -5 30
-1 12 -4 7
-1 12 -3 7
-1 12 -2 7
-1 12 -1 7
-1 12 0 7
-1 12 1 7
-1 12 2 7
-1 12 3 7
-1 12 4 7
-1 12 5 7
-1 12 6 30
0 12 -5 30
0 12 -4 7
0 12 -3 7
0 12 -2 7
0 12 -1 7
0 12 0 7
0 12 1 7
0 12 2 7
0 12 3 7
0 12 4 7
0 12 5 7
0 12 6 30
1 12 -5 30
1 12 -4 7
1 12 -3 7
1 12 -2 7
1 12 -1 7
1 12 0 7
1 12 1 7
1 12 2 7
1 12 3 7
1 12 4 7
1 12 5 7
1 12 6 30
2 12 -6 35
2 12 -5 30
2 12 -4 7
2 12 -3 7
2 12 -2 7
2 12 -1 7
2 12 0 7
2 12 1 7
2 12 2 7
2 12 3 7
2 12 4 7
2 12 5 7
2 12 6 30
2 12 7 35
3 12 -5 16
3 12 -4 34
3 12 -3 34
3 12 -2 34
3 12 -1 34
3 12 0 34
3 12 1 34
3 12 2 34
3 12 3 34
3 12 4 34
3 12 5 34
3 12 6 16
4 12 -2 33
4 12 2 33
-4 13 -2 9
-4 13 2 9
-3 13 -5 16
-3 13 -4 16
-3 13 -3 38
-3 13 -2 38
-3 13 -1 38
-3 13 0 16
-3 13 1 38
-3 13 2 38
-3 13 3 38
-3 13 4 16
-3 13 5 38
-3 13 6 16
-2 13 -5 39
-2 13 -4 11
-2 13 -3 12
-2 13 -2 12
-2 13 -1 11
-2 13 0 24
-2 13 1 12
-2 13 2 11
-2 13 3 11
-2 13 4 11
-2 13 5 11
-2 13 6 38
-1 13 -5 38
-1 13 -4 12
-1 13 -3 11
-1 13 -2 11
-1 13 -1 11
-1 13 0 11
-1 13 1 11
-1 13 2 11
-1 13 3 11
-1 13 4 11
-1 13 5 11
-1 13 6 38
0 13 -5 16
0 13 -4 11
0 13 -3 11
0 13 -2 11
0 13 -1 11
0 13 0 11
0 13 1 11
0 13 2 11
0 13 3 11
0 13 4 11
0 13 5 11
0 13 6 16
1 13 -5 38
1 13 -4 11
1 13 -3 11
1 13 -2 11
1 13 -1 11
1 13 0 11
1 13 1 11
1 13 2 11
1 13 3 11
1 13 4 11
1 13 5 11
1 13 6 39
2 13 -5 38
2 13 -4 11
2 13 -3 11
2 13 -2 11
2 13 -1 11
2 13 0 11
2 13 1 12
2 13 2 12
2 13 3 11
2 13 4 12
2 13 5 12
2 13 6 38
3 13 -5 16
3 13 -4 16
3 13 -3 38
3 13 -2 39
3 13 -1 38
3 13 0 16
3 13 1 38
3 13 2 38
3 13 3 38
3 13 4 16
3 13 5 38
3 13 6 16
4 13 -2 22
4 13 2 22
-4 14 -3 23
-4 14 -1 23
-4 14 1 23
-4 14 3 23
-3 14 -5 16
-3 14 -4 16
-3 14 -3 38
-3 14 -2 25
-3 14 -1 39
-3 14 0 16
-3 14 1 38
-3 14 2 25
-3 14 3 38
-3 14 4 16
-3 14 5 38
-3 14 6 16
-2 14 -5 38
-2 14 -4 11
-2 14 -3 11
-2 14 -2 11
-2 14 -1 11
-2 14 0 13
-2 14 1 11
-2 14 2 11
-2 14 3 11
-2 14 4 11
-2 14 5 11
-2 14 6 39
-1 14 -5 38
-1 14 -4 11
-1 14 -3 11
-1 14 -2 11
-1 14 -1 11
-1 14 0 11
-1 14 1 11
-1 14 2 11
-1 14 3 11
-1 14 4 11
-1 14 5 11
-1 14 6 38
0 14 -5 16
0 14 -4 11
0 14 -3 11
0 14 -2 11
0 14 -1 11
0 14 0 11
0 14 1 11
0 14 2 11
0 14 3 11
0 14 4 11
0 14 5 11
0 14 6 16
1 14 -5 38
1 14 -4 11
1 14 -3 11
1 14 -2 11
1 14 -1 11
1 14 0 11
1 14 1 11
1 14 2 11
1 14 3 11
1 14 4 11
1 14 5 11
1 14 6 38
2 14 -5 38
2 14 -4 11
2 14 -3 11
2 14 -2 11
2 14 -1 11
2 14 0 11
2 14 1 11
2 14 2 11
2 14 3 11
2 14 4 11
2 14 5 11
2 14 6 38
3 14 -5 16
3 14 -4 16
3 14 -3 38
3 14 -2 25
3 14 -1 38
3 14 0 16
3 14 1 39
3 14 2 25
3 14 3 38
3 14 4 16
3 14 5 38
3 14 6 16
-4 15 -3 23
-4 15 -1 23
-4 15 1 23
-4 15 3 23
-3 15 -5 16
-3 15 -4 16
-3 15 -3 38
-3 15 -2 25
-3 15 -1 38
-3 15 0 16
-3 15 1 38
-3 15 2 25
-3 15 3 38
-3 15 4 16
-3 15 5 38
-3 15 6 16
-2 15 -5 38
-2 15 -4 11
-2 15 -3 11
-2 15 -2 11
-2 15 -1 11
-2 15 0 24
-2 15 1 11
-2 15 2 11
-2 15 3 11
-2 15 4 11
-2 15 5 11
-2 15 6 38
-1 15 -5 38
-1 15 -4 11
-1 15 -3 11
-1 15 -2 11
-1 15 -1 11
-1 15 0 11
-1 15 1 11
-1 15 2 11
-1 15 3 11
-1 15 4 11
-1 15 5 11
-1 15 6 38
0 15 -5 16
0 15 -4 11
0 15 -3 11
0 15 -2 11
0 15 -1 11
0 15 0 31
0 15 1 11
0 15 2 11
0 15 3 11
0 15 4 11
0 15 5 11
0 15 6 16
1 15 -5 38
1 15 -4 11
1 15 -3 11
1 15 -2 11
1 15 -1 11
1 15 0 11
1 15 1 11
1 15 2 11
1 15 3 11
1 15 4 11
1 15 5 11
1 15 6 38
2 15 -5 38
2 15 -4 11
2 15 -3 11
2 15 -2 11
2 15 -1 11
2 15 0 11
2 15 1 11
2 15 2 11
2 15 3 11
2 15 4 11
2 15 5 11
2 15 6 38
3 15 -5 16
3 15 -4 16
3 15 -3 38
3 15 -2 25
3 15 -1 38
3 15 0 16
3 15 1 38
3 15 2 25
3 15 3 38
3 15 4 16
3 15 5 38
3 15 6 16
-4 16 -6 49
-4 16 -5 50
-4 16 -4 50
-4 16 -3 50
-4 16 -2 50
-4 16 -1 50
-4 16 0 50
-4 16 1 49
-4 16 2 50
-4 16 3 50
-4 16 4 50
-4 16 5 50
-4 16 6 49
-4 16 7 50
-3 16 -5 16
-3 16 -4 34
-3 16 -3 34
-3 16 -2 34
-3 16 -1 34
-3 16 0 34
-3 16 1 34
-3 16 2 34
-3 16 3 34
-3 16 4 34
-3 16 5 34
-3 16 6 16
-2 16 -5 30
-2 16 0 13
-2 16 6 30
-1 16 -5 30
-1 16 6 30
0 16 -5 30
0 16 6 30
1 16 -5 30
1 16 6 30
2 16 -5 30
2 16 6 30
3 16 -5 16
3 16 -4 34
3 16 -3 34
3 16 -2 34
3 16 -1 34
3 16 0 34
3 16 1 34
3 16 2 34
3 16 3 34
3 16 4 34
3 16 5 34
3 16 6 16
4 16 -6 51
4 16 -5 51
4 16 -4 51
4 16 -3 51
4 16 -2 51
4 16 -1 51
4 16 0 51
4 16 1 51
4 16 2 51
4 16 3 51
4 16 4 51
4 16 5 51
4 16 6 51
4 16 7 51
-3 17 -6 50
-3 17 -5 49
-3 17 -4 50
-3 17 -3 49
-3 17 -2 50
-3 17 -1 50
-3 17 0 50
-3 17 1 50
-3 17 2 50
-3 17 3 50
-3 17 4 50
-3 17 5 50
-3 17 6 49
-3 17 7 50
-2 17 -5 38
-2 17 -4 11
-2 17 -3 11
-2 17 -2 11
-2 17 -1 11
-2 17 0 13
-2 17 1 11
-2 17 2 11
-2 17 3 11
-2 17 4 11
-2 17 5 11
-2 17 6 38
-1 17 -5 38
-1 17 -4 11
-1 17 -3 11
-1 17 -2 11
-1 17 -1 11
-1 17 0 11
-1 17 1 11
-1 17 2 11
-1 17 3 11
-1 17 4 11
-1 17 5 11
-1 17 6 38
0 17 -5 16
0 17 -4 11
0 17 -3 11
0 17 -2 11
0 17 -1 11
0 17 0 11
0 17 1 11
0 17 2 11
0 17 3 11
0 17 4 11
0 17 5 11
0 17 6 16
1 17 -5 38
1 17 -4 11
1 17 -3 11
1 17 -2 11
1 17 -1 11
1 17 0 11
1 17 1 11
1 17 2 11
1 17 3 11
1 17 4 11
1 17 5 11
1 17 6 38
2 17 -5 38
2 17 -4 11
2 17 -3 11
2 17 -2 11
2 17 -1 11
2 17 0 11
2 17 1 11
2 17 2 11
2 17 3 11
2 17 4 11
2 17 5 11
2 17 6 38
3 17 -6 51
3 17 -5 51
3 17 -4 52
3 17 -3 51
3 17 -2 51
3 17 -1 51
3 17 0 51
3 17 1 51
3 17 2 51
3 17 3 52
3 17 4 51
3 17 5 52
3 17 6 52
3 17 7 51
-2 18 -6 50
-2 18 -5 49
-2 18 -4 49
-2 18 -3 50
-2 18 -2 50
-2 18 -1 50
-2 18 0 13
-2 18 1 50
-2 18 2 50
-2 18 3 50
-2 18 4 50
-2 18 5 50
-2 18 6 50
-2 18 7 50
-1 18 -5 38
-1 18 -4 11
-1 18 -3 11
-1 18 -2 11
-1 18 -1 11
-1 18 0 11
-1 18 1 11
-1 18 2 11
-1 18 3 11
-1 18 4 11
-1 18 5 11
-1 18 6 38
0 18 -5 53
0 18 -4 11
0 18 -3 11
0 18 -2 11
0 18 -1 11
0 18 0 11
0 18 1 11
0 18 2 11
0 18 3 11
0 18 4 11
0 18 5 11
0 18 6 53
1 18 -5 38
1 18 -4 11
1 18 -3 11
1 18 -2 11
1 18 -1 11
1 18 0 11
1 18 1 11
1 18 2 11
1 18 3 11
1 18 4 11
1 18 5 11
1 18 6 38
2 18 -6 51
2 18 -5 51
2 18 -4 51
2 18 -3 51
2 18 -2 51
2 18 -1 52
2 18 0 51
2 18 1 51
2 18 2 51
2 18 3 51
2 18 4 51
2 18 5 51
2 18 6 51
2 18 7 51
-2 19 0 13
-1 19 -6 49
-1 19 -5 50
-1 19 -4 50
-1 19 -3 50
-1 19 -2 50
-1 19 -1 50
-1 19 0 50
-1 19 1 50
-1 19 2 49
-1 19 3 50
-1 19 4 50
-1 19 5 50
-1 19 6 50
-1 19 7 50
0 19 -6 7
0 19 -5 16
0 19 -4 7
0 19 -3 7
0 19 -2 7
0 19 -1 7
0 19 0 7
0 19 1 7
0 19 2 7
0 19 3 7
0 19 4 7
0 19 5 7
0 19 6 16
0 19 7 7
1 19 -6 51
1 19 -5 51
1 19 -4 52
1 19 -3 51
1 19 -2 51
1 19 -1 51
1 19 0 52
1 19 1 51
1 19 2 51
1 19 3 51
1 19 4 51
1 19 5 51
1 19 6 51
1 19 7 51
-2 20 0 24
0 20 -6 54
0 20 -5 54
0 20 -4 54
0 20 -3 54
0 20 -2 54
0 20 -1 54
0 20 0 54
0 20 1 54
0 20 2 54
0 20 3 54
0 20 4 54
0 20 5 54
0 20 6 54
0 20 7 54
-2 21 0 13
-2 22 0 24
-2 23 0 14
