core 0 1 5
P minecraft:stone_bricks
P minecraft:oak_planks
P minecraft:polished_andesite
P minecraft:ladder[facing=south,waterlogged=false]
P minecraft:air
P minecraft:crafting_table
P minecraft:spruce_door[facing=north,half=lower,hinge=left,open=false,powered=false]
P minecraft:lantern[hanging=false,waterlogged=false]
P minecraft:glass_pane[east=false,north=true,south=true,waterlogged=false,west=false]
P minecraft:glass_pane[east=true,north=false,south=false,waterlogged=false,west=true]
P minecraft:spruce_door[facing=north,half=upper,hinge=left,open=false,powered=false]
P minecraft:oak_slab[type=top,waterlogged=false]
P minecraft:spruce_slab[type=top,waterlogged=false]
P minecraft:stripped_spruce_log[axis=y]
P minecraft:light_gray_concrete
P minecraft:chest[facing=east,type=single,waterlogged=false]
P minecraft:potted_red_tulip
P minecraft:dark_oak_fence[east=false,north=true,south=false,waterlogged=false,west=false]
P minecraft:blue_bed[facing=north,occupied=false,part=head]
P minecraft:blue_bed[facing=north,occupied=false,part=foot]
P minecraft:spruce_door[facing=south,half=lower,hinge=left,open=false,powered=false]
P minecraft:blue_carpet
P minecraft:spruce_door[facing=south,half=upper,hinge=left,open=false,powered=false]
P minecraft:stripped_spruce_log[axis=z]
P minecraft:stripped_spruce_log[axis=x]
P minecraft:bricks
P minecraft:glass_pane[east=false,north=true,south=true,waterlogged=false,west=true]
P minecraft:deepslate_tile_stairs[facing=south,half=bottom,shape=straight,waterlogged=false]
P minecraft:deepslate_tile_stairs[facing=north,half=bottom,shape=straight,waterlogged=false]
P minecraft:deepslate_tiles
P minecraft:deepslate_tile_slab[type=bottom,waterlogged=false]
P minecraft:campfire[facing=north,lit=true,signal_fire=false,waterlogged=false]
-3 0 -4 0
-3 0 -3 0
-3 0 -2 0
-3 0 -1 0
-3 0 0 0
-3 0 1 0
-3 0 2 0
-3 0 3 0
-3 0 4 0
-2 0 -4 0
-2 0 -3 1
-2 0 -2 1
-2 0 -1 1
-2 0 0 1
-2 0 1 1
-2 0 2 1
-2 0 3 1
-2 0 4 0
-1 0 -4 0
-1 0 -3 1
-1 0 -2 1
-1 0 -1 1
-1 0 0 1
-1 0 1 1
-1 0 2 1
-1 0 3 1
-1 0 4 0
0 0 -4 0
0 0 -3 1
0 0 -2 1
0 0 -1 1
0 0 0 1
0 0 1 1
0 0 2 1
0 0 3 1
0 0 4 0
1 0 -4 0
1 0 -3 1
1 0 -2 1
1 0 -1 1
1 0 0 1
1 0 1 1
1 0 2 1
1 0 3 1
1 0 4 0
2 0 -4 0
2 0 -3 1
2 0 -2 1
2 0 -1 1
2 0 0 1
2 0 1 1
2 0 2 1
2 0 3 1
2 0 4 0
3 0 -4 0
3 0 -3 0
3 0 -2 0
3 0 -1 0
3 0 0 0
3 0 1 0
3 0 2 0
3 0 3 0
3 0 4 0
-3 1 -4 2
-3 1 -3 0
-3 1 -2 0
-3 1 -1 0
-3 1 0 0
-3 1 1 0
-3 1 2 0
-3 1 3 0
-3 1 4 2
-2 1 -4 0
-2 1 -3 3
-2 1 -2 4
-2 1 -1 4
-2 1 0 4
-2 1 1 4
-2 1 2 4
-2 1 3 5
-2 1 4 0
-1 1 -4 0
-1 1 -3 4
-1 1 -2 4
-1 1 -1 4
-1 1 0 4
-1 1 1 4
-1 1 2 4
-1 1 3 4
-1 1 4 0
0 1 -4 0
0 1 -3 4
0 1 -2 4
0 1 -1 4
0 1 0 4
0 1 1 4
0 1 2 4
0 1 3 4
0 1 4 6
1 1 -4 0
1 1 -3 4
1 1 -2 4
1 1 -1 4
1 1 0 4
1 1 1 4
1 1 2 4
1 1 3 4
1 1 4 0
2 1 -4 0
2 1 -3 4
2 1 -2 4
2 1 -1 4
2 1 0 4
2 1 1 4
2 1 2 4
2 1 3 7
2 1 4 0
3 1 -4 2
3 1 -3 0
3 1 -2 0
3 1 -1 0
3 1 0 0
3 1 1 0
3 1 2 0
3 1 3 0
3 1 4 2
-3 2 -4 2
-3 2 -3 8
-3 2 -2 0
-3 2 -1 8
-3 2 0 0
-3 2 1 8
-3 2 2 0
-3 2 3 8
-3 2 4 2
-2 2 -4 9
-2 2 -3 3
-2 2 -2 4
-2 2 -1 4
-2 2 0 4
-2 2 1 4
-2 2 2 4
-2 2 3 4
-2 2 4 9
-1 2 -4 0
-1 2 -3 4
-1 2 -2 4
-1 2 -1 4
-1 2 0 4
-1 2 1 4
-1 2 2 4
-1 2 3 4
-1 2 4 0
0 2 -4 9
0 2 -3 4
0 2 -2 4
0 2 -1 4
0 2 0 4
0 2 1 4
0 2 2 4
0 2 3 4
0 2 4 10
1 2 -4 0
1 2 -3 4
1 2 -2 4
1 2 -1 4
1 2 0 4
1 2 1 4
1 2 2 4
1 2 3 4
1 2 4 0
2 2 -4 9
2 2 -3 4
2 2 -2 4
2 2 -1 4
2 2 0 4
2 2 1 4
2 2 2 4
2 2 3 4
2 2 4 9
3 2 -4 2
3 2 -3 8
3 2 -2 0
3 2 -1 8
3 2 0 0
3 2 1 8
3 2 2 0
3 2 3 8
3 2 4 2
-3 3 -4 2
-3 3 -3 0
-3 3 -2 0
-3 3 -1 0
-3 3 0 0
-3 3 1 0
-3 3 2 0
-3 3 3 0
-3 3 4 2
-2 3 -4 0
-2 3 -3 3
-2 3 -2 4
-2 3 -1 4
-2 3 0 4
-2 3 1 4
-2 3 2 4
-2 3 3 4
-2 3 4 0
-1 3 -4 0
-1 3 -3 4
-1 3 -2 4
-1 3 -1 4
-1 3 0 4
-1 3 1 4
-1 3 2 4
-1 3 3 4
-1 3 4 0
0 3 -4 0
0 3 -3 4
0 3 -2 4
0 3 -1 4
0 3 0 4
0 3 1 4
0 3 2 4
0 3 3 4
0 3 4 0
1 3 -4 0
1 3 -3 4
1 3 -2 4
1 3 -1 4
1 3 0 4
1 3 1 4
1 3 2 4
1 3 3 4
1 3 4 0
2 3 -4 0
2 3 -3 4
2 3 -2 4
2 3 -1 4
2 3 0 4
2 3 1 4
2 3 2 4
2 3 3 4
2 3 4 0
3 3 -4 2
3 3 -3 0
3 3 -2 0
3 3 -1 0
3 3 0 0
3 3 1 0
3 3 2 0
3 3 3 0
3 3 4 2
-3 4 -4 2
-3 4 -3 0
-3 4 -2 0
-3 4 -1 0
-3 4 0 0
-3 4 1 0
-3 4 2 0
-3 4 3 0
-3 4 4 2
-2 4 -4 0
-2 4 -3 3
-2 4 -2 1
-2 4 -1 1
-2 4 0 1
-2 4 1 1
-2 4 2 1
-2 4 3 1
-2 4 4 0
-1 4 -4 0
-1 4 -3 1
-1 4 -2 1
-1 4 -1 1
-1 4 0 1
-1 4 1 1
-1 4 2 1
-1 4 3 1
-1 4 4 0
-1 4 5 11
0 4 -4 0
0 4 -3 1
0 4 -2 1
0 4 -1 1
0 4 0 1
0 4 1 1
0 4 2 1
0 4 3 1
0 4 4 0
0 4 5 12
1 4 -4 0
1 4 -3 1
1 4 -2 1
1 4 -1 1
1 4 0 1
1 4 1 1
1 4 2 1
1 4 3 1
1 4 4 0
1 4 5 11
2 4 -4 0
2 4 -3 1
2 4 -2 1
2 4 -1 1
2 4 0 1
2 4 1 1
2 4 2 1
2 4 3 1
2 4 4 0
3 4 -4 2
3 4 -3 0
3 4 -2 0
3 4 -1 0
3 4 0 0
3 4 1 0
3 4 2 0
3 4 3 0
3 4 4 2
-3 5 -4 13
-3 5 -3 14
-3 5 -2 14
-3 5 -1 14
-3 5 0 14
-3 5 1 14
-3 5 2 14
-3 5 3 14
-3 5 4 13
-2 5 -4 14
-2 5 -3 3
-2 5 -2 4
-2 5 -1 4
-2 5 0 4
-2 5 1 4
-2 5 2 4
-2 5 3 15
-2 5 4 14
-2 5 5 16
-1 5 -4 14
-1 5 -3 4
-1 5 -2 4
-1 5 -1 4
-1 5 0 4
-1 5 1 4
-1 5 2 4
-1 5 3 4
-1 5 4 14
-1 5 5 17
0 5 -4 14
0 5 -3 18
0 5 -2 19
0 5 -1 4
0 5 0 4
0 5 1 4
0 5 2 4
0 5 3 7
0 5 4 20
0 5 5 4
1 5 -4 14
1 5 -3 4
1 5 -2 4
1 5 -1 4
1 5 0 21
1 5 1 4
1 5 2 4
1 5 3 4
1 5 4 14
1 5 5 17
2 5 -4 14
2 5 -3 18
2 5 -2 19
2 5 -1 4
2 5 0 4
2 5 1 4
2 5 2 4
2 5 3 4
2 5 4 14
2 5 5 16
3 5 -4 13
3 5 -3 14
3 5 -2 14
3 5 -1 14
3 5 0 14
3 5 1 14
3 5 2 14
3 5 3 14
3 5 4 13
-3 6 -4 13
-3 6 -3 8
-3 6 -2 14
-3 6 -1 8
-3 6 0 14
-3 6 1 8
-3 6 2 14
-3 6 3 8
-3 6 4 13
-2 6 -4 9
-2 6 -3 3
-2 6 -2 4
-2 6 -1 4
-2 6 0 4
-2 6 1 4
-2 6 2 4
-2 6 3 4
-2 6 4 9
-1 6 -4 14
-1 6 -3 4
-1 6 -2 4
-1 6 -1 4
-1 6 0 4
-1 6 1 4
-1 6 2 4
-1 6 3 4
-1 6 4 14
0 6 -4 9
0 6 -3 4
0 6 -2 4
0 6 -1 4
0 6 0 4
0 6 1 4
0 6 2 4
0 6 3 4
0 6 4 22
1 6 -4 14
1 6 -3 4
1 6 -2 4
1 6 -1 4
1 6 0 4
1 6 1 4
1 6 2 4
1 6 3 4
1 6 4 14
2 6 -4 9
2 6 -3 4
2 6 -2 4
2 6 -1 4
2 6 0 4
2 6 1 4
2 6 2 4
2 6 3 4
2 6 4 9
3 6 -4 13
3 6 -3 8
3 6 -2 14
3 6 -1 8
3 6 0 14
3 6 1 8
3 6 2 14
3 6 3 8
3 6 4 13
-3 7 -4 13
-3 7 -3 8
-3 7 -2 14
-3 7 -1 8
-3 7 0 14
-3 7 1 8
-3 7 2 14
-3 7 3 8
-3 7 4 13
-2 7 -4 9
-2 7 -3 3
-2 7 -2 4
-2 7 -1 4
-2 7 0 4
-2 7 1 4
-2 7 2 4
-2 7 3 4
-2 7 4 9
-1 7 -4 14
-1 7 -3 4
-1 7 -2 4
-1 7 -1 4
-1 7 0 4
-1 7 1 4
-1 7 2 4
-1 7 3 4
-1 7 4 14
0 7 -4 9
0 7 -3 4
0 7 -2 4
0 7 -1 4
0 7 0 4
0 7 1 4
0 7 2 4
0 7 3 4
0 7 4 9
1 7 -4 14
1 7 -3 4
1 7 -2 4
1 7 -1 4
1 7 0 4
1 7 1 4
1 7 2 4
1 7 3 4
1 7 4 14
2 7 -4 9
2 7 -3 4
2 7 -2 4
2 7 -1 4
2 7 0 4
2 7 1 4
2 7 2 4
2 7 3 4
2 7 4 9
3 7 -4 13
3 7 -3 8
3 7 -2 14
3 7 -1 8
3 7 0 14
3 7 1 8
3 7 2 14
3 7 3 8
3 7 4 13
-3 8 -4 13
-3 8 -3 23
-3 8 -2 23
-3 8 -1 23
-3 8 0 23
-3 8 1 23
-3 8 2 23
-3 8 3 23
-3 8 4 13
-2 8 -4 24
-2 8 -3 3
-2 8 -2 1
-2 8 -1 1
-2 8 0 1
-2 8 1 1
-2 8 2 1
-2 8 3 1
-2 8 4 24
-1 8 -4 24
-1 8 -3 1
-1 8 -2 1
-1 8 -1 1
-1 8 0 1
-1 8 1 1
-1 8 2 1
-1 8 3 1
-1 8 4 24
0 8 -4 24
0 8 -3 1
0 8 -2 1
0 8 -1 1
0 8 0 1
0 8 1 1
0 8 2 1
0 8 3 1
0 8 4 24
1 8 -4 24
1 8 -3 1
1 8 -2 1
1 8 -1 1
1 8 0 1
1 8 1 1
1 8 2 1
1 8 3 1
1 8 4 24
2 8 -4 24
2 8 -3 1
2 8 -2 1
2 8 -1 1
2 8 0 1
2 8 1 1
2 8 2 1
2 8 3 1
2 8 4 24
3 8 -4 13
3 8 -3 23
3 8 -2 23
3 8 -1 23
3 8 0 23
3 8 1 23
3 8 2 23
3 8 3 23
3 8 4 13
-3 9 -4 13
-3 9 -3 14
-3 9 -2 14
-3 9 -1 14
-3 9 0 14
-3 9 1 14
-3 9 2 14
-3 9 3 14
-3 9 4 13
-2 9 -4 14
-2 9 -3 3
-2 9 -2 4
-2 9 -1 4
-2 9 0 4
-2 9 1 4
-2 9 2 4
-2 9 3 15
-2 9 4 14
-1 9 -4 14
-1 9 -3 4
-1 9 -2 4
-1 9 -1 4
-1 9 0 4
-1 9 1 4
-1 9 2 4
-1 9 3 4
-1 9 4 14
0 9 -4 14
0 9 -3 18
0 9 -2 19
0 9 -1 4
0 9 0 4
0 9 1 4
0 9 2 4
0 9 3 7
0 9 4 14
1 9 -4 14
1 9 -3 4
1 9 -2 4
1 9 -1 4
1 9 0 21
1 9 1 4
1 9 2 4
1 9 3 4
1 9 4 14
2 9 -4 14
2 9 -3 18
2 9 -2 19
2 9 -1 4
2 9 0 4
2 9 1 4
2 9 2 4
2 9 3 4
2 9 4 14
3 9 -4 13
3 9 -3 14
3 9 -2 14
3 9 -1 14
3 9 0 14
3 9 1 14
3 9 2 14
3 9 3 14
3 9 4 13
-3 10 -4 13
-3 10 -3 8
-3 10 -2 14
-3 10 -1 8
-3 10 0 14
-3 10 1 8
-3 10 2 14
-3 10 3 8
-3 10 4 13
-2 10 -4 9
-2 10 -3 4
-2 10 -2 4
-2 10 -1 4
-2 10 0 4
-2 10 1 4
-2 10 2 4
-2 10 3 4
-2 10 4 9
-1 10 -4 14
-1 10 -3 4
-1 10 -2 4
-1 10 -1 4
-1 10 0 4
-1 10 1 4
-1 10 2 4
-1 10 3 4
-1 10 4 14
0 10 -4 9
0 10 -3 4
0 10 -2 4
0 10 -1 4
0 10 0 4
0 10 1 4
0 10 2 4
0 10 3 4
0 10 4 9
1 10 -4 14
1 10 -3 4
1 10 -2 4
1 10 -1 4
1 10 0 4
1 10 1 4
1 10 2 4
1 10 3 4
1 10 4 14
2 10 -4 9
2 10 -3 4
2 10 -2 4
2 10 -1 25
2 10 0 4
2 10 1 4
2 10 2 4
2 10 3 4
2 10 4 9
3 10 -4 13
3 10 -3 8
3 10 -2 14
3 10 -1 26
3 10 0 14
3 10 1 8
3 10 2 14
3 10 3 8
3 10 4 13
-3 11 -4 13
-3 11 -3 8
-3 11 -2 14
-3 11 -1 8
-3 11 0 14
-3 11 1 8
-3 11 2 14
-3 11 3 8
-3 11 4 13
-2 11 -4 9
-2 11 -3 4
-2 11 -2 4
-2 11 -1 4
-2 11 0 4
-2 11 1 4
-2 11 2 4
-2 11 3 4
-2 11 4 9
-1 11 -4 14
-1 11 -3 4
-1 11 -2 4
-1 11 -1 4
-1 11 0 4
-1 11 1 4
-1 11 2 4
-1 11 3 4
-1 11 4 14
0 11 -4 9
0 11 -3 4
0 11 -2 4
0 11 -1 4
0 11 0 4
0 11 1 4
0 11 2 4
0 11 3 4
0 11 4 9
1 11 -4 14
1 11 -3 4
1 11 -2 4
1 11 -1 4
1 11 0 4
1 11 1 4
1 11 2 4
1 11 3 4
1 11 4 14
2 11 -4 9
2 11 -3 4
2 11 -2 4
2 11 -1 25
2 11 0 4
2 11 1 4
2 11 2 4
2 11 3 4
2 11 4 9
3 11 -4 13
3 11 -3 8
3 11 -2 14
3 11 -1 26
3 11 0 14
3 11 1 8
3 11 2 14
3 11 3 8
3 11 4 13
-4 12 -5 27
-4 12 5 28
-3 12 -5 27
-3 12 -4 13
-3 12 -3 23
-3 12 -2 23
-3 12 -1 23
-3 12 0 23
-3 12 1 23
-3 12 2 23
-3 12 3 23
-3 12 4 13
-3 12 5 28
-2 12 -5 27
-2 12 -4 24
-2 12 -3 4
-2 12 -2 4
-2 12 -1 4
-2 12 0 4
-2 12 1 4
-2 12 2 4
-2 12 3 4
-2 12 4 24
-2 12 5 28
-1 12 -5 27
-1 12 -4 24
-1 12 -3 4
-1 12 -2 4
-1 12 -1 4
-1 12 0 4
-1 12 1 4
-1 12 2 4
-1 12 3 4
-1 12 4 24
-1 12 5 28
0 12 -5 27
0 12 -4 24
0 12 -3 4
0 12 -2 4
0 12 -1 4
0 12 0 4
0 12 1 4
0 12 2 4
0 12 3 4
0 12 4 24
0 12 5 28
1 12 -5 27
1 12 -4 24
1 12 -3 4
1 12 -2 4
1 12 -1 4
1 12 0 4
1 12 1 4
1 12 2 4
1 12 3 4
1 12 4 24
1 12 5 28
2 12 -5 27
2 12 -4 24
2 12 -3 4
2 12 -2 4
2 12 -1 25
2 12 0 4
2 12 1 4
2 12 2 4
2 12 3 4
2 12 4 24
2 12 5 28
3 12 -5 27
3 12 -4 13
3 12 -3 23
3 12 -2 23
3 12 -1 23
3 12 0 23
3 12 1 23
3 12 2 23
3 12 3 23
3 12 4 13
3 12 5 28
4 12 -5 27
4 12 5 28
-4 13 -4 27
-4 13 4 28
-3 13 -4 27
-3 13 -3 14
-3 13 -2 14
-3 13 -1 14
-3 13 0 14
-3 13 1 14
-3 13 2 14
-3 13 3 14
-3 13 4 28
-2 13 -4 27
-2 13 -2 4
-2 13 -1 4
-2 13 0 4
-2 13 1 4
-2 13 2 4
-2 13 4 28
-1 13 -4 27
-1 13 -2 4
-1 13 -1 4
-1 13 0 4
-1 13 1 4
-1 13 2 4
-1 13 4 28
0 13 -4 27
0 13 -2 4
0 13 -1 4
0 13 0 4
0 13 1 4
0 13 2 4
0 13 4 28
1 13 -4 27
1 13 -2 4
1 13 -1 4
1 13 0 4
1 13 1 4
1 13 2 4
1 13 4 28
2 13 -4 27
2 13 -2 4
2 13 -1 25
2 13 0 4
2 13 1 4
2 13 2 4
2 13 4 28
3 13 -4 27
3 13 -3 14
3 13 -2 14
3 13 -1 14
3 13 0 14
3 13 1 14
3 13 2 14
3 13 3 14
3 13 4 28
4 13 -4 27
4 13 4 28
-4 14 -3 27
-4 14 3 28
-3 14 -3 27
-3 14 -2 14
-3 14 -1 14
-3 14 0 14
-3 14 1 14
-3 14 2 14
-3 14 3 28
-2 14 -3 27
-2 14 -1 4
-2 14 0 4
-2 14 1 4
-2 14 3 28
-1 14 -3 27
-1 14 -1 4
-1 14 0 4
-1 14 1 4
-1 14 3 28
0 14 -3 27
0 14 -1 4
0 14 0 4
0 14 1 4
0 14 3 28
1 14 -3 27
1 14 -1 4
1 14 0 4
1 14 1 4
1 14 3 28
2 14 -3 27
2 14 -1 25
2 14 0 4
2 14 1 4
2 14 3 28
3 14 -3 27
3 14 -2 14
3 14 -1 14
3 14 0 14
3 14 1 14
3 14 2 14
3 14 3 28
4 14 -3 27
4 14 3 28
-4 15 -2 27
-4 15 2 28
-3 15 -2 27
-3 15 -1 14
-3 15 0 14
-3 15 1 14
-3 15 2 28
-2 15 -2 27
-2 15 0 4
-2 15 2 28
-1 15 -2 27
-1 15 0 4
-1 15 2 28
0 15 -2 27
0 15 0 4
0 15 2 28
1 15 -2 27
1 15 0 4
1 15 2 28
2 15 -2 27
2 15 -1 25
2 15 0 4
2 15 2 28
3 15 -2 27
3 15 -1 14
3 15 0 14
3 15 1 14
3 15 2 28
4 15 -2 27
4 15 2 28
-4 16 -1 27
-4 16 0 29
-4 16 1 28
-3 16 -1 27
-3 16 0 29
-3 16 1 28
-2 16 -1 27
-2 16 0 29
-2 16 1 28
-1 16 -1 27
-1 16 0 29
-1 16 1 28
0 16 -1 27
0 16 0 29
0 16 1 28
1 16 -1 27
1 16 0 29
1 16 1 28
2 16 -1 25
2 16 0 29
2 16 1 28
3 16 -1 27
3 16 0 29
3 16 1 28
4 16 -1 27
4 16 0 29
4 16 1 28
-4 17 0 30
-3 17 0 30
-2 17 0 30
-1 17 0 30
0 17 0 30
1 17 0 30
2 17 -1 25
2 17 0 30
3 17 0 30
4 17 0 30
2 18 -1 25
2 19 -1 31
