core 0 1 7
P minecraft:dirt
P minecraft:oak_log[axis=y]
P minecraft:oak_log[axis=z]
P minecraft:oak_log[axis=x]
P minecraft:farmland[moisture=7]
P minecraft:water[level=0]
P minecraft:oak_fence[east=true,north=false,south=true,waterlogged=false,west=false]
P minecraft:oak_fence[east=false,north=true,south=true,waterlogged=false,west=false]
P minecraft:oak_fence[east=true,north=true,south=true,waterlogged=false,west=false]
P minecraft:oak_fence[east=true,north=true,south=false,waterlogged=false,west=false]
P minecraft:oak_fence[east=true,north=false,south=false,waterlogged=false,west=true]
P minecraft:wheat[age=2]
P minecraft:wheat[age=4]
P minecraft:wheat[age=3]
P minecraft:wheat[age=7]
P minecraft:wheat[age=6]
P minecraft:hay_block[axis=y]
P minecraft:oak_fence[east=true,north=true,south=false,waterlogged=false,west=true]
P minecraft:wheat[age=5]
P minecraft:oak_fence[east=false,north=false,south=false,waterlogged=false,west=false]
P minecraft:oak_fence_gate[facing=south,in_wall=false,open=false,powered=false]
P minecraft:beetroots[age=3]
P minecraft:beetroots[age=2]
P minecraft:composter[level=4]
P minecraft:oak_fence[east=false,north=false,south=true,waterlogged=false,west=true]
P minecraft:oak_fence[east=false,north=true,south=false,waterlogged=false,west=true]
P minecraft:lantern[hanging=false,waterlogged=false]
P minecraft:carved_pumpkin[facing=south]
-4 -1 -5 0
-4 -1 -4 0
-4 -1 -3 0
-4 -1 -2 0
-4 -1 -1 0
-4 -1 0 0
-4 -1 1 0
-4 -1 2 0
-4 -1 3 0
-4 -1 4 0
-4 -1 5 0
0 -1 -5 0
0 -1 -4 0
0 -1 -3 0
0 -1 -2 0
0 -1 -1 0
0 -1 0 0
0 -1 1 0
0 -1 2 0
0 -1 3 0
0 -1 4 0
0 -1 5 0
4 -1 -5 0
4 -1 -4 0
4 -1 -3 0
4 -1 -2 0
4 -1 -1 0
4 -1 0 0
4 -1 1 0
4 -1 2 0
4 -1 3 0
4 -1 4 0
4 -1 5 0
-8 0 -6 1
-8 0 -5 2
-8 0 -4 2
-8 0 -3 2
-8 0 -2 2
-8 0 -1 2
-8 0 0 2
-8 0 1 2
-8 0 2 2
-8 0 3 2
-8 0 4 2
-8 0 5 2
-8 0 6 1
-7 0 -6 3
-7 0 -5 4
-7 0 -4 4
-7 0 -3 4
-7 0 -2 4
-7 0 -1 4
-7 0 0 4
-7 0 1 4
-7 0 2 4
-7 0 3 4
-7 0 4 4
-7 0 5 4
-7 0 6 3
-6 0 -6 3
-6 0 -5 4
-6 0 -4 4
-6 0 -3 4
-6 0 -2 4
-6 0 -1 4
-6 0 0 4
-6 0 1 4
-6 0 2 4
-6 0 3 4
-6 0 4 4
-6 0 5 4
-6 0 6 3
-5 0 -6 3
-5 0 -5 4
-5 0 -4 4
-5 0 -3 4
-5 0 -2 4
-5 0 -1 4
-5 0 0 4
-5 0 1 4
-5 0 2 4
-5 0 3 4
-5 0 4 4
-5 0 5 4
-5 0 6 3
-4 0 -6 3
-4 0 -5 5
-4 0 -4 5
-4 0 -3 5
-4 0 -2 5
-4 0 -1 5
-4 0 0 5
-4 0 1 5
-4 0 2 5
-4 0 3 5
-4 0 4 5
-4 0 5 5
-4 0 6 3
-3 0 -6 3
-3 0 -5 4
-3 0 -4 4
-3 0 -3 4
-3 0 -2 4
-3 0 -1 4
-3 0 0 4
-3 0 1 4
-3 0 2 4
-3 0 3 4
-3 0 4 4
-3 0 5 4
-3 0 6 3
-2 0 -6 3
-2 0 -5 4
-2 0 -4 4
-2 0 -3 4
-2 0 -2 4
-2 0 -1 4
-2 0 0 4
-2 0 1 4
-2 0 2 4
-2 0 3 4
-2 0 4 4
-2 0 5 4
-2 0 6 3
-1 0 -6 3
-1 0 -5 4
-1 0 -4 4
-1 0 -3 4
-1 0 -2 4
-1 0 -1 4
-1 0 0 4
-1 0 1 4
-1 0 2 4
-1 0 3 4
-1 0 4 4
-1 0 5 4
-1 0 6 3
0 0 -6 3
0 0 -5 5
0 0 -4 5
0 0 -3 5
0 0 -2 5
0 0 -1 5
0 0 0 5
0 0 1 5
0 0 2 5
0 0 3 5
0 0 4 5
0 0 5 5
0 0 6 3
1 0 -6 3
1 0 -5 4
1 0 -4 4
1 0 -3 4
1 0 -2 4
1 0 -1 4
1 0 0 4
1 0 1 4
1 0 2 4
1 0 3 4
1 0 4 4
1 0 5 4
1 0 6 3
2 0 -6 3
2 0 -5 4
2 0 -4 4
2 0 -3 4
2 0 -2 4
2 0 -1 4
2 0 0 4
2 0 1 4
2 0 2 4
2 0 3 4
2 0 4 4
2 0 5 4
2 0 6 3
3 0 -6 3
3 0 -5 4
3 0 -4 4
3 0 -3 4
3 0 -2 4
3 0 -1 4
3 0 0 4
3 0 1 4
3 0 2 4
3 0 3 4
3 0 4 4
3 0 5 4
3 0 6 3
4 0 -6 3
4 0 -5 5
4 0 -4 5
4 0 -3 5
4 0 -2 5
4 0 -1 5
4 0 0 5
4 0 1 5
4 0 2 5
4 0 3 5
4 0 4 5
4 0 5 5
4 0 6 3
5 0 -6 3
5 0 -5 4
5 0 -4 4
5 0 -3 4
5 0 -2 4
5 0 -1 4
5 0 0 4
5 0 1 4
5 0 2 4
5 0 3 4
5 0 4 4
5 0 5 4
5 0 6 3
6 0 -6 3
6 0 -5 4
6 0 -4 4
6 0 -3 4
6 0 -2 4
6 0 -1 4
6 0 0 4
6 0 1 4
6 0 2 4
6 0 3 4
6 0 4 4
6 0 5 4
6 0 6 3
7 0 -6 3
7 0 -5 4
7 0 -4 4
7 0 -3 4
7 0 -2 4
7 0 -1 4
7 0 0 4
7 0 1 4
7 0 2 4
7 0 3 4
7 0 4 4
7 0 5 4
7 0 6 3
8 0 -6 1
8 0 -5 2
8 0 -4 2
8 0 -3 2
8 0 -2 2
8 0 -1 2
8 0 0 2
8 0 1 2
8 0 2 2
8 0 3 2
8 0 4 2
8 0 5 2
8 0 6 1
-8 1 -6 6
-8 1 -5 7
-8 1 -4 7
-8 1 -3 7
-8 1 -2 7
-8 1 -1 7
-8 1 0 7
-8 1 1 7
-8 1 2 7
-8 1 3 7
-8 1 4 7
-8 1 5 8
-8 1 6 9
-7 1 -6 10
-7 1 -5 11
-7 1 -4 12
-7 1 -3 13
-7 1 -2 14
-7 1 -1 14
-7 1 0 12
-7 1 1 12
-7 1 2 15
-7 1 3 13
-7 1 4 15
-7 1 5 16
-7 1 6 17
-6 1 -6 10
-6 1 -5 15
-6 1 -4 14
-6 1 -3 13
-6 1 -2 18
-6 1 -1 14
-6 1 0 18
-6 1 1 14
-6 1 2 15
-6 1 3 12
-6 1 4 15
-6 1 5 18
-6 1 6 10
-5 1 -6 10
-5 1 -5 15
-5 1 -4 12
-5 1 -3 11
-5 1 -2 11
-5 1 -1 12
-5 1 0 18
-5 1 1 12
-5 1 2 18
-5 1 3 18
-5 1 4 15
-5 1 5 13
-5 1 6 10
-4 1 -6 10
-4 1 6 10
-3 1 -6 10
-3 1 -5 15
-3 1 -4 13
-3 1 -3 13
-3 1 -2 13
-3 1 -1 11
-3 1 0 13
-3 1 1 12
-3 1 2 13
-3 1 3 13
-3 1 4 15
-3 1 5 15
-3 1 6 10
-2 1 -6 10
-2 1 -5 12
-2 1 -4 15
-2 1 -3 14
-2 1 -2 15
-2 1 -1 13
-2 1 0 18
-2 1 1 19
-2 1 2 14
-2 1 3 15
-2 1 4 12
-2 1 5 15
-2 1 6 10
-1 1 -6 10
-1 1 -5 12
-1 1 -4 12
-1 1 -3 18
-1 1 -2 13
-1 1 -1 18
-1 1 0 14
-1 1 1 14
-1 1 2 18
-1 1 3 14
-1 1 4 15
-1 1 5 13
-1 1 6 10
0 1 -6 10
0 1 6 20
1 1 -6 10
1 1 -5 21
1 1 -4 21
1 1 -3 21
1 1 -2 21
1 1 -1 21
1 1 0 21
1 1 1 21
1 1 2 21
1 1 3 21
1 1 4 22
1 1 5 21
1 1 6 10
2 1 -6 10
2 1 -5 22
2 1 -4 21
2 1 -3 21
2 1 -2 21
2 1 -1 21
2 1 0 21
2 1 1 21
2 1 2 22
2 1 3 21
2 1 4 21
2 1 5 22
2 1 6 10
3 1 -6 10
3 1 -5 21
3 1 -4 22
3 1 -3 22
3 1 -2 22
3 1 -1 22
3 1 0 22
3 1 1 21
3 1 2 22
3 1 3 22
3 1 4 22
3 1 5 21
3 1 6 10
4 1 -6 10
4 1 6 10
5 1 -6 10
5 1 -5 22
5 1 -4 22
5 1 -3 22
5 1 -2 21
5 1 -1 22
5 1 0 22
5 1 1 21
5 1 2 21
5 1 3 22
5 1 4 22
5 1 5 22
5 1 6 10
6 1 -6 10
6 1 -5 22
6 1 -4 22
6 1 -3 22
6 1 -2 22
6 1 -1 22
6 1 0 22
6 1 1 21
6 1 2 21
6 1 3 22
6 1 4 22
6 1 5 22
6 1 6 10
7 1 -6 10
7 1 -5 22
7 1 -4 21
7 1 -3 22
7 1 -2 22
7 1 -1 22
7 1 0 22
7 1 1 22
7 1 2 21
7 1 3 22
7 1 4 21
7 1 5 23
7 1 6 10
8 1 -6 24
8 1 -5 7
8 1 -4 7
8 1 -3 7
8 1 -2 7
8 1 -1 7
8 1 0 7
8 1 1 7
8 1 2 7
8 1 3 7
8 1 4 7
8 1 5 7
8 1 6 25
-8 2 6 26
-2 2 1 19
8 2 6 26
-2 3 1 16
-2 4 1 27
