core 0 1 8
P minecraft:stone_bricks
P minecraft:oak_planks
P minecraft:polished_andesite
P minecraft:ladder[facing=south,waterlogged=false]
P minecraft:air
P minecraft:crafting_table
P minecraft:lectern[facing=south,has_book=false,powered=false]
P minecraft:spruce_door[facing=north,half=lower,hinge=left,open=false,powered=false]
P minecraft:lantern[hanging=false,waterlogged=false]
P minecraft:glass_pane[east=false,north=true,south=true,waterlogged=false,west=false]
P minecraft:glass_pane[east=true,north=false,south=false,waterlogged=false,west=true]
P minecraft:glass_pane[east=true,north=false,south=true,waterlogged=false,west=true]
P minecraft:spruce_door[facing=north,half=upper,hinge=left,open=false,powered=false]
P minecraft:oak_slab[type=top,waterlogged=false]
P minecraft:spruce_slab[type=top,waterlogged=false]
P minecraft:stripped_spruce_log[axis=y]
P minecraft:light_gray_concrete
P minecraft:chest[facing=east,type=single,waterlogged=false]
P minecraft:potted_dandelion
P minecraft:dark_oak_fence[east=false,north=true,south=true,waterlogged=false,west=true]
P minecraft:spruce_door[facing=south,half=lower,hinge=left,open=false,powered=false]
P minecraft:blue_carpet
P minecraft:dark_oak_fence[east=true,north=true,south=true,waterlogged=false,west=false]
P minecraft:blue_bed[facing=north,occupied=false,part=head]
P minecraft:blue_bed[facing=north,occupied=false,part=foot]
P minecraft:spruce_door[facing=south,half=upper,hinge=left,open=false,powered=false]
P minecraft:stripped_spruce_log[axis=z]
P minecraft:stripped_spruce_log[axis=x]
P minecraft:bricks
P minecraft:deepslate_tile_stairs[facing=south,half=bottom,shape=straight,waterlogged=false]
P minecraft:deepslate_tile_stairs[facing=north,half=bottom,shape=straight,waterlogged=false]
P minecraft:gold_block
P minecraft:deepslate_tiles
P minecraft:deepslate_tile_slab[type=bottom,waterlogged=false]
P minecraft:campfire[facing=north,lit=true,signal_fire=false,waterlogged=false]
P minecraft:bell[attachment=ceiling,facing=north,powered=false]
P minecraft:lightning_rod[facing=up,powered=false,waterlogged=false]
-5 0 -5 0
-5 0 -4 0
-5 0 -3 0
-5 0 -2 0
-5 0 -1 0
-5 0 0 0
-5 0 1 0
-5 0 2 0
-5 0 3 0
-5 0 4 0
-5 0 5 0
-4 0 -5 0
-4 0 -4 1
-4 0 -3 1
-4 0 -2 1
-4 0 -1 1
-4 0 0 1
-4 0 1 1
-4 0 2 1
-4 0 3 1
-4 0 4 1
-4 0 5 0
-3 0 -5 0
-3 0 -4 1
-3 0 -3 1
-3 0 -2 1
-3 0 -1 1
-3 0 0 1
-3 0 1 1
-3 0 2 1
-3 0 3 1
-3 0 4 1
-3 0 5 0
-2 0 -5 0
-2 0 -4 1
-2 0 -3 1
-2 0 -2 1
-2 0 -1 1
-2 0 0 1
-2 0 1 1
-2 0 2 1
-2 0 3 1
-2 0 4 1
-2 0 5 0
-1 0 -5 0
-1 0 -4 1
-1 0 -3 1
-1 0 -2 1
-1 0 -1 1
-1 0 0 1
-1 0 1 1
-1 0 2 1
-1 0 3 1
-1 0 4 1
-1 0 5 0
0 0 -5 0
0 0 -4 1
0 0 -3 1
0 0 -2 1
0 0 -1 1
0 0 0 1
0 0 1 1
0 0 2 1
0 0 3 1
0 0 4 1
0 0 5 0
1 0 -5 0
1 0 -4 1
1 0 -3 1
1 0 -2 1
1 0 -1 1
1 0 0 1
1 0 1 1
1 0 2 1
1 0 3 1
1 0 4 1
1 0 5 0
2 0 -5 0
2 0 -4 1
2 0 -3 1
2 0 -2 1
2 0 -1 1
2 0 0 1
2 0 1 1
2 0 2 1
2 0 3 1
2 0 4 1
2 0 5 0
3 0 -5 0
3 0 -4 1
3 0 -3 1
3 0 -2 1
3 0 -1 1
3 0 0 1
3 0 1 1
3 0 2 1
3 0 3 1
3 0 4 1
3 0 5 0
4 0 -5 0
4 0 -4 1
4 0 -3 1
4 0 -2 1
4 0 -1 1
4 0 0 1
4 0 1 1
4 0 2 1
4 0 3 1
4 0 4 1
4 0 5 0
5 0 -5 0
5 0 -4 0
5 0 -3 0
5 0 -2 0
5 0 -1 0
5 0 0 0
5 0 1 0
5 0 2 0
5 0 3 0
5 0 4 0
5 0 5 0
-5 1 -5 2
-5 1 -4 0
-5 1 -3 0
-5 1 -2 0
-5 1 -1 0
-5 1 0 0
-5 1 1 0
-5 1 2 0
-5 1 3 0
-5 1 4 0
-5 1 5 2
-4 1 -5 0
-4 1 -4 3
-4 1 -3 4
-4 1 -2 4
-4 1 -1 4
-4 1 0 4
-4 1 1 4
-4 1 2 4
-4 1 3 4
-4 1 4 5
-4 1 5 0
-3 1 -5 0
-3 1 -4 4
-3 1 -3 4
-3 1 -2 4
-3 1 -1 4
-3 1 0 4
-3 1 1 4
-3 1 2 4
-3 1 3 4
-3 1 4 4
-3 1 5 0
-2 1 -5 0
-2 1 -4 4
-2 1 -3 4
-2 1 -2 4
-2 1 -1 4
-2 1 0 4
-2 1 1 4
-2 1 2 4
-2 1 3 4
-2 1 4 4
-2 1 5 0
-2 1 6 0
-2 1 7 0
-1 1 -5 0
-1 1 -4 4
-1 1 -3 4
-1 1 -2 4
-1 1 -1 4
-1 1 0 4
-1 1 1 4
-1 1 2 4
-1 1 3 4
-1 1 4 4
-1 1 5 0
-1 1 7 0
0 1 -5 0
0 1 -4 4
0 1 -3 4
0 1 -2 4
0 1 -1 4
0 1 0 4
0 1 1 4
0 1 2 4
0 1 3 4
0 1 4 4
0 1 5 6
0 1 6 4
0 1 7 7
1 1 -5 0
1 1 -4 4
1 1 -3 4
1 1 -2 4
1 1 -1 4
1 1 0 4
1 1 1 4
1 1 2 4
1 1 3 4
1 1 4 4
1 1 5 0
1 1 7 0
2 1 -5 0
2 1 -4 4
2 1 -3 4
2 1 -2 4
2 1 -1 4
2 1 0 4
2 1 1 4
2 1 2 4
2 1 3 4
2 1 4 4
2 1 5 0
2 1 6 0
2 1 7 0
3 1 -5 0
3 1 -4 4
3 1 -3 4
3 1 -2 4
3 1 -1 4
3 1 0 4
3 1 1 4
3 1 2 4
3 1 3 4
3 1 4 4
3 1 5 0
4 1 -5 0
4 1 -4 4
4 1 -3 4
4 1 -2 4
4 1 -1 4
4 1 0 4
4 1 1 4
4 1 2 4
4 1 3 4
4 1 4 8
4 1 5 0
5 1 -5 2
5 1 -4 0
5 1 -3 0
5 1 -2 0
5 1 -1 0
5 1 0 0
5 1 1 0
5 1 2 0
5 1 3 0
5 1 4 0
5 1 5 2
-5 2 -5 2
-5 2 -4 9
-5 2 -3 0
-5 2 -2 9
-5 2 -1 0
-5 2 0 9
-5 2 1 0
-5 2 2 9
-5 2 3 0
-5 2 4 9
-5 2 5 2
-4 2 -5 10
-4 2 -4 3
-4 2 -3 4
-4 2 -2 4
-4 2 -1 4
-4 2 0 4
-4 2 1 4
-4 2 2 4
-4 2 3 4
-4 2 4 4
-4 2 5 10
-3 2 -5 0
-3 2 -4 4
-3 2 -3 4
-3 2 -2 4
-3 2 -1 4
-3 2 0 4
-3 2 1 4
-3 2 2 4
-3 2 3 4
-3 2 4 4
-3 2 5 0
-2 2 -5 10
-2 2 -4 4
-2 2 -3 4
-2 2 -2 4
-2 2 -1 4
-2 2 0 4
-2 2 1 4
-2 2 2 4
-2 2 3 4
-2 2 4 4
-2 2 5 11
-2 2 6 0
-2 2 7 0
-1 2 -5 0
-1 2 -4 4
-1 2 -3 4
-1 2 -2 4
-1 2 -1 4
-1 2 0 4
-1 2 1 4
-1 2 2 4
-1 2 3 4
-1 2 4 4
-1 2 5 0
-1 2 7 0
0 2 -5 10
0 2 -4 4
0 2 -3 4
0 2 -2 4
0 2 -1 4
0 2 0 4
0 2 1 4
0 2 2 4
0 2 3 4
0 2 4 4
0 2 5 12
0 2 6 4
0 2 7 12
1 2 -5 0
1 2 -4 4
1 2 -3 4
1 2 -2 4
1 2 -1 4
1 2 0 4
1 2 1 4
1 2 2 4
1 2 3 4
1 2 4 4
1 2 5 0
1 2 7 0
2 2 -5 10
2 2 -4 4
2 2 -3 4
2 2 -2 4
2 2 -1 4
2 2 0 4
2 2 1 4
2 2 2 4
2 2 3 4
2 2 4 4
2 2 5 11
2 2 6 0
2 2 7 0
3 2 -5 0
3 2 -4 4
3 2 -3 4
3 2 -2 4
3 2 -1 4
3 2 0 4
3 2 1 4
3 2 2 4
3 2 3 4
3 2 4 4
3 2 5 0
4 2 -5 10
4 2 -4 4
4 2 -3 4
4 2 -2 4
4 2 -1 4
4 2 0 4
4 2 1 4
4 2 2 4
4 2 3 4
4 2 4 4
4 2 5 10
5 2 -5 2
5 2 -4 9
5 2 -3 0
5 2 -2 9
5 2 -1 0
5 2 0 9
5 2 1 0
5 2 2 9
5 2 3 0
5 2 4 9
5 2 5 2
-5 3 -5 2
-5 3 -4 0
-5 3 -3 0
-5 3 -2 0
-5 3 -1 0
-5 3 0 0
-5 3 1 0
-5 3 2 0
-5 3 3 0
-5 3 4 0
-5 3 5 2
-4 3 -5 0
-4 3 -4 3
-4 3 -3 4
-4 3 -2 4
-4 3 -1 4
-4 3 0 4
-4 3 1 4
-4 3 2 4
-4 3 3 4
-4 3 4 4
-4 3 5 0
-3 3 -5 0
-3 3 -4 4
-3 3 -3 4
-3 3 -2 4
-3 3 -1 4
-3 3 0 4
-3 3 1 4
-3 3 2 4
-3 3 3 4
-3 3 4 4
-3 3 5 0
-2 3 -5 0
-2 3 -4 4
-2 3 -3 4
-2 3 -2 4
-2 3 -1 4
-2 3 0 4
-2 3 1 4
-2 3 2 4
-2 3 3 4
-2 3 4 4
-2 3 5 0
-2 3 6 0
-2 3 7 0
-1 3 -5 0
-1 3 -4 4
-1 3 -3 4
-1 3 -2 4
-1 3 -1 4
-1 3 0 4
-1 3 1 4
-1 3 2 4
-1 3 3 4
-1 3 4 4
-1 3 5 0
-1 3 7 0
0 3 -5 0
0 3 -4 4
0 3 -3 4
0 3 -2 4
0 3 -1 4
0 3 0 4
0 3 1 4
0 3 2 4
0 3 3 4
0 3 4 4
0 3 5 0
0 3 7 0
1 3 -5 0
1 3 -4 4
1 3 -3 4
1 3 -2 4
1 3 -1 4
1 3 0 4
1 3 1 4
1 3 2 4
1 3 3 4
1 3 4 4
1 3 5 0
1 3 7 0
2 3 -5 0
2 3 -4 4
2 3 -3 4
2 3 -2 4
2 3 -1 4
2 3 0 4
2 3 1 4
2 3 2 4
2 3 3 4
2 3 4 4
2 3 5 0
2 3 6 0
2 3 7 0
3 3 -5 0
3 3 -4 4
3 3 -3 4
3 3 -2 4
3 3 -1 4
3 3 0 4
3 3 1 4
3 3 2 4
3 3 3 4
3 3 4 4
3 3 5 0
4 3 -5 0
4 3 -4 4
4 3 -3 4
4 3 -2 4
4 3 -1 4
4 3 0 4
4 3 1 4
4 3 2 4
4 3 3 4
4 3 4 4
4 3 5 0
5 3 -5 2
5 3 -4 0
5 3 -3 0
5 3 -2 0
5 3 -1 0
5 3 0 0
5 3 1 0
5 3 2 0
5 3 3 0
5 3 4 0
5 3 5 2
-5 4 -5 2
-5 4 -4 0
-5 4 -3 0
-5 4 -2 0
-5 4 -1 0
-5 4 0 0
-5 4 1 0
-5 4 2 0
-5 4 3 0
-5 4 4 0
-5 4 5 2
-4 4 -5 0
-4 4 -4 3
-4 4 -3 1
-4 4 -2 1
-4 4 -1 1
-4 4 0 1
-4 4 1 1
-4 4 2 1
-4 4 3 1
-4 4 4 1
-4 4 5 0
-3 4 -5 0
-3 4 -4 1
-3 4 -3 1
-3 4 -2 1
-3 4 -1 1
-3 4 0 1
-3 4 1 1
-3 4 2 1
-3 4 3 1
-3 4 4 1
-3 4 5 0
-2 4 -5 0
-2 4 -4 1
-2 4 -3 1
-2 4 -2 1
-2 4 -1 1
-2 4 0 1
-2 4 1 1
-2 4 2 1
-2 4 3 1
-2 4 4 1
-2 4 5 0
-2 4 6 0
-2 4 7 0
-1 4 -5 0
-1 4 -4 1
-1 4 -3 1
-1 4 -2 1
-1 4 -1 1
-1 4 0 1
-1 4 1 1
-1 4 2 1
-1 4 3 1
-1 4 4 1
-1 4 5 0
-1 4 6 13
-1 4 7 0
0 4 -5 0
0 4 -4 1
0 4 -3 1
0 4 -2 1
0 4 -1 1
0 4 0 1
0 4 1 1
0 4 2 1
0 4 3 1
0 4 4 1
0 4 5 0
0 4 6 14
0 4 7 0
1 4 -5 0
1 4 -4 1
1 4 -3 1
1 4 -2 1
1 4 -1 1
1 4 0 1
1 4 1 1
1 4 2 1
1 4 3 1
1 4 4 1
1 4 5 0
1 4 6 13
1 4 7 0
2 4 -5 0
2 4 -4 1
2 4 -3 1
2 4 -2 1
2 4 -1 1
2 4 0 1
2 4 1 1
2 4 2 1
2 4 3 1
2 4 4 1
2 4 5 0
2 4 6 0
2 4 7 0
3 4 -5 0
3 4 -4 1
3 4 -3 1
3 4 -2 1
3 4 -1 1
3 4 0 1
3 4 1 1
3 4 2 1
3 4 3 1
3 4 4 1
3 4 5 0
4 4 -5 0
4 4 -4 1
4 4 -3 1
4 4 -2 1
4 4 -1 1
4 4 0 1
4 4 1 1
4 4 2 1
4 4 3 1
4 4 4 1
4 4 5 0
5 4 -5 2
5 4 -4 0
5 4 -3 0
5 4 -2 0
5 4 -1 0
5 4 0 0
5 4 1 0
5 4 2 0
5 4 3 0
5 4 4 0
5 4 5 2
-5 5 -5 15
-5 5 -4 16
-5 5 -3 16
-5 5 -2 16
-5 5 -1 16
-5 5 0 16
-5 5 1 16
-5 5 2 16
-5 5 3 16
-5 5 4 16
-5 5 5 15
-4 5 -5 16
-4 5 -4 3
-4 5 -3 4
-4 5 -2 4
-4 5 -1 4
-4 5 0 4
-4 5 1 4
-4 5 2 4
-4 5 3 4
-4 5 4 17
-4 5 5 16
-4 5 6 18
-3 5 -5 16
-3 5 -4 4
-3 5 -3 4
-3 5 -2 4
-3 5 -1 4
-3 5 0 4
-3 5 1 4
-3 5 2 4
-3 5 3 4
-3 5 4 4
-3 5 5 16
-2 5 -5 16
-2 5 -4 4
-2 5 -3 4
-2 5 -2 4
-2 5 -1 4
-2 5 0 4
-2 5 1 4
-2 5 2 4
-2 5 3 4
-2 5 4 4
-2 5 5 16
-2 5 6 0
-2 5 7 0
-1 5 -5 16
-1 5 -4 4
-1 5 -3 4
-1 5 -2 4
-1 5 -1 4
-1 5 0 4
-1 5 1 4
-1 5 2 4
-1 5 3 4
-1 5 4 4
-1 5 5 16
-1 5 6 19
-1 5 7 0
0 5 -5 16
0 5 -4 4
0 5 -3 4
0 5 -2 4
0 5 -1 4
0 5 0 4
0 5 1 4
0 5 2 4
0 5 3 4
0 5 4 8
0 5 5 20
0 5 6 4
0 5 7 0
1 5 -5 16
1 5 -4 4
1 5 -3 4
1 5 -2 4
1 5 -1 4
1 5 0 21
1 5 1 4
1 5 2 4
1 5 3 4
1 5 4 4
1 5 5 16
1 5 6 22
1 5 7 0
2 5 -5 16
2 5 -4 23
2 5 -3 24
2 5 -2 4
2 5 -1 4
2 5 0 4
2 5 1 4
2 5 2 4
2 5 3 4
2 5 4 4
2 5 5 16
2 5 6 0
2 5 7 0
3 5 -5 16
3 5 -4 4
3 5 -3 4
3 5 -2 4
3 5 -1 4
3 5 0 4
3 5 1 4
3 5 2 4
3 5 3 4
3 5 4 4
3 5 5 16
4 5 -5 16
4 5 -4 23
4 5 -3 24
4 5 -2 4
4 5 -1 4
4 5 0 4
4 5 1 4
4 5 2 4
4 5 3 4
4 5 4 4
4 5 5 16
4 5 6 18
5 5 -5 15
5 5 -4 16
5 5 -3 16
5 5 -2 16
5 5 -1 16
5 5 0 16
5 5 1 16
5 5 2 16
5 5 3 16
5 5 4 16
5 5 5 15
-5 6 -5 15
-5 6 -4 9
-5 6 -3 16
-5 6 -2 9
-5 6 -1 16
-5 6 0 9
-5 6 1 16
-5 6 2 9
-5 6 3 16
-5 6 4 9
-5 6 5 15
-4 6 -5 10
-4 6 -4 3
-4 6 -3 4
-4 6 -2 4
-4 6 -1 4
-4 6 0 4
-4 6 1 4
-4 6 2 4
-4 6 3 4
-4 6 4 4
-4 6 5 10
-3 6 -5 16
-3 6 -4 4
-3 6 -3 4
-3 6 -2 4
-3 6 -1 4
-3 6 0 4
-3 6 1 4
-3 6 2 4
-3 6 3 4
-3 6 4 4
-3 6 5 16
-2 6 -5 10
-2 6 -4 4
-2 6 -3 4
-2 6 -2 4
-2 6 -1 4
-2 6 0 4
-2 6 1 4
-2 6 2 4
-2 6 3 4
-2 6 4 4
-2 6 5 11
-2 6 6 0
-2 6 7 0
-1 6 -5 16
-1 6 -4 4
-1 6 -3 4
-1 6 -2 4
-1 6 -1 4
-1 6 0 4
-1 6 1 4
-1 6 2 4
-1 6 3 4
-1 6 4 4
-1 6 5 16
-1 6 7 0
0 6 -5 10
0 6 -4 4
0 6 -3 4
0 6 -2 4
0 6 -1 4
0 6 0 4
0 6 1 4
0 6 2 4
0 6 3 4
0 6 4 4
0 6 5 25
0 6 7 0
1 6 -5 16
1 6 -4 4
1 6 -3 4
1 6 -2 4
1 6 -1 4
1 6 0 4
1 6 1 4
1 6 2 4
1 6 3 4
1 6 4 4
1 6 5 16
1 6 7 0
2 6 -5 10
2 6 -4 4
2 6 -3 4
2 6 -2 4
2 6 -1 4
2 6 0 4
2 6 1 4
2 6 2 4
2 6 3 4
2 6 4 4
2 6 5 11
2 6 6 0
2 6 7 0
3 6 -5 16
3 6 -4 4
3 6 -3 4
3 6 -2 4
3 6 -1 4
3 6 0 4
3 6 1 4
3 6 2 4
3 6 3 4
3 6 4 4
3 6 5 16
4 6 -5 10
4 6 -4 4
4 6 -3 4
4 6 -2 4
4 6 -1 4
4 6 0 4
4 6 1 4
4 6 2 4
4 6 3 4
4 6 4 4
4 6 5 10
5 6 -5 15
5 6 -4 9
5 6 -3 16
5 6 -2 9
5 6 -1 16
5 6 0 9
5 6 1 16
5 6 2 9
5 6 3 16
5 6 4 9
5 6 5 15
-5 7 -5 15
-5 7 -4 9
-5 7 -3 16
-5 7 -2 9
-5 7 -1 16
-5 7 0 9
-5 7 1 16
-5 7 2 9
-5 7 3 16
-5 7 4 9
-5 7 5 15
-4 7 -5 10
-4 7 -4 3
-4 7 -3 4
-4 7 -2 4
-4 7 -1 4
-4 7 0 4
-4 7 1 4
-4 7 2 4
-4 7 3 4
-4 7 4 4
-4 7 5 10
-3 7 -5 16
-3 7 -4 4
-3 7 -3 4
-3 7 -2 4
-3 7 -1 4
-3 7 0 4
-3 7 1 4
-3 7 2 4
-3 7 3 4
-3 7 4 4
-3 7 5 16
-2 7 -5 10
-2 7 -4 4
-2 7 -3 4
-2 7 -2 4
-2 7 -1 4
-2 7 0 4
-2 7 1 4
-2 7 2 4
-2 7 3 4
-2 7 4 4
-2 7 5 11
-2 7 6 0
-2 7 7 0
-1 7 -5 16
-1 7 -4 4
-1 7 -3 4
-1 7 -2 4
-1 7 -1 4
-1 7 0 4
-1 7 1 4
-1 7 2 4
-1 7 3 4
-1 7 4 4
-1 7 5 16
-1 7 7 0
0 7 -5 10
0 7 -4 4
0 7 -3 4
0 7 -2 4
0 7 -1 4
0 7 0 4
0 7 1 4
0 7 2 4
0 7 3 4
0 7 4 4
0 7 5 10
0 7 7 0
1 7 -5 16
1 7 -4 4
1 7 -3 4
1 7 -2 4
1 7 -1 4
1 7 0 4
1 7 1 4
1 7 2 4
1 7 3 4
1 7 4 4
1 7 5 16
1 7 7 0
2 7 -5 10
2 7 -4 4
2 7 -3 4
2 7 -2 4
2 7 -1 4
2 7 0 4
2 7 1 4
2 7 2 4
2 7 3 4
2 7 4 4
2 7 5 11
2 7 6 0
2 7 7 0
3 7 -5 16
3 7 -4 4
3 7 -3 4
3 7 -2 4
3 7 -1 4
3 7 0 4
3 7 1 4
3 7 2 4
3 7 3 4
3 7 4 4
3 7 5 16
4 7 -5 10
4 7 -4 4
4 7 -3 4
4 7 -2 4
4 7 -1 4
4 7 0 4
4 7 1 4
4 7 2 4
4 7 3 4
4 7 4 4
4 7 5 10
5 7 -5 15
5 7 -4 9
5 7 -3 16
5 7 -2 9
5 7 -1 16
5 7 0 9
5 7 1 16
5 7 2 9
5 7 3 16
5 7 4 9
5 7 5 15
-5 8 -5 15
-5 8 -4 26
-5 8 -3 26
-5 8 -2 26
-5 8 -1 26
-5 8 0 26
-5 8 1 26
-5 8 2 26
-5 8 3 26
-5 8 4 26
-5 8 5 15
-4 8 -5 27
-4 8 -4 3
-4 8 -3 1
-4 8 -2 1
-4 8 -1 1
-4 8 0 1
-4 8 1 1
-4 8 2 1
-4 8 3 1
-4 8 4 1
-4 8 5 27
-3 8 -5 27
-3 8 -4 1
-3 8 -3 1
-3 8 -2 1
-3 8 -1 1
-3 8 0 1
-3 8 1 1
-3 8 2 1
-3 8 3 1
-3 8 4 1
-3 8 5 27
-2 8 -5 27
-2 8 -4 1
-2 8 -3 1
-2 8 -2 1
-2 8 -1 1
-2 8 0 1
-2 8 1 1
-2 8 2 1
-2 8 3 1
-2 8 4 1
-2 8 5 27
-2 8 6 0
-2 8 7 0
-1 8 -5 27
-1 8 -4 1
-1 8 -3 1
-1 8 -2 1
-1 8 -1 1
-1 8 0 1
-1 8 1 1
-1 8 2 1
-1 8 3 1
-1 8 4 1
-1 8 5 27
-1 8 7 0
0 8 -5 27
0 8 -4 1
0 8 -3 1
0 8 -2 1
0 8 -1 1
0 8 0 1
0 8 1 1
0 8 2 1
0 8 3 1
0 8 4 1
0 8 5 27
0 8 7 0
1 8 -5 27
1 8 -4 1
1 8 -3 1
1 8 -2 1
1 8 -1 1
1 8 0 1
1 8 1 1
1 8 2 1
1 8 3 1
1 8 4 1
1 8 5 27
1 8 7 0
2 8 -5 27
2 8 -4 1
2 8 -3 1
2 8 -2 1
2 8 -1 1
2 8 0 1
2 8 1 1
2 8 2 1
2 8 3 1
2 8 4 1
2 8 5 27
2 8 6 0
2 8 7 0
3 8 -5 27
3 8 -4 1
3 8 -3 1
3 8 -2 1
3 8 -1 1
3 8 0 1
3 8 1 1
3 8 2 1
3 8 3 1
3 8 4 1
3 8 5 27
4 8 -5 27
4 8 -4 1
4 8 -3 1
4 8 -2 1
4 8 -1 1
4 8 0 1
4 8 1 1
4 8 2 1
4 8 3 1
4 8 4 1
4 8 5 27
5 8 -5 15
5 8 -4 26
5 8 -3 26
5 8 -2 26
5 8 -1 26
5 8 0 26
5 8 1 26
5 8 2 26
5 8 3 26
5 8 4 26
5 8 5 15
-5 9 -5 15
-5 9 -4 16
-5 9 -3 16
-5 9 -2 16
-5 9 -1 16
-5 9 0 16
-5 9 1 16
-5 9 2 16
-5 9 3 16
-5 9 4 16
-5 9 5 15
-4 9 -5 16
-4 9 -4 3
-4 9 -3 4
-4 9 -2 4
-4 9 -1 4
-4 9 0 4
-4 9 1 4
-4 9 2 4
-4 9 3 4
-4 9 4 17
-4 9 5 16
-3 9 -5 16
-3 9 -4 4
-3 9 -3 4
-3 9 -2 4
-3 9 -1 4
-3 9 0 4
-3 9 1 4
-3 9 2 4
-3 9 3 4
-3 9 4 4
-3 9 5 16
-2 9 -5 16
-2 9 -4 4
-2 9 -3 4
-2 9 -2 4
-2 9 -1 4
-2 9 0 4
-2 9 1 4
-2 9 2 4
-2 9 3 4
-2 9 4 4
-2 9 5 16
-2 9 6 0
-2 9 7 0
-1 9 -5 16
-1 9 -4 4
-1 9 -3 4
-1 9 -2 4
-1 9 -1 4
-1 9 0 4
-1 9 1 4
-1 9 2 4
-1 9 3 4
-1 9 4 4
-1 9 5 16
-1 9 7 0
0 9 -5 16
0 9 -4 4
0 9 -3 4
0 9 -2 4
0 9 -1 4
0 9 0 4
0 9 1 4
0 9 2 4
0 9 3 4
0 9 4 8
0 9 5 16
0 9 7 0
1 9 -5 16
1 9 -4 4
1 9 -3 4
1 9 -2 4
1 9 -1 4
1 9 0 21
1 9 1 4
1 9 2 4
1 9 3 4
1 9 4 4
1 9 5 16
1 9 7 0
2 9 -5 16
2 9 -4 23
2 9 -3 24
2 9 -2 4
2 9 -1 4
2 9 0 4
2 9 1 4
2 9 2 4
2 9 3 4
2 9 4 4
2 9 5 16
2 9 6 0
2 9 7 0
3 9 -5 16
3 9 -4 4
3 9 -3 4
3 9 -2 4
3 9 -1 4
3 9 0 4
3 9 1 4
3 9 2 4
3 9 3 4
3 9 4 4
3 9 5 16
4 9 -5 16
4 9 -4 23
4 9 -3 24
4 9 -2 4
4 9 -1 4
4 9 0 4
4 9 1 4
4 9 2 4
4 9 3 4
4 9 4 4
4 9 5 16
5 9 -5 15
5 9 -4 16
5 9 -3 16
5 9 -2 16
5 9 -1 16
5 9 0 16
5 9 1 16
5 9 2 16
5 9 3 16
5 9 4 16
5 9 5 15
-5 10 -5 15
-5 10 -4 9
-5 10 -3 16
-5 10 -2 9
-5 10 -1 16
-5 10 0 9
-5 10 1 16
-5 10 2 9
-5 10 3 16
-5 10 4 9
-5 10 5 15
-4 10 -5 10
-4 10 -4 4
-4 10 -3 4
-4 10 -2 4
-4 10 -1 4
-4 10 0 4
-4 10 1 4
-4 10 2 4
-4 10 3 4
-4 10 4 4
-4 10 5 10
-3 10 -5 16
-3 10 -4 4
-3 10 -3 4
-3 10 -2 4
-3 10 -1 4
-3 10 0 4
-3 10 1 4
-3 10 2 4
-3 10 3 4
-3 10 4 4
-3 10 5 16
-2 10 -5 10
-2 10 -4 4
-2 10 -3 4
-2 10 -2 4
-2 10 -1 4
-2 10 0 4
-2 10 1 4
-2 10 2 4
-2 10 3 4
-2 10 4 4
-2 10 5 11
-2 10 6 0
-2 10 7 0
-1 10 -5 16
-1 10 -4 4
-1 10 -3 4
-1 10 -2 4
-1 10 -1 4
-1 10 0 4
-1 10 1 4
-1 10 2 4
-1 10 3 4
-1 10 4 4
-1 10 5 16
-1 10 7 0
0 10 -5 10
0 10 -4 4
0 10 -3 4
0 10 -2 4
0 10 -1 4
0 10 0 4
0 10 1 4
0 10 2 4
0 10 3 4
0 10 4 4
0 10 5 10
0 10 7 0
1 10 -5 16
1 10 -4 4
1 10 -3 4
1 10 -2 4
1 10 -1 4
1 10 0 4
1 10 1 4
1 10 2 4
1 10 3 4
1 10 4 4
1 10 5 16
1 10 7 0
2 10 -5 10
2 10 -4 4
2 10 -3 4
2 10 -2 4
2 10 -1 4
2 10 0 4
2 10 1 4
2 10 2 4
2 10 3 4
2 10 4 4
2 10 5 11
2 10 6 0
2 10 7 0
3 10 -5 16
3 10 -4 4
3 10 -3 4
3 10 -2 4
3 10 -1 4
3 10 0 4
3 10 1 4
3 10 2 4
3 10 3 4
3 10 4 4
3 10 5 16
4 10 -5 10
4 10 -4 4
4 10 -3 4
4 10 -2 4
4 10 -1 28
4 10 0 4
4 10 1 4
4 10 2 4
4 10 3 4
4 10 4 4
4 10 5 10
5 10 -5 15
5 10 -4 9
5 10 -3 16
5 10 -2 9
5 10 -1 16
5 10 0 9
5 10 1 16
5 10 2 9
5 10 3 16
5 10 4 9
5 10 5 15
-5 11 -5 15
-5 11 -4 9
-5 11 -3 16
-5 11 -2 9
-5 11 -1 16
-5 11 0 9
-5 11 1 16
-5 11 2 9
-5 11 3 16
-5 11 4 9
-5 11 5 15
-4 11 -5 10
-4 11 -4 4
-4 11 -3 4
-4 11 -2 4
-4 11 -1 4
-4 11 0 4
-4 11 1 4
-4 11 2 4
-4 11 3 4
-4 11 4 4
-4 11 5 10
-3 11 -5 16
-3 11 -4 4
-3 11 -3 4
-3 11 -2 4
-3 11 -1 4
-3 11 0 4
-3 11 1 4
-3 11 2 4
-3 11 3 4
-3 11 4 4
-3 11 5 16
-2 11 -5 10
-2 11 -4 4
-2 11 -3 4
-2 11 -2 4
-2 11 -1 4
-2 11 0 4
-2 11 1 4
-2 11 2 4
-2 11 3 4
-2 11 4 4
-2 11 5 11
-2 11 6 0
-2 11 7 0
-1 11 -5 16
-1 11 -4 4
-1 11 -3 4
-1 11 -2 4
-1 11 -1 4
-1 11 0 4
-1 11 1 4
-1 11 2 4
-1 11 3 4
-1 11 4 4
-1 11 5 16
-1 11 7 0
0 11 -5 10
0 11 -4 4
0 11 -3 4
0 11 -2 4
0 11 -1 4
0 11 0 4
0 11 1 4
0 11 2 4
0 11 3 4
0 11 4 4
0 11 5 10
0 11 7 0
1 11 -5 16
1 11 -4 4
1 11 -3 4
1 11 -2 4
1 11 -1 4
1 11 0 4
1 11 1 4
1 11 2 4
1 11 3 4
1 11 4 4
1 11 5 16
1 11 7 0
2 11 -5 10
2 11 -4 4
2 11 -3 4
2 11 -2 4
2 11 -1 4
2 11 0 4
2 11 1 4
2 11 2 4
2 11 3 4
2 11 4 4
2 11 5 11
2 11 6 0
2 11 7 0
3 11 -5 16
3 11 -4 4
3 11 -3 4
3 11 -2 4
3 11 -1 4
3 11 0 4
3 11 1 4
3 11 2 4
3 11 3 4
3 11 4 4
3 11 5 16
4 11 -5 10
4 11 -4 4
4 11 -3 4
4 11 -2 4
4 11 -1 28
4 11 0 4
4 11 1 4
4 11 2 4
4 11 3 4
4 11 4 4
4 11 5 10
5 11 -5 15
5 11 -4 9
5 11 -3 16
5 11 -2 9
5 11 -1 16
5 11 0 9
5 11 1 16
5 11 2 9
5 11 3 16
5 11 4 9
5 11 5 15
-6 12 -6 29
-6 12 6 30
-5 12 -6 29
-5 12 -5 15
-5 12 -4 26
-5 12 -3 26
-5 12 -2 26
-5 12 -1 26
-5 12 0 26
-5 12 1 26
-5 12 2 26
-5 12 3 26
-5 12 4 26
-5 12 5 15
-5 12 6 30
-4 12 -6 29
-4 12 -5 27
-4 12 -4 4
-4 12 -3 4
-4 12 -2 4
-4 12 -1 4
-4 12 0 4
-4 12 1 4
-4 12 2 4
-4 12 3 4
-4 12 4 4
-4 12 5 27
-4 12 6 30
-3 12 -6 29
-3 12 -5 27
-3 12 -4 4
-3 12 -3 4
-3 12 -2 4
-3 12 -1 4
-3 12 0 4
-3 12 1 4
-3 12 2 4
-3 12 3 4
-3 12 4 4
-3 12 5 27
-3 12 6 30
-2 12 -6 29
-2 12 -5 27
-2 12 -4 4
-2 12 -3 4
-2 12 -2 4
-2 12 -1 4
-2 12 0 4
-2 12 1 4
-2 12 2 4
-2 12 3 4
-2 12 4 4
-2 12 5 27
-2 12 6 0
-2 12 7 0
-1 12 -6 29
-1 12 -5 27
-1 12 -4 4
-1 12 -3 4
-1 12 -2 4
-1 12 -1 4
-1 12 0 4
-1 12 1 4
-1 12 2 4
-1 12 3 4
-1 12 4 4
-1 12 5 27
-1 12 6 30
-1 12 7 0
0 12 -6 29
0 12 -5 27
0 12 -4 4
0 12 -3 4
0 12 -2 4
0 12 -1 4
0 12 0 4
0 12 1 4
0 12 2 4
0 12 3 4
0 12 4 4
0 12 5 27
0 12 6 30
0 12 7 0
1 12 -6 29
1 12 -5 27
1 12 -4 4
1 12 -3 4
1 12 -2 4
1 12 -1 4
1 12 0 4
1 12 1 4
1 12 2 4
1 12 3 4
1 12 4 4
1 12 5 27
1 12 6 30
1 12 7 0
2 12 -6 29
2 12 -5 27
2 12 -4 4
2 12 -3 4
2 12 -2 4
2 12 -1 4
2 12 0 4
2 12 1 4
2 12 2 4
2 12 3 4
2 12 4 4
2 12 5 27
2 12 6 0
2 12 7 0
3 12 -6 29
3 12 -5 27
3 12 -4 4
3 12 -3 4
3 12 -2 4
3 12 -1 4
3 12 0 4
3 12 1 4
3 12 2 4
3 12 3 4
3 12 4 4
3 12 5 27
3 12 6 30
4 12 -6 29
4 12 -5 27
4 12 -4 4
4 12 -3 4
4 12 -2 4
4 12 -1 28
4 12 0 4
4 12 1 4
4 12 2 4
4 12 3 4
4 12 4 4
4 12 5 27
4 12 6 30
5 12 -6 29
5 12 -5 15
5 12 -4 26
5 12 -3 26
5 12 -2 26
5 12 -1 26
5 12 0 26
5 12 1 26
5 12 2 26
5 12 3 26
5 12 4 26
5 12 5 15
5 12 6 30
6 12 -6 29
6 12 6 30
-6 13 -5 29
-6 13 5 30
-5 13 -5 29
-5 13 -4 16
-5 13 -3 16
-5 13 -2 16
-5 13 -1 16
-5 13 0 16
-5 13 1 16
-5 13 2 16
-5 13 3 16
-5 13 4 16
-5 13 5 30
-4 13 -5 29
-4 13 -3 4
-4 13 -2 4
-4 13 -1 4
-4 13 0 4
-4 13 1 4
-4 13 2 4
-4 13 3 4
-4 13 5 30
-3 13 -5 29
-3 13 -3 4
-3 13 -2 4
-3 13 -1 4
-3 13 0 4
-3 13 1 4
-3 13 2 4
-3 13 3 4
-3 13 5 30
-2 13 -5 29
-2 13 -3 4
-2 13 -2 4
-2 13 -1 4
-2 13 0 4
-2 13 1 4
-2 13 2 4
-2 13 3 0
-2 13 4 0
-2 13 5 0
-2 13 6 0
-2 13 7 0
-1 13 -5 29
-1 13 -3 4
-1 13 -2 4
-1 13 -1 4
-1 13 0 4
-1 13 1 4
-1 13 2 4
-1 13 3 0
-1 13 4 4
-1 13 5 4
-1 13 6 4
-1 13 7 0
0 13 -5 29
0 13 -3 4
0 13 -2 4
0 13 -1 4
0 13 0 4
0 13 1 4
0 13 2 4
0 13 3 0
0 13 4 4
0 13 5 4
0 13 6 4
0 13 7 0
1 13 -5 29
1 13 -3 4
1 13 -2 4
1 13 -1 4
1 13 0 4
1 13 1 4
1 13 2 4
1 13 3 0
1 13 4 4
1 13 5 4
1 13 6 4
1 13 7 0
2 13 -5 29
2 13 -3 4
2 13 -2 4
2 13 -1 4
2 13 0 4
2 13 1 4
2 13 2 4
2 13 3 0
2 13 4 0
2 13 5 0
2 13 6 0
2 13 7 0
3 13 -5 29
3 13 -3 4
3 13 -2 4
3 13 -1 4
3 13 0 4
3 13 1 4
3 13 2 4
3 13 3 4
3 13 5 30
4 13 -5 29
4 13 -3 4
4 13 -2 4
4 13 -1 28
4 13 0 4
4 13 1 4
4 13 2 4
4 13 3 4
4 13 5 30
5 13 -5 29
5 13 -4 16
5 13 -3 16
5 13 -2 16
5 13 -1 16
5 13 0 16
5 13 1 16
5 13 2 16
5 13 3 16
5 13 4 16
5 13 5 30
6 13 -5 29
6 13 5 30
-6 14 -4 29
-6 14 4 30
-5 14 -4 29
-5 14 -3 16
-5 14 -2 16
-5 14 -1 16
-5 14 0 16
-5 14 1 16
-5 14 2 16
-5 14 3 16
-5 14 4 30
-4 14 -4 29
-4 14 -2 4
-4 14 -1 4
-4 14 0 4
-4 14 1 4
-4 14 2 4
-4 14 4 30
-3 14 -4 29
-3 14 -2 4
-3 14 -1 4
-3 14 0 4
-3 14 1 4
-3 14 2 4
-3 14 4 30
-2 14 -4 29
-2 14 -2 4
-2 14 -1 4
-2 14 0 4
-2 14 1 4
-2 14 2 4
-2 14 3 0
-2 14 4 0
-2 14 5 0
-2 14 6 0
-2 14 7 0
-1 14 -4 29
-1 14 -2 4
-1 14 -1 4
-1 14 0 4
-1 14 1 4
-1 14 2 4
-1 14 3 0
-1 14 4 4
-1 14 5 4
-1 14 6 4
-1 14 7 0
0 14 -4 29
0 14 -2 4
0 14 -1 4
0 14 0 4
0 14 1 4
0 14 2 4
0 14 3 0
0 14 4 4
0 14 5 4
0 14 6 4
0 14 7 0
1 14 -4 29
1 14 -2 4
1 14 -1 4
1 14 0 4
1 14 1 4
1 14 2 4
1 14 3 0
1 14 4 4
1 14 5 4
1 14 6 4
1 14 7 0
2 14 -4 29
2 14 -2 4
2 14 -1 4
2 14 0 4
2 14 1 4
2 14 2 4
2 14 3 0
2 14 4 0
2 14 5 0
2 14 6 0
2 14 7 0
3 14 -4 29
3 14 -2 4
3 14 -1 4
3 14 0 4
3 14 1 4
3 14 2 4
3 14 4 30
4 14 -4 29
4 14 -2 4
4 14 -1 28
4 14 0 4
4 14 1 4
4 14 2 4
4 14 4 30
5 14 -4 29
5 14 -3 16
5 14 -2 16
5 14 -1 16
5 14 0 16
5 14 1 16
5 14 2 16
5 14 3 16
5 14 4 30
6 14 -4 29
6 14 4 30
-6 15 -3 29
-6 15 3 30
-5 15 -3 29
-5 15 -2 16
-5 15 -1 16
-5 15 0 16
-5 15 1 16
-5 15 2 16
-5 15 3 30
-4 15 -3 29
-4 15 -1 4
-4 15 0 4
-4 15 1 4
-4 15 3 30
-3 15 -3 29
-3 15 -1 4
-3 15 0 4
-3 15 1 4
-3 15 3 30
-2 15 -3 29
-2 15 -1 4
-2 15 0 4
-2 15 1 4
-2 15 3 0
-2 15 4 0
-2 15 5 0
-2 15 6 0
-2 15 7 0
-1 15 -3 29
-1 15 -1 4
-1 15 0 4
-1 15 1 4
-1 15 3 0
-1 15 4 4
-1 15 5 4
-1 15 6 4
-1 15 7 0
0 15 -3 29
0 15 -1 4
0 15 0 4
0 15 1 4
0 15 3 0
0 15 4 4
0 15 5 4
0 15 6 4
0 15 7 0
1 15 -3 29
1 15 -1 4
1 15 0 4
1 15 1 4
1 15 3 0
1 15 4 4
1 15 5 4
1 15 6 4
1 15 7 0
2 15 -3 29
2 15 -1 4
2 15 0 4
2 15 1 4
2 15 3 0
2 15 4 0
2 15 5 0
2 15 6 0
2 15 7 0
3 15 -3 29
3 15 -1 4
3 15 0 4
3 15 1 4
3 15 3 30
4 15 -3 29
4 15 -1 28
4 15 0 4
4 15 1 4
4 15 3 30
5 15 -3 29
5 15 -2 16
5 15 -1 16
5 15 0 16
5 15 1 16
5 15 2 16
5 15 3 30
6 15 -3 29
6 15 3 30
-6 16 -2 29
-6 16 2 30
-5 16 -2 29
-5 16 -1 16
-5 16 0 16
-5 16 1 16
-5 16 2 30
-4 16 -2 29
-4 16 0 4
-4 16 2 30
-3 16 -2 29
-3 16 0 4
-3 16 2 30
-2 16 -2 29
-2 16 0 4
-2 16 2 30
-2 16 3 0
-2 16 4 0
-2 16 5 0
-2 16 6 0
-2 16 7 0
-1 16 -2 29
-1 16 0 4
-1 16 2 30
-1 16 3 0
-1 16 4 4
-1 16 5 4
-1 16 6 4
-1 16 7 0
0 16 -2 29
0 16 0 4
0 16 2 30
0 16 3 0
0 16 4 4
0 16 5 4
0 16 6 4
0 16 7 31
1 16 -2 29
1 16 0 4
1 16 2 30
1 16 3 0
1 16 4 4
1 16 5 4
1 16 6 4
1 16 7 0
2 16 -2 29
2 16 0 4
2 16 2 30
2 16 3 0
2 16 4 0
2 16 5 0
2 16 6 0
2 16 7 0
3 16 -2 29
3 16 0 4
3 16 2 30
4 16 -2 29
4 16 -1 28
4 16 0 4
4 16 2 30
5 16 -2 29
5 16 -1 16
5 16 0 16
5 16 1 16
5 16 2 30
6 16 -2 29
6 16 2 30
-6 17 -1 29
-6 17 0 32
-6 17 1 30
-5 17 -1 29
-5 17 0 32
-5 17 1 30
-4 17 -1 29
-4 17 0 32
-4 17 1 30
-3 17 -1 29
-3 17 0 32
-3 17 1 30
-2 17 -1 29
-2 17 0 32
-2 17 1 30
-2 17 3 0
-2 17 4 0
-2 17 5 0
-2 17 6 0
-2 17 7 0
-1 17 -1 29
-1 17 0 32
-1 17 1 30
-1 17 3 0
-1 17 4 4
-1 17 5 4
-1 17 6 4
-1 17 7 0
0 17 -1 29
0 17 0 32
0 17 1 30
0 17 3 0
0 17 4 4
0 17 5 4
0 17 6 4
0 17 7 0
1 17 -1 29
1 17 0 32
1 17 1 30
1 17 3 0
1 17 4 4
1 17 5 4
1 17 6 4
1 17 7 0
2 17 -1 29
2 17 0 32
2 17 1 30
2 17 3 0
2 17 4 0
2 17 5 0
2 17 6 0
2 17 7 0
3 17 -1 29
3 17 0 32
3 17 1 30
4 17 -1 28
4 17 0 32
4 17 1 30
5 17 -1 29
5 17 0 32
5 17 1 30
6 17 -1 29
6 17 0 32
6 17 1 30
-6 18 0 33
-5 18 0 33
-4 18 0 33
-3 18 0 33
-2 18 0 33
-2 18 3 0
-2 18 4 0
-2 18 5 0
-2 18 6 0
-2 18 7 0
-1 18 0 33
-1 18 3 0
-1 18 4 4
-1 18 5 4
-1 18 6 4
-1 18 7 0
0 18 0 33
0 18 3 0
0 18 4 4
0 18 5 4
0 18 6 4
0 18 7 0
1 18 0 33
1 18 3 0
1 18 4 4
1 18 5 4
1 18 6 4
1 18 7 0
2 18 0 33
2 18 3 0
2 18 4 0
2 18 5 0
2 18 6 0
2 18 7 0
3 18 0 33
4 18 -1 28
4 18 0 33
5 18 0 33
6 18 0 33
-2 19 3 0
-2 19 4 0
-2 19 5 0
-2 19 6 0
-2 19 7 0
-1 19 3 0
-1 19 4 4
-1 19 5 4
-1 19 6 4
-1 19 7 0
0 19 3 0
0 19 4 4
0 19 5 4
0 19 6 4
0 19 7 0
1 19 3 0
1 19 4 4
1 19 5 4
1 19 6 4
1 19 7 0
2 19 3 0
2 19 4 0
2 19 5 0
2 19 6 0
2 19 7 0
4 19 -1 28
-2 20 3 0
-2 20 4 4
-2 20 5 4
-2 20 6 4
-2 20 7 0
-1 20 3 4
-1 20 4 4
-1 20 5 4
-1 20 6 4
-1 20 7 4
0 20 3 4
0 20 4 4
0 20 5 4
0 20 6 4
0 20 7 4
1 20 3 4
1 20 4 4
1 20 5 4
1 20 6 4
1 20 7 4
2 20 3 0
2 20 4 4
2 20 5 4
2 20 6 4
2 20 7 0
4 20 -1 34
-2 21 3 0
-2 21 4 4
-2 21 5 4
-2 21 6 4
-2 21 7 0
-1 21 3 4
-1 21 4 4
-1 21 5 4
-1 21 6 4
-1 21 7 4
0 21 3 4
0 21 4 4
0 21 5 35
0 21 6 4
0 21 7 4
1 21 3 4
1 21 4 4
1 21 5 4
1 21 6 4
1 21 7 4
2 21 3 0
2 21 4 4
2 21 5 4
2 21 6 4
2 21 7 0
-2 22 3 0
-2 22 4 4
-2 22 5 4
-2 22 6 4
-2 22 7 0
-1 22 3 4
-1 22 4 4
-1 22 5 4
-1 22 6 4
-1 22 7 4
0 22 3 4
0 22 4 4
0 22 5 4
0 22 6 4
0 22 7 4
1 22 3 4
1 22 4 4
1 22 5 4
1 22 6 4
1 22 7 4
2 22 3 0
2 22 4 4
2 22 5 4
2 22 6 4
2 22 7 0
-2 23 3 0
-2 23 4 4
-2 23 5 4
-2 23 6 4
-2 23 7 0
-1 23 3 4
-1 23 4 4
-1 23 5 4
-1 23 6 4
-1 23 7 4
0 23 3 4
0 23 4 4
0 23 5 4
0 23 6 4
0 23 7 4
1 23 3 4
1 23 4 4
1 23 5 4
1 23 6 4
1 23 7 4
2 23 3 0
2 23 4 4
2 23 5 4
2 23 6 4
2 23 7 0
-3 24 2 32
-3 24 3 32
-3 24 4 32
-3 24 5 32
-3 24 6 32
-3 24 7 32
-3 24 8 32
-2 24 2 32
-2 24 3 32
-2 24 4 32
-2 24 5 32
-2 24 6 32
-2 24 7 32
-2 24 8 32
-1 24 2 32
-1 24 3 32
-1 24 4 32
-1 24 5 32
-1 24 6 32
-1 24 7 32
-1 24 8 32
0 24 2 32
0 24 3 32
0 24 4 32
0 24 5 32
0 24 6 32
0 24 7 32
0 24 8 32
1 24 2 32
1 24 3 32
1 24 4 32
1 24 5 32
1 24 6 32
1 24 7 32
1 24 8 32
2 24 2 32
2 24 3 32
2 24 4 32
2 24 5 32
2 24 6 32
2 24 7 32
2 24 8 32
3 24 2 32
3 24 3 32
3 24 4 32
3 24 5 32
3 24 6 32
3 24 7 32
3 24 8 32
-2 25 3 32
-2 25 4 32
-2 25 5 32
-2 25 6 32
-2 25 7 32
-1 25 3 32
-1 25 4 32
-1 25 5 32
-1 25 6 32
-1 25 7 32
0 25 3 32
0 25 4 32
0 25 5 32
0 25 6 32
0 25 7 32
1 25 3 32
1 25 4 32
1 25 5 32
1 25 6 32
1 25 7 32
2 25 3 32
2 25 4 32
2 25 5 32
2 25 6 32
2 25 7 32
-1 26 4 32
-1 26 5 32
-1 26 6 32
0 26 4 32
0 26 5 32
0 26 6 32
1 26 4 32
1 26 5 32
1 26 6 32
0 27 5 32
0 28 5 36
