core 0 1 4
P minecraft:cobblestone_stairs[facing=east,half=bottom,shape=straight,waterlogged=false]
P minecraft:cobblestone_stairs[facing=south,half=bottom,shape=straight,waterlogged=false]
P minecraft:cobblestone
P minecraft:mossy_cobblestone
P minecraft:andesite
P minecraft:cobblestone_stairs[facing=north,half=bottom,shape=straight,waterlogged=false]
P minecraft:spruce_planks
P minecraft:stone
P minecraft:cobblestone_stairs[facing=west,half=bottom,shape=straight,waterlogged=false]
P minecraft:bricks
P minecraft:crafting_table
P minecraft:campfire[facing=east,lit=true,signal_fire=false,waterlogged=false]
P minecraft:stone_bricks
P minecraft:furnace[facing=east,lit=false]
P minecraft:air
P minecraft:spruce_stairs[facing=south,half=top,shape=straight,waterlogged=false]
P minecraft:spruce_stairs[facing=north,half=top,shape=straight,waterlogged=false]
P minecraft:spruce_stairs[facing=west,half=bottom,shape=straight,waterlogged=false]
P minecraft:spruce_door[facing=north,half=lower,hinge=left,open=false,powered=false]
P minecraft:chest[facing=north,type=single,waterlogged=false]
P minecraft:water_cauldron[level=3]
P minecraft:bookshelf
P minecraft:smoker[facing=north,lit=false]
P minecraft:barrel[facing=up,open=false]
P minecraft:dark_oak_trapdoor[facing=north,half=bottom,open=true,powered=false,waterlogged=false]
P minecraft:dark_oak_trapdoor[facing=south,half=bottom,open=true,powered=false,waterlogged=false]
P minecraft:glass_pane[east=true,north=false,south=true,waterlogged=false,west=true]
P minecraft:glass_pane[east=true,north=false,south=false,waterlogged=false,west=true]
P minecraft:spruce_door[facing=north,half=upper,hinge=left,open=false,powered=false]
P minecraft:lantern[hanging=true,waterlogged=false]
P minecraft:potted_fern
P minecraft:flower_pot
P minecraft:brick_stairs[facing=west,half=top,shape=straight,waterlogged=false]
P minecraft:spruce_slab[type=top,waterlogged=false]
P minecraft:stripped_dark_oak_log[axis=x]
P minecraft:dark_oak_log[axis=y]
P minecraft:dark_oak_log[axis=z]
P minecraft:dark_oak_log[axis=x]
P minecraft:stripped_dark_oak_log[axis=z]
P minecraft:granite
P minecraft:spruce_fence[east=true,north=false,south=false,waterlogged=false,west=false]
P minecraft:spruce_fence[east=true,north=false,south=false,waterlogged=false,west=true]
P minecraft:green_carpet
P minecraft:spruce_fence[east=false,north=false,south=false,waterlogged=false,west=true]
P minecraft:spruce_fence[east=false,north=true,south=false,waterlogged=false,west=false]
P minecraft:green_bed[facing=east,occupied=false,part=foot]
P minecraft:green_bed[facing=east,occupied=false,part=head]
P minecraft:lantern[hanging=false,waterlogged=false]
P minecraft:deepslate_tile_slab[type=bottom,waterlogged=false]
P minecraft:deepslate_tile_stairs[facing=east,half=bottom,shape=straight,waterlogged=false]
P minecraft:deepslate_tile_stairs[facing=south,half=bottom,shape=straight,waterlogged=false]
P minecraft:deepslate_tile_stairs[facing=north,half=bottom,shape=straight,waterlogged=false]
P minecraft:cobbled_deepslate_stairs[facing=south,half=bottom,shape=straight,waterlogged=false]
P minecraft:cobbled_deepslate_stairs[facing=north,half=bottom,shape=straight,waterlogged=false]
P minecraft:deepslate_tile_stairs[facing=west,half=bottom,shape=straight,waterlogged=false]
P minecraft:cobbled_deepslate_stairs[facing=west,half=bottom,shape=straight,waterlogged=false]
-7 0 -3 0
-7 0 -2 0
-7 0 -1 0
-7 0 0 0
-7 0 1 0
-7 0 2 0
-7 0 3 0
-6 0 -4 1
-6 0 -3 2
-6 0 -2 3
-6 0 -1 2
-6 0 0 2
-6 0 1 4
-6 0 2 2
-6 0 3 4
-6 0 4 5
-5 0 -4 1
-5 0 -3 2
-5 0 -2 6
-5 0 -1 6
-5 0 0 6
-5 0 1 6
-5 0 2 6
-5 0 3 4
-5 0 4 5
-4 0 -4 1
-4 0 -3 3
-4 0 -2 6
-4 0 -1 6
-4 0 0 6
-4 0 1 6
-4 0 2 6
-4 0 3 2
-4 0 4 5
-3 0 -4 1
-3 0 -3 2
-3 0 -2 6
-3 0 -1 6
-3 0 0 6
-3 0 1 6
-3 0 2 6
-3 0 3 7
-3 0 4 5
-2 0 -4 1
-2 0 -3 2
-2 0 -2 6
-2 0 -1 6
-2 0 0 6
-2 0 1 6
-2 0 2 6
-2 0 3 3
-2 0 4 5
-1 0 -4 1
-1 0 -3 3
-1 0 -2 6
-1 0 -1 6
-1 0 0 6
-1 0 1 6
-1 0 2 6
-1 0 3 3
-1 0 4 5
0 0 -4 1
0 0 -3 2
0 0 -2 6
0 0 -1 6
0 0 0 6
0 0 1 6
0 0 2 6
0 0 3 4
1 0 -4 1
1 0 -3 3
1 0 -2 6
1 0 -1 6
1 0 0 6
1 0 1 6
1 0 2 6
1 0 3 3
1 0 4 5
2 0 -4 1
2 0 -3 2
2 0 -2 6
2 0 -1 6
2 0 0 6
2 0 1 6
2 0 2 6
2 0 3 7
2 0 4 5
3 0 -4 1
3 0 -3 7
3 0 -2 6
3 0 -1 6
3 0 0 6
3 0 1 6
3 0 2 6
3 0 3 2
3 0 4 5
4 0 -4 1
4 0 -3 2
4 0 -2 6
4 0 -1 6
4 0 0 6
4 0 1 6
4 0 2 6
4 0 3 4
4 0 4 5
5 0 -4 1
5 0 -3 4
5 0 -2 6
5 0 -1 6
5 0 0 6
5 0 1 6
5 0 2 6
5 0 3 2
5 0 4 5
6 0 -4 1
6 0 -3 4
6 0 -2 2
6 0 -1 2
6 0 0 7
6 0 1 3
6 0 2 3
6 0 3 4
6 0 4 5
7 0 -3 8
7 0 -2 8
7 0 -1 8
7 0 0 8
7 0 1 8
7 0 2 8
7 0 3 8
-6 1 -3 2
-6 1 -2 3
-6 1 -1 3
-6 1 0 9
-6 1 1 4
-6 1 2 2
-6 1 3 3
-5 1 -3 2
-5 1 -2 10
-5 1 -1 9
-5 1 0 11
-5 1 1 12
-5 1 2 13
-5 1 3 7
-4 1 -3 2
-4 1 -2 14
-4 1 -1 14
-4 1 0 14
-4 1 1 14
-4 1 2 14
-4 1 3 2
-3 1 -3 4
-3 1 -2 6
-3 1 -1 14
-3 1 0 14
-3 1 1 14
-3 1 2 14
-3 1 3 3
-2 1 -4 15
-2 1 -3 4
-2 1 -2 6
-2 1 -1 14
-2 1 0 14
-2 1 1 14
-2 1 2 14
-2 1 3 2
-2 1 4 16
-1 1 -3 2
-1 1 -2 6
-1 1 -1 14
-1 1 0 14
-1 1 1 14
-1 1 2 14
-1 1 3 2
0 1 -3 4
0 1 -2 17
0 1 -1 14
0 1 0 14
0 1 1 14
0 1 2 14
0 1 3 18
1 1 -3 2
1 1 -2 14
1 1 -1 14
1 1 0 14
1 1 1 14
1 1 2 14
1 1 3 2
2 1 -4 15
2 1 -3 2
2 1 -2 14
2 1 -1 14
2 1 0 14
2 1 1 14
2 1 2 19
2 1 3 4
2 1 4 16
3 1 -3 3
3 1 -2 20
3 1 -1 14
3 1 0 14
3 1 1 14
3 1 2 14
3 1 3 4
4 1 -3 4
4 1 -2 21
4 1 -1 14
4 1 0 14
4 1 1 14
4 1 2 22
4 1 3 2
5 1 -3 7
5 1 -2 23
5 1 -1 23
5 1 0 14
5 1 1 14
5 1 2 14
5 1 3 2
6 1 -3 2
6 1 -2 2
6 1 -1 7
6 1 0 2
6 1 1 7
6 1 2 3
6 1 3 2
-6 2 -3 12
-6 2 -2 4
-6 2 -1 7
-6 2 0 9
-6 2 1 3
-6 2 2 2
-6 2 3 12
-5 2 -3 3
-5 2 -2 14
-5 2 -1 12
-5 2 0 14
-5 2 1 9
-5 2 2 14
-5 2 3 4
-4 2 -3 3
-4 2 -2 14
-4 2 -1 14
-4 2 0 14
-4 2 1 14
-4 2 2 14
-4 2 3 2
-3 2 -4 24
-3 2 -3 3
-3 2 -2 6
-3 2 -1 14
-3 2 0 14
-3 2 1 14
-3 2 2 14
-3 2 3 2
-3 2 4 25
-2 2 -3 26
-2 2 -2 6
-2 2 -1 14
-2 2 0 14
-2 2 1 14
-2 2 2 14
-2 2 3 27
-1 2 -4 24
-1 2 -3 2
-1 2 -2 17
-1 2 -1 14
-1 2 0 14
-1 2 1 14
-1 2 2 14
-1 2 3 2
-1 2 4 25
0 2 -3 2
0 2 -2 14
0 2 -1 14
0 2 0 14
0 2 1 14
0 2 2 14
0 2 3 28
1 2 -4 24
1 2 -3 2
1 2 -2 14
1 2 -1 14
1 2 0 14
1 2 1 14
1 2 2 14
1 2 3 2
1 2 4 29
2 2 -3 27
2 2 -2 14
2 2 -1 14
2 2 0 14
2 2 1 14
2 2 2 14
2 2 3 27
3 2 -4 24
3 2 -3 2
3 2 -2 14
3 2 -1 14
3 2 0 14
3 2 1 14
3 2 2 14
3 2 3 3
3 2 4 25
4 2 -3 2
4 2 -2 30
4 2 -1 14
4 2 0 14
4 2 1 14
4 2 2 14
4 2 3 2
5 2 -3 4
5 2 -2 31
5 2 -1 14
5 2 0 14
5 2 1 14
5 2 2 14
5 2 3 3
6 2 -3 12
6 2 -2 2
6 2 -1 2
6 2 0 2
6 2 1 4
6 2 2 4
6 2 3 12
-6 3 -3 2
-6 3 -2 3
-6 3 -1 7
-6 3 0 9
-6 3 1 4
-6 3 2 3
-6 3 3 3
-5 3 -3 3
-5 3 -2 14
-5 3 -1 9
-5 3 0 14
-5 3 1 9
-5 3 2 14
-5 3 3 7
-4 3 -3 2
-4 3 -2 14
-4 3 -1 32
-4 3 0 32
-4 3 1 32
-4 3 2 14
-4 3 3 2
-3 3 -4 24
-3 3 -3 3
-3 3 -2 6
-3 3 -1 14
-3 3 0 14
-3 3 1 14
-3 3 2 14
-3 3 3 2
-3 3 4 25
-2 3 -3 27
-2 3 -2 17
-2 3 -1 14
-2 3 0 14
-2 3 1 14
-2 3 2 14
-2 3 3 27
-1 3 -4 24
-1 3 -3 4
-1 3 -2 14
-1 3 -1 14
-1 3 0 14
-1 3 1 14
-1 3 2 14
-1 3 3 2
-1 3 4 16
0 3 -3 7
0 3 -2 14
0 3 -1 14
0 3 0 29
0 3 1 14
0 3 2 14
0 3 3 12
0 3 4 33
1 3 -4 24
1 3 -3 2
1 3 -2 14
1 3 -1 14
1 3 0 14
1 3 1 14
1 3 2 14
1 3 3 4
1 3 4 16
2 3 -3 27
2 3 -2 14
2 3 -1 14
2 3 0 14
2 3 1 14
2 3 2 14
2 3 3 27
3 3 -4 24
3 3 -3 2
3 3 -2 14
3 3 -1 14
3 3 0 14
3 3 1 14
3 3 2 14
3 3 3 3
3 3 4 25
4 3 -3 4
4 3 -2 14
4 3 -1 14
4 3 0 14
4 3 1 14
4 3 2 14
4 3 3 3
5 3 -3 7
5 3 -2 14
5 3 -1 14
5 3 0 14
5 3 1 14
5 3 2 14
5 3 3 3
6 3 -3 2
6 3 -2 3
6 3 -1 2
6 3 0 4
6 3 1 4
6 3 2 3
6 3 3 2
-7 4 -2 34
-7 4 2 34
-6 4 -3 35
-6 4 -2 36
-6 4 -1 36
-6 4 0 9
-6 4 1 36
-6 4 2 36
-6 4 3 35
-5 4 -3 37
-5 4 -2 6
-5 4 -1 9
-5 4 0 14
-5 4 1 9
-5 4 2 6
-5 4 3 37
-4 4 -3 37
-4 4 -2 6
-4 4 -1 6
-4 4 0 12
-4 4 1 6
-4 4 2 6
-4 4 3 37
-3 4 -3 37
-3 4 -2 17
-3 4 -1 6
-3 4 0 6
-3 4 1 6
-3 4 2 6
-3 4 3 37
-2 4 -4 38
-2 4 -3 37
-2 4 -2 14
-2 4 -1 6
-2 4 0 6
-2 4 1 6
-2 4 2 6
-2 4 3 37
-2 4 4 38
-1 4 -3 37
-1 4 -2 14
-1 4 -1 6
-1 4 0 6
-1 4 1 6
-1 4 2 6
-1 4 3 37
0 4 -3 37
0 4 -2 14
0 4 -1 6
0 4 0 6
0 4 1 6
0 4 2 6
0 4 3 37
1 4 -3 37
1 4 -2 6
1 4 -1 6
1 4 0 6
1 4 1 6
1 4 2 6
1 4 3 37
2 4 -4 38
2 4 -3 37
2 4 -2 6
2 4 -1 6
2 4 0 6
2 4 1 6
2 4 2 6
2 4 3 37
2 4 4 38
3 4 -3 37
3 4 -2 6
3 4 -1 6
3 4 0 6
3 4 1 6
3 4 2 6
3 4 3 37
4 4 -3 37
4 4 -2 6
4 4 -1 6
4 4 0 6
4 4 1 6
4 4 2 6
4 4 3 37
5 4 -3 37
5 4 -2 6
5 4 -1 6
5 4 0 6
5 4 1 6
5 4 2 6
5 4 3 37
6 4 -3 35
6 4 -2 36
6 4 -1 36
6 4 0 36
6 4 1 36
6 4 2 36
6 4 3 35
7 4 -2 34
7 4 2 34
-6 5 -3 35
-6 5 -2 9
-6 5 -1 9
-6 5 0 9
-6 5 1 9
-6 5 2 9
-6 5 3 35
-5 5 -3 9
-5 5 -2 14
-5 5 -1 9
-5 5 0 14
-5 5 1 9
-5 5 2 14
-5 5 3 9
-4 5 -3 35
-4 5 -2 14
-4 5 -1 14
-4 5 0 9
-4 5 1 14
-4 5 2 14
-4 5 3 35
-3 5 -3 9
-3 5 -2 14
-3 5 -1 14
-3 5 0 14
-3 5 1 14
-3 5 2 14
-3 5 3 39
-2 5 -4 15
-2 5 -3 9
-2 5 -2 14
-2 5 -1 40
-2 5 0 14
-2 5 1 14
-2 5 2 23
-2 5 3 9
-2 5 4 16
-1 5 -3 9
-1 5 -2 14
-1 5 -1 41
-1 5 0 42
-1 5 1 42
-1 5 2 14
-1 5 3 9
0 5 -3 35
0 5 -2 14
0 5 -1 43
0 5 0 42
0 5 1 42
0 5 2 19
0 5 3 35
1 5 -3 9
1 5 -2 44
1 5 -1 42
1 5 0 42
1 5 1 42
1 5 2 14
1 5 3 9
2 5 -4 15
2 5 -3 9
2 5 -2 14
2 5 -1 14
2 5 0 14
2 5 1 14
2 5 2 14
2 5 3 9
2 5 4 16
3 5 -3 39
3 5 -2 14
3 5 -1 14
3 5 0 14
3 5 1 14
3 5 2 14
3 5 3 9
4 5 -3 35
4 5 -2 14
4 5 -1 14
4 5 0 14
4 5 1 14
4 5 2 45
4 5 3 35
5 5 -3 9
5 5 -2 23
5 5 -1 21
5 5 0 14
5 5 1 14
5 5 2 46
5 5 3 9
6 5 -3 35
6 5 -2 9
6 5 -1 9
6 5 0 35
6 5 1 9
6 5 2 9
6 5 3 35
-6 6 -3 35
-6 6 -2 9
-6 6 -1 9
-6 6 0 12
-6 6 1 9
-6 6 2 9
-6 6 3 35
-5 6 -3 9
-5 6 -2 14
-5 6 -1 9
-5 6 0 14
-5 6 1 9
-5 6 2 14
-5 6 3 9
-4 6 -3 35
-4 6 -2 14
-4 6 -1 14
-4 6 0 9
-4 6 1 14
-4 6 2 14
-4 6 3 35
-3 6 -4 24
-3 6 -3 9
-3 6 -2 14
-3 6 -1 14
-3 6 0 14
-3 6 1 14
-3 6 2 14
-3 6 3 9
-2 6 -3 27
-2 6 -2 14
-2 6 -1 14
-2 6 0 14
-2 6 1 14
-2 6 2 47
-2 6 3 27
-1 6 -4 24
-1 6 -3 9
-1 6 -2 14
-1 6 -1 14
-1 6 0 14
-1 6 1 14
-1 6 2 14
-1 6 3 9
0 6 -3 35
0 6 -2 14
0 6 -1 14
0 6 0 14
0 6 1 14
0 6 2 14
0 6 3 35
1 6 -4 24
1 6 -3 9
1 6 -2 14
1 6 -1 14
1 6 0 14
1 6 1 14
1 6 2 14
1 6 3 9
1 6 4 25
2 6 -3 27
2 6 -2 14
2 6 -1 14
2 6 0 14
2 6 1 14
2 6 2 14
2 6 3 27
3 6 -4 24
3 6 -3 9
3 6 -2 14
3 6 -1 14
3 6 0 14
3 6 1 14
3 6 2 14
3 6 3 9
3 6 4 25
4 6 -3 35
4 6 -2 14
4 6 -1 14
4 6 0 14
4 6 1 14
4 6 2 14
4 6 3 35
5 6 -3 9
5 6 -2 14
5 6 -1 14
5 6 0 14
5 6 1 14
5 6 2 14
5 6 3 9
6 6 -3 35
6 6 -2 9
6 6 -1 9
6 6 0 35
6 6 1 9
6 6 2 9
6 6 3 35
-7 7 -4 6
-7 7 4 6
-6 7 -3 35
-6 7 -2 9
-6 7 -1 9
-6 7 0 9
-6 7 1 9
-6 7 2 9
-6 7 3 35
-5 7 -3 9
-5 7 -2 14
-5 7 -1 9
-5 7 0 14
-5 7 1 9
-5 7 2 14
-5 7 3 9
-4 7 -3 35
-4 7 -2 14
-4 7 -1 14
-4 7 0 9
-4 7 1 14
-4 7 2 14
-4 7 3 35
-3 7 -4 24
-3 7 -3 9
-3 7 -2 14
-3 7 -1 14
-3 7 0 14
-3 7 1 14
-3 7 2 14
-3 7 3 9
-2 7 -3 27
-2 7 -2 14
-2 7 -1 14
-2 7 0 14
-2 7 1 14
-2 7 2 14
-2 7 3 27
-1 7 -4 24
-1 7 -3 9
-1 7 -2 14
-1 7 -1 14
-1 7 0 14
-1 7 1 14
-1 7 2 14
-1 7 3 9
0 7 -3 35
0 7 -2 14
0 7 -1 14
0 7 0 29
0 7 1 14
0 7 2 14
0 7 3 35
1 7 -4 24
1 7 -3 9
1 7 -2 14
1 7 -1 14
1 7 0 14
1 7 1 14
1 7 2 14
1 7 3 9
1 7 4 25
2 7 -3 27
2 7 -2 14
2 7 -1 14
2 7 0 14
2 7 1 14
2 7 2 14
2 7 3 27
3 7 -4 24
3 7 -3 9
3 7 -2 14
3 7 -1 14
3 7 0 14
3 7 1 14
3 7 2 14
3 7 3 9
3 7 4 25
4 7 -3 35
4 7 -2 14
4 7 -1 14
4 7 0 14
4 7 1 14
4 7 2 14
4 7 3 35
5 7 -3 9
5 7 -2 14
5 7 -1 14
5 7 0 14
5 7 1 14
5 7 2 14
5 7 3 9
6 7 -3 35
6 7 -2 9
6 7 -1 9
6 7 0 35
6 7 1 9
6 7 2 9
6 7 3 35
7 7 -4 6
7 7 4 6
-7 8 -4 48
-7 8 -3 49
-7 8 -2 49
-7 8 -1 49
-7 8 0 49
-7 8 1 49
-7 8 2 49
-7 8 3 49
-7 8 4 48
-6 8 -4 50
-6 8 -3 6
-6 8 -2 36
-6 8 -1 36
-6 8 0 9
-6 8 1 36
-6 8 2 36
-6 8 3 6
-6 8 4 51
-5 8 -4 52
-5 8 -3 37
-5 8 -1 9
-5 8 0 14
-5 8 1 9
-5 8 3 37
-5 8 4 51
-4 8 -4 50
-4 8 -3 37
-4 8 0 9
-4 8 3 37
-4 8 4 53
-3 8 -4 52
-3 8 -3 37
-3 8 3 37
-3 8 4 51
-2 8 -4 50
-2 8 -3 37
-2 8 3 37
-2 8 4 51
-1 8 -4 50
-1 8 -3 37
-1 8 3 37
-1 8 4 51
0 8 -4 50
0 8 -3 37
0 8 3 37
0 8 4 51
1 8 -4 50
1 8 -3 37
1 8 3 37
1 8 4 51
2 8 -4 50
2 8 -3 37
2 8 3 37
2 8 4 53
3 8 -4 50
3 8 -3 37
3 8 3 37
3 8 4 51
4 8 -4 52
4 8 -3 37
4 8 3 37
4 8 4 51
5 8 -4 50
5 8 -3 37
5 8 3 37
5 8 4 51
6 8 -4 50
6 8 -3 6
6 8 -2 36
6 8 -1 36
6 8 0 36
6 8 1 36
6 8 2 36
6 8 3 6
6 8 4 51
7 8 -4 48
7 8 -3 54
7 8 -2 54
7 8 -1 54
7 8 0 54
7 8 1 54
7 8 2 54
7 8 3 54
7 8 4 48
-6 9 -3 48
-6 9 -2 49
-6 9 -1 49
-6 9 0 9
-6 9 1 49
-6 9 2 49
-6 9 3 48
-5 9 -3 50
-5 9 -2 6
-5 9 -1 9
-5 9 0 14
-5 9 1 9
-5 9 2 6
-5 9 3 51
-4 9 -3 50
-4 9 -2 14
-4 9 -1 14
-4 9 0 9
-4 9 1 14
-4 9 2 14
-4 9 3 51
-3 9 -3 50
-3 9 -2 14
-3 9 -1 14
-3 9 0 14
-3 9 1 14
-3 9 2 14
-3 9 3 51
-2 9 -3 50
-2 9 -2 14
-2 9 -1 14
-2 9 0 14
-2 9 1 14
-2 9 2 14
-2 9 3 51
-1 9 -3 50
-1 9 -2 14
-1 9 -1 14
-1 9 0 14
-1 9 1 14
-1 9 2 14
-1 9 3 51
0 9 -3 52
0 9 -2 14
0 9 -1 14
0 9 0 14
0 9 1 14
0 9 2 14
0 9 3 51
1 9 -3 50
1 9 -2 14
1 9 -1 14
1 9 0 14
1 9 1 14
1 9 2 14
1 9 3 51
2 9 -3 50
2 9 -2 14
2 9 -1 14
2 9 0 14
2 9 1 14
2 9 2 14
2 9 3 51
3 9 -3 50
3 9 -2 14
3 9 -1 14
3 9 0 14
3 9 1 14
3 9 2 14
3 9 3 51
4 9 -3 52
4 9 -2 14
4 9 -1 14
4 9 0 14
4 9 1 14
4 9 2 14
4 9 3 51
5 9 -3 50
5 9 -2 6
5 9 -1 14
5 9 0 14
5 9 1 14
5 9 2 6
5 9 3 51
6 9 -3 48
6 9 -2 54
6 9 -1 54
6 9 0 54
6 9 1 54
6 9 2 54
6 9 3 48
-6 10 0 9
-5 10 -2 48
-5 10 -1 9
-5 10 0 14
-5 10 1 9
-5 10 2 48
-4 10 -2 50
-4 10 -1 6
-4 10 0 9
-4 10 1 6
-4 10 2 51
-3 10 -2 50
-3 10 -1 14
-3 10 0 14
-3 10 1 14
-3 10 2 51
-2 10 -2 52
-2 10 -1 14
-2 10 0 14
-2 10 1 14
-2 10 2 51
-1 10 -2 50
-1 10 -1 14
-1 10 0 14
-1 10 1 14
-1 10 2 51
0 10 -2 50
0 10 -1 14
0 10 0 14
0 10 1 14
0 10 2 51
1 10 -2 50
1 10 -1 14
1 10 0 14
1 10 1 14
1 10 2 51
2 10 -2 50
2 10 -1 14
2 10 0 14
2 10 1 14
2 10 2 53
3 10 -2 52
3 10 -1 14
3 10 0 14
3 10 1 14
3 10 2 51
4 10 -2 50
4 10 -1 6
4 10 0 14
4 10 1 6
4 10 2 51
5 10 -2 48
5 10 -1 55
5 10 0 54
5 10 1 55
5 10 2 48
-6 11 0 9
-5 11 -1 9
-5 11 0 14
-5 11 1 9
-4 11 -1 48
-4 11 0 12
-4 11 1 48
-3 11 -1 50
-3 11 0 6
-3 11 1 51
-2 11 -1 52
-2 11 0 6
-2 11 1 51
-1 11 -1 50
-1 11 0 6
-1 11 1 51
0 11 -1 50
0 11 0 6
0 11 1 51
1 11 -1 50
1 11 0 6
1 11 1 51
2 11 -1 50
2 11 0 6
2 11 1 51
3 11 -1 50
3 11 0 6
3 11 1 51
4 11 -1 48
4 11 0 54
4 11 1 48
-6 12 0 9
-5 12 -1 9
-5 12 0 11
-5 12 1 9
-4 12 0 9
-3 12 0 48
-2 12 0 48
-1 12 0 48
0 12 0 48
1 12 0 48
2 12 0 48
3 12 0 48
-6 13 0 9
-5 13 -1 9
-5 13 0 14
-5 13 1 9
-4 13 0 12
-6 14 0 9
-5 14 -1 9
-5 14 0 14
-5 14 1 9
-4 14 0 9
