core 0 1 5
P minecraft:cobblestone_stairs[facing=east,half=bottom,shape=straight,waterlogged=false]
P minecraft:cobblestone_stairs[facing=south,half=bottom,shape=straight,waterlogged=false]
P minecraft:cobblestone
P minecraft:mossy_cobblestone
P minecraft:andesite
P minecraft:stone
P minecraft:cobblestone_stairs[facing=north,half=bottom,shape=straight,waterlogged=false]
P minecraft:spruce_planks
P minecraft:cobblestone_stairs[facing=west,half=bottom,shape=straight,waterlogged=false]
P minecraft:spruce_stairs[facing=east,half=top,shape=straight,waterlogged=false]
P minecraft:stone_bricks
P minecraft:barrel[facing=up,open=false]
P minecraft:air
P minecraft:bricks
P minecraft:campfire[facing=east,lit=true,signal_fire=false,waterlogged=false]
P minecraft:chest[facing=south,type=single,waterlogged=false]
P minecraft:smoker[facing=north,lit=false]
P minecraft:spruce_stairs[facing=south,half=top,shape=straight,waterlogged=false]
P minecraft:crafting_table
P minecraft:spruce_stairs[facing=north,half=top,shape=straight,waterlogged=false]
P minecraft:spruce_door[facing=north,half=lower,hinge=left,open=false,powered=false]
P minecraft:spruce_stairs[facing=west,half=bottom,shape=straight,waterlogged=false]
P minecraft:bookshelf
P minecraft:furnace[facing=west,lit=false]
P minecraft:water_cauldron[level=3]
P minecraft:spruce_stairs[facing=west,half=top,shape=straight,waterlogged=false]
P minecraft:spruce_trapdoor[facing=west,half=bottom,open=true,powered=false,waterlogged=false]
P minecraft:glass_pane[east=false,north=true,south=true,waterlogged=false,west=false]
P minecraft:spruce_trapdoor[facing=north,half=bottom,open=true,powered=false,waterlogged=false]
P minecraft:spruce_trapdoor[facing=south,half=bottom,open=true,powered=false,waterlogged=false]
P minecraft:glass_pane[east=true,north=false,south=true,waterlogged=false,west=true]
P minecraft:potted_fern
P minecraft:glass_pane[east=true,north=false,south=false,waterlogged=false,west=true]
P minecraft:spruce_door[facing=north,half=upper,hinge=left,open=false,powered=false]
P minecraft:lantern[hanging=true,waterlogged=false]
P minecraft:potted_dandelion
P minecraft:spruce_trapdoor[facing=east,half=bottom,open=true,powered=false,waterlogged=false]
P minecraft:brick_stairs[facing=west,half=top,shape=straight,waterlogged=false]
P minecraft:spruce_slab[type=top,waterlogged=false]
P minecraft:stripped_dark_oak_log[axis=x]
P minecraft:dark_oak_log[axis=y]
P minecraft:dark_oak_log[axis=z]
P minecraft:dark_oak_log[axis=x]
P minecraft:white_concrete
P minecraft:calcite
P minecraft:diorite
P minecraft:red_bed[facing=west,occupied=false,part=head]
P minecraft:red_bed[facing=west,occupied=false,part=foot]
P minecraft:spruce_fence[east=true,north=true,south=false,waterlogged=false,west=false]
P minecraft:spruce_fence[east=true,north=false,south=false,waterlogged=false,west=false]
P minecraft:red_carpet
P minecraft:spruce_fence[east=true,north=true,south=false,waterlogged=false,west=true]
P minecraft:spruce_fence[east=true,north=false,south=false,waterlogged=false,west=true]
P minecraft:spruce_fence[east=false,north=true,south=false,waterlogged=false,west=true]
P minecraft:spruce_fence[east=false,north=false,south=false,waterlogged=false,west=true]
P minecraft:spruce_fence[east=false,north=false,south=true,waterlogged=false,west=false]
P minecraft:spruce_fence[east=false,north=true,south=false,waterlogged=false,west=false]
P minecraft:red_bed[facing=east,occupied=false,part=foot]
P minecraft:chest[facing=west,type=single,waterlogged=false]
P minecraft:red_bed[facing=east,occupied=false,part=head]
P minecraft:lantern[hanging=false,waterlogged=false]
P minecraft:spruce_stairs[facing=south,half=bottom,shape=straight,waterlogged=false]
P minecraft:dark_oak_stairs[facing=north,half=bottom,shape=straight,waterlogged=false]
P minecraft:dark_oak_stairs[facing=south,half=bottom,shape=straight,waterlogged=false]
P minecraft:spruce_stairs[facing=north,half=bottom,shape=straight,waterlogged=false]
P minecraft:dark_oak_slab[type=bottom,waterlogged=false]
-6 0 -4 0
-6 0 -3 0
-6 0 -2 0
-6 0 -1 0
-6 0 0 0
-6 0 1 0
-6 0 2 0
-6 0 3 0
-6 0 4 0
-5 0 -5 1
-5 0 -4 2
-5 0 -3 2
-5 0 -2 3
-5 0 -1 4
-5 0 0 5
-5 0 1 2
-5 0 2 5
-5 0 3 4
-5 0 4 2
-5 0 5 6
-4 0 -5 1
-4 0 -4 4
-4 0 -3 7
-4 0 -2 7
-4 0 -1 7
-4 0 0 7
-4 0 1 7
-4 0 2 7
-4 0 3 7
-4 0 4 4
-4 0 5 6
-3 0 -5 1
-3 0 -4 2
-3 0 -3 7
-3 0 -2 7
-3 0 -1 7
-3 0 0 7
-3 0 1 7
-3 0 2 7
-3 0 3 7
-3 0 4 3
-3 0 5 6
-2 0 -5 1
-2 0 -4 2
-2 0 -3 7
-2 0 -2 7
-2 0 -1 7
-2 0 0 7
-2 0 1 7
-2 0 2 7
-2 0 3 7
-2 0 4 5
-2 0 5 6
-1 0 -5 1
-1 0 -4 2
-1 0 -3 7
-1 0 -2 7
-1 0 -1 7
-1 0 0 7
-1 0 1 7
-1 0 2 7
-1 0 3 7
-1 0 4 4
-1 0 5 6
0 0 -5 1
0 0 -4 2
0 0 -3 7
0 0 -2 7
0 0 -1 7
0 0 0 7
0 0 1 7
0 0 2 7
0 0 3 7
0 0 4 2
1 0 -5 1
1 0 -4 2
1 0 -3 7
1 0 -2 7
1 0 -1 7
1 0 0 7
1 0 1 7
1 0 2 7
1 0 3 7
1 0 4 2
1 0 5 6
2 0 -5 1
2 0 -4 2
2 0 -3 7
2 0 -2 7
2 0 -1 7
2 0 0 7
2 0 1 7
2 0 2 7
2 0 3 7
2 0 4 5
2 0 5 6
3 0 -5 1
3 0 -4 2
3 0 -3 7
3 0 -2 7
3 0 -1 7
3 0 0 7
3 0 1 7
3 0 2 7
3 0 3 7
3 0 4 2
3 0 5 6
4 0 -5 1
4 0 -4 4
4 0 -3 7
4 0 -2 7
4 0 -1 7
4 0 0 7
4 0 1 7
4 0 2 7
4 0 3 7
4 0 4 4
4 0 5 6
5 0 -5 1
5 0 -4 3
5 0 -3 4
5 0 -2 3
5 0 -1 2
5 0 0 5
5 0 1 4
5 0 2 2
5 0 3 2
5 0 4 2
5 0 5 6
6 0 -4 8
6 0 -3 8
6 0 -2 8
6 0 -1 8
6 0 0 8
6 0 1 8
6 0 2 8
6 0 3 8
6 0 4 8
-6 1 -2 9
-6 1 2 9
-5 1 -4 4
-5 1 -3 2
-5 1 -2 2
-5 1 -1 4
-5 1 0 10
-5 1 1 3
-5 1 2 2
-5 1 3 5
-5 1 4 2
-4 1 -4 2
-4 1 -3 11
-4 1 -2 12
-4 1 -1 13
-4 1 0 14
-4 1 1 13
-4 1 2 12
-4 1 3 12
-4 1 4 2
-3 1 -4 2
-3 1 -3 15
-3 1 -2 12
-3 1 -1 12
-3 1 0 12
-3 1 1 12
-3 1 2 12
-3 1 3 16
-3 1 4 4
-2 1 -5 17
-2 1 -4 2
-2 1 -3 7
-2 1 -2 7
-2 1 -1 12
-2 1 0 12
-2 1 1 12
-2 1 2 12
-2 1 3 18
-2 1 4 4
-2 1 5 19
-1 1 -4 2
-1 1 -3 7
-1 1 -2 7
-1 1 -1 12
-1 1 0 12
-1 1 1 12
-1 1 2 12
-1 1 3 12
-1 1 4 2
0 1 -4 2
0 1 -3 7
0 1 -2 7
0 1 -1 12
0 1 0 12
0 1 1 12
0 1 2 12
0 1 3 12
0 1 4 20
1 1 -4 2
1 1 -3 21
1 1 -2 21
1 1 -1 12
1 1 0 12
1 1 1 12
1 1 2 12
1 1 3 12
1 1 4 2
2 1 -5 17
2 1 -4 2
2 1 -3 12
2 1 -2 12
2 1 -1 12
2 1 0 12
2 1 1 12
2 1 2 12
2 1 3 12
2 1 4 2
2 1 5 19
3 1 -4 2
3 1 -3 12
3 1 -2 12
3 1 -1 12
3 1 0 12
3 1 1 12
3 1 2 12
3 1 3 22
3 1 4 4
4 1 -4 2
4 1 -3 12
4 1 -2 12
4 1 -1 12
4 1 0 23
4 1 1 11
4 1 2 12
4 1 3 24
4 1 4 2
5 1 -4 3
5 1 -3 5
5 1 -2 3
5 1 -1 3
5 1 0 2
5 1 1 4
5 1 2 4
5 1 3 2
5 1 4 3
6 1 -2 25
6 1 2 25
-6 2 -3 26
-6 2 -1 26
-6 2 1 26
-6 2 3 26
-5 2 -4 10
-5 2 -3 3
-5 2 -2 27
-5 2 -1 2
-5 2 0 10
-5 2 1 2
-5 2 2 27
-5 2 3 4
-5 2 4 10
-4 2 -4 2
-4 2 -3 12
-4 2 -2 12
-4 2 -1 13
-4 2 0 12
-4 2 1 13
-4 2 2 12
-4 2 3 12
-4 2 4 2
-3 2 -5 28
-3 2 -4 3
-3 2 -3 12
-3 2 -2 12
-3 2 -1 12
-3 2 0 12
-3 2 1 12
-3 2 2 12
-3 2 3 12
-3 2 4 3
-3 2 5 29
-2 2 -4 30
-2 2 -3 7
-2 2 -2 7
-2 2 -1 12
-2 2 0 12
-2 2 1 12
-2 2 2 12
-2 2 3 31
-2 2 4 32
-1 2 -5 28
-1 2 -4 2
-1 2 -3 7
-1 2 -2 7
-1 2 -1 12
-1 2 0 12
-1 2 1 12
-1 2 2 12
-1 2 3 12
-1 2 4 3
-1 2 5 29
0 2 -4 2
0 2 -3 21
0 2 -2 21
0 2 -1 12
0 2 0 12
0 2 1 12
0 2 2 12
0 2 3 12
0 2 4 33
1 2 -5 28
1 2 -4 2
1 2 -3 12
1 2 -2 12
1 2 -1 12
1 2 0 12
1 2 1 12
1 2 2 12
1 2 3 12
1 2 4 2
1 2 5 34
2 2 -4 32
2 2 -3 12
2 2 -2 12
2 2 -1 12
2 2 0 12
2 2 1 12
2 2 2 12
2 2 3 12
2 2 4 32
3 2 -5 28
3 2 -4 4
3 2 -3 12
3 2 -2 12
3 2 -1 12
3 2 0 12
3 2 1 12
3 2 2 12
3 2 3 35
3 2 4 2
3 2 5 29
4 2 -4 2
4 2 -3 12
4 2 -2 12
4 2 -1 12
4 2 0 12
4 2 1 12
4 2 2 12
4 2 3 12
4 2 4 2
5 2 -4 10
5 2 -3 4
5 2 -2 27
5 2 -1 2
5 2 0 2
5 2 1 2
5 2 2 27
5 2 3 3
5 2 4 10
6 2 -3 36
6 2 -1 36
6 2 1 36
6 2 3 36
-6 3 -3 26
-6 3 -1 26
-6 3 1 26
-6 3 3 26
-5 3 -4 5
-5 3 -3 3
-5 3 -2 27
-5 3 -1 4
-5 3 0 13
-5 3 1 2
-5 3 2 27
-5 3 3 5
-5 3 4 2
-4 3 -5 17
-4 3 -4 2
-4 3 -3 12
-4 3 -2 12
-4 3 -1 13
-4 3 0 12
-4 3 1 13
-4 3 2 12
-4 3 3 12
-4 3 4 2
-4 3 5 19
-3 3 -5 28
-3 3 -4 2
-3 3 -3 12
-3 3 -2 12
-3 3 -1 37
-3 3 0 37
-3 3 1 37
-3 3 2 12
-3 3 3 12
-3 3 4 2
-3 3 5 29
-2 3 -4 30
-2 3 -3 7
-2 3 -2 7
-2 3 -1 12
-2 3 0 12
-2 3 1 12
-2 3 2 12
-2 3 3 12
-2 3 4 32
-1 3 -5 28
-1 3 -4 3
-1 3 -3 21
-1 3 -2 21
-1 3 -1 12
-1 3 0 12
-1 3 1 12
-1 3 2 12
-1 3 3 12
-1 3 4 3
-1 3 5 19
0 3 -5 17
0 3 -4 2
0 3 -3 12
0 3 -2 12
0 3 -1 12
0 3 0 34
0 3 1 12
0 3 2 12
0 3 3 12
0 3 4 10
0 3 5 38
1 3 -5 28
1 3 -4 2
1 3 -3 12
1 3 -2 12
1 3 -1 12
1 3 0 12
1 3 1 12
1 3 2 12
1 3 3 12
1 3 4 2
1 3 5 19
2 3 -4 32
2 3 -3 12
2 3 -2 12
2 3 -1 12
2 3 0 12
2 3 1 12
2 3 2 12
2 3 3 12
2 3 4 32
3 3 -5 28
3 3 -4 4
3 3 -3 12
3 3 -2 12
3 3 -1 12
3 3 0 12
3 3 1 12
3 3 2 12
3 3 3 12
3 3 4 2
3 3 5 29
4 3 -5 17
4 3 -4 2
4 3 -3 12
4 3 -2 12
4 3 -1 12
4 3 0 12
4 3 1 12
4 3 2 12
4 3 3 12
4 3 4 2
4 3 5 19
5 3 -4 2
5 3 -3 5
5 3 -2 27
5 3 -1 2
5 3 0 2
5 3 1 4
5 3 2 27
5 3 3 3
5 3 4 2
6 3 -3 36
6 3 -1 36
6 3 1 36
6 3 3 36
-6 4 -2 39
-6 4 2 39
-5 4 -5 40
-5 4 -4 41
-5 4 -3 41
-5 4 -2 41
-5 4 -1 41
-5 4 0 10
-5 4 1 41
-5 4 2 41
-5 4 3 41
-5 4 4 41
-5 4 5 40
-4 4 -5 42
-4 4 -4 7
-4 4 -3 7
-4 4 -2 7
-4 4 -1 13
-4 4 0 12
-4 4 1 13
-4 4 2 7
-4 4 3 7
-4 4 4 7
-4 4 5 42
-3 4 -5 42
-3 4 -4 7
-3 4 -3 7
-3 4 -2 7
-3 4 -1 7
-3 4 0 10
-3 4 1 7
-3 4 2 7
-3 4 3 7
-3 4 4 7
-3 4 5 42
-2 4 -5 42
-2 4 -4 7
-2 4 -3 21
-2 4 -2 21
-2 4 -1 7
-2 4 0 7
-2 4 1 7
-2 4 2 7
-2 4 3 7
-2 4 4 7
-2 4 5 42
-1 4 -5 42
-1 4 -4 7
-1 4 -3 12
-1 4 -2 12
-1 4 -1 7
-1 4 0 7
-1 4 1 7
-1 4 2 7
-1 4 3 7
-1 4 4 7
-1 4 5 42
0 4 -5 42
0 4 -4 7
0 4 -3 12
0 4 -2 12
0 4 -1 7
0 4 0 7
0 4 1 7
0 4 2 7
0 4 3 7
0 4 4 7
0 4 5 42
1 4 -5 42
1 4 -4 7
1 4 -3 12
1 4 -2 12
1 4 -1 7
1 4 0 7
1 4 1 7
1 4 2 7
1 4 3 7
1 4 4 7
1 4 5 42
2 4 -5 42
2 4 -4 7
2 4 -3 7
2 4 -2 7
2 4 -1 7
2 4 0 7
2 4 1 7
2 4 2 7
2 4 3 7
2 4 4 7
2 4 5 42
3 4 -5 42
3 4 -4 7
3 4 -3 7
3 4 -2 7
3 4 -1 7
3 4 0 7
3 4 1 7
3 4 2 7
3 4 3 7
3 4 4 7
3 4 5 42
4 4 -5 42
4 4 -4 7
4 4 -3 7
4 4 -2 7
4 4 -1 7
4 4 0 7
4 4 1 7
4 4 2 7
4 4 3 7
4 4 4 7
4 4 5 42
5 4 -5 40
5 4 -4 41
5 4 -3 41
5 4 -2 41
5 4 -1 41
5 4 0 41
5 4 1 41
5 4 2 41
5 4 3 41
5 4 4 41
5 4 5 40
6 4 -2 39
6 4 2 39
-6 5 -2 9
-6 5 2 9
-5 5 -5 40
-5 5 -4 40
-5 5 -3 43
-5 5 -2 43
-5 5 -1 44
-5 5 0 10
-5 5 1 44
-5 5 2 45
-5 5 3 44
-5 5 4 40
-5 5 5 40
-4 5 -5 40
-4 5 -4 12
-4 5 -3 12
-4 5 -2 12
-4 5 -1 13
-4 5 0 22
-4 5 1 13
-4 5 2 12
-4 5 3 11
-4 5 4 46
-4 5 5 40
-3 5 -5 45
-3 5 -4 12
-3 5 -3 12
-3 5 -2 12
-3 5 -1 12
-3 5 0 13
-3 5 1 12
-3 5 2 12
-3 5 3 12
-3 5 4 47
-3 5 5 44
-2 5 -6 17
-2 5 -5 43
-2 5 -4 12
-2 5 -3 12
-2 5 -2 12
-2 5 -1 12
-2 5 0 12
-2 5 1 12
-2 5 2 12
-2 5 3 12
-2 5 4 12
-2 5 5 43
-2 5 6 19
-1 5 -5 43
-1 5 -4 48
-1 5 -3 12
-1 5 -2 12
-1 5 -1 49
-1 5 0 50
-1 5 1 50
-1 5 2 12
-1 5 3 12
-1 5 4 12
-1 5 5 44
0 5 -5 40
0 5 -4 51
0 5 -3 12
0 5 -2 12
0 5 -1 52
0 5 0 50
0 5 1 50
0 5 2 12
0 5 3 12
0 5 4 12
0 5 5 40
1 5 -5 44
1 5 -4 53
1 5 -3 12
1 5 -2 12
1 5 -1 54
1 5 0 50
1 5 1 50
1 5 2 12
1 5 3 12
1 5 4 12
1 5 5 43
2 5 -6 17
2 5 -5 45
2 5 -4 12
2 5 -3 55
2 5 -2 56
2 5 -1 12
2 5 0 12
2 5 1 12
2 5 2 12
2 5 3 12
2 5 4 12
2 5 5 43
2 5 6 19
3 5 -5 44
3 5 -4 12
3 5 -3 12
3 5 -2 12
3 5 -1 12
3 5 0 12
3 5 1 12
3 5 2 12
3 5 3 57
3 5 4 12
3 5 5 45
4 5 -5 40
4 5 -4 58
4 5 -3 12
4 5 -2 12
4 5 -1 11
4 5 0 12
4 5 1 12
4 5 2 12
4 5 3 59
4 5 4 11
4 5 5 40
5 5 -5 40
5 5 -4 40
5 5 -3 44
5 5 -2 43
5 5 -1 44
5 5 0 40
5 5 1 44
5 5 2 43
5 5 3 43
5 5 4 40
5 5 5 40
6 5 -2 25
6 5 2 25
-6 6 -3 26
-6 6 -1 26
-5 6 -5 40
-5 6 -4 40
-5 6 -3 44
-5 6 -2 27
-5 6 -1 43
-5 6 0 13
-5 6 1 43
-5 6 2 27
-5 6 3 44
-5 6 4 40
-5 6 5 40
-4 6 -5 40
-4 6 -4 12
-4 6 -3 12
-4 6 -2 12
-4 6 -1 13
-4 6 0 12
-4 6 1 13
-4 6 2 12
-4 6 3 60
-4 6 4 12
-4 6 5 40
-3 6 -5 45
-3 6 -4 12
-3 6 -3 12
-3 6 -2 12
-3 6 -1 12
-3 6 0 10
-3 6 1 12
-3 6 2 12
-3 6 3 12
-3 6 4 12
-3 6 5 44
-3 6 6 29
-2 6 -5 32
-2 6 -4 12
-2 6 -3 12
-2 6 -2 12
-2 6 -1 12
-2 6 0 12
-2 6 1 12
-2 6 2 12
-2 6 3 12
-2 6 4 12
-2 6 5 32
-1 6 -5 44
-1 6 -4 12
-1 6 -3 12
-1 6 -2 12
-1 6 -1 12
-1 6 0 12
-1 6 1 12
-1 6 2 12
-1 6 3 12
-1 6 4 12
-1 6 5 44
-1 6 6 29
0 6 -5 40
0 6 -4 12
0 6 -3 12
0 6 -2 12
0 6 -1 12
0 6 0 12
0 6 1 12
0 6 2 12
0 6 3 12
0 6 4 12
0 6 5 40
1 6 -5 44
1 6 -4 12
1 6 -3 12
1 6 -2 12
1 6 -1 12
1 6 0 12
1 6 1 12
1 6 2 12
1 6 3 12
1 6 4 12
1 6 5 44
2 6 -5 32
2 6 -4 12
2 6 -3 12
2 6 -2 12
2 6 -1 12
2 6 0 12
2 6 1 12
2 6 2 12
2 6 3 12
2 6 4 12
2 6 5 32
3 6 -5 44
3 6 -4 12
3 6 -3 12
3 6 -2 12
3 6 -1 12
3 6 0 12
3 6 1 12
3 6 2 12
3 6 3 12
3 6 4 12
3 6 5 45
4 6 -5 40
4 6 -4 12
4 6 -3 12
4 6 -2 12
4 6 -1 12
4 6 0 12
4 6 1 12
4 6 2 12
4 6 3 12
4 6 4 60
4 6 5 40
5 6 -5 40
5 6 -4 40
5 6 -3 44
5 6 -2 27
5 6 -1 43
5 6 0 40
5 6 1 43
5 6 2 27
5 6 3 44
5 6 4 40
5 6 5 40
-6 7 -3 26
-6 7 -1 26
-5 7 -5 40
-5 7 -4 40
-5 7 -3 43
-5 7 -2 27
-5 7 -1 44
-5 7 0 10
-5 7 1 44
-5 7 2 27
-5 7 3 44
-5 7 4 40
-5 7 5 40
-4 7 -5 40
-4 7 -4 12
-4 7 -3 12
-4 7 -2 12
-4 7 -1 13
-4 7 0 12
-4 7 1 13
-4 7 2 12
-4 7 3 12
-4 7 4 12
-4 7 5 40
-3 7 -5 43
-3 7 -4 12
-3 7 -3 12
-3 7 -2 12
-3 7 -1 12
-3 7 0 13
-3 7 1 12
-3 7 2 12
-3 7 3 12
-3 7 4 12
-3 7 5 43
-3 7 6 29
-2 7 -5 32
-2 7 -4 12
-2 7 -3 12
-2 7 -2 12
-2 7 -1 12
-2 7 0 12
-2 7 1 12
-2 7 2 12
-2 7 3 12
-2 7 4 12
-2 7 5 32
-1 7 -5 44
-1 7 -4 12
-1 7 -3 12
-1 7 -2 12
-1 7 -1 12
-1 7 0 12
-1 7 1 12
-1 7 2 12
-1 7 3 12
-1 7 4 12
-1 7 5 44
-1 7 6 29
0 7 -5 40
0 7 -4 12
0 7 -3 12
0 7 -2 12
0 7 -1 12
0 7 0 34
0 7 1 12
0 7 2 12
0 7 3 12
0 7 4 12
0 7 5 40
1 7 -5 44
1 7 -4 12
1 7 -3 12
1 7 -2 12
1 7 -1 12
1 7 0 12
1 7 1 12
1 7 2 12
1 7 3 12
1 7 4 12
1 7 5 44
2 7 -5 32
2 7 -4 12
2 7 -3 12
2 7 -2 12
2 7 -1 12
2 7 0 12
2 7 1 12
2 7 2 12
2 7 3 12
2 7 4 12
2 7 5 32
3 7 -5 43
3 7 -4 12
3 7 -3 12
3 7 -2 12
3 7 -1 12
3 7 0 12
3 7 1 12
3 7 2 12
3 7 3 12
3 7 4 12
3 7 5 43
4 7 -5 40
4 7 -4 12
4 7 -3 12
4 7 -2 12
4 7 -1 12
4 7 0 12
4 7 1 12
4 7 2 12
4 7 3 12
4 7 4 12
4 7 5 40
5 7 -5 40
5 7 -4 40
5 7 -3 44
5 7 -2 27
5 7 -1 44
5 7 0 40
5 7 1 44
5 7 2 27
5 7 3 43
5 7 4 40
5 7 5 40
-6 8 -6 61
-6 8 6 62
-5 8 -6 63
-5 8 -5 40
-5 8 -4 41
-5 8 -3 41
-5 8 -2 41
-5 8 -1 41
-5 8 0 13
-5 8 1 41
-5 8 2 41
-5 8 3 41
-5 8 4 41
-5 8 5 40
-5 8 6 62
-4 8 -6 63
-4 8 -5 42
-4 8 -1 13
-4 8 0 12
-4 8 1 13
-4 8 5 42
-4 8 6 62
-3 8 -6 63
-3 8 -5 42
-3 8 0 13
-3 8 5 42
-3 8 6 62
-2 8 -6 61
-2 8 -5 42
-2 8 5 42
-2 8 6 62
-1 8 -6 63
-1 8 -5 42
-1 8 5 42
-1 8 6 62
0 8 -6 63
0 8 -5 42
0 8 5 42
0 8 6 62
1 8 -6 63
1 8 -5 42
1 8 5 42
1 8 6 62
2 8 -6 63
2 8 -5 42
2 8 5 42
2 8 6 64
3 8 -6 63
3 8 -5 42
3 8 5 42
3 8 6 62
4 8 -6 63
4 8 -5 42
4 8 5 42
4 8 6 62
5 8 -6 63
5 8 -5 40
5 8 -4 41
5 8 -3 41
5 8 -2 41
5 8 -1 41
5 8 0 41
5 8 1 41
5 8 2 41
5 8 3 41
5 8 4 41
5 8 5 40
5 8 6 62
6 8 -6 63
6 8 6 64
-6 9 -5 63
-6 9 5 62
-5 9 -5 63
-5 9 -4 40
-5 9 -3 43
-5 9 -2 44
-5 9 -1 44
-5 9 0 10
-5 9 1 44
-5 9 2 43
-5 9 3 44
-5 9 4 40
-5 9 5 62
-4 9 -5 63
-4 9 -4 12
-4 9 -3 12
-4 9 -2 12
-4 9 -1 13
-4 9 0 12
-4 9 1 13
-4 9 2 12
-4 9 3 12
-4 9 4 12
-4 9 5 62
-3 9 -5 63
-3 9 -4 12
-3 9 -3 12
-3 9 -2 12
-3 9 -1 12
-3 9 0 13
-3 9 1 12
-3 9 2 12
-3 9 3 12
-3 9 4 12
-3 9 5 62
-2 9 -5 63
-2 9 -4 12
-2 9 -3 12
-2 9 -2 12
-2 9 -1 12
-2 9 0 12
-2 9 1 12
-2 9 2 12
-2 9 3 12
-2 9 4 12
-2 9 5 62
-1 9 -5 63
-1 9 -4 12
-1 9 -3 12
-1 9 -2 12
-1 9 -1 12
-1 9 0 12
-1 9 1 12
-1 9 2 12
-1 9 3 12
-1 9 4 12
-1 9 5 62
0 9 -5 63
0 9 -4 12
0 9 -3 12
0 9 -2 12
0 9 -1 12
0 9 0 12
0 9 1 12
0 9 2 12
0 9 3 12
0 9 4 12
0 9 5 62
1 9 -5 63
1 9 -4 12
1 9 -3 12
1 9 -2 12
1 9 -1 12
1 9 0 12
1 9 1 12
1 9 2 12
1 9 3 12
1 9 4 12
1 9 5 62
2 9 -5 63
2 9 -4 12
2 9 -3 12
2 9 -2 12
2 9 -1 12
2 9 0 12
2 9 1 12
2 9 2 12
2 9 3 12
2 9 4 12
2 9 5 62
3 9 -5 63
3 9 -4 12
3 9 -3 12
3 9 -2 12
3 9 -1 12
3 9 0 12
3 9 1 12
3 9 2 12
3 9 3 12
3 9 4 12
3 9 5 62
4 9 -5 63
4 9 -4 12
4 9 -3 12
4 9 -2 12
4 9 -1 12
4 9 0 12
4 9 1 12
4 9 2 12
4 9 3 12
4 9 4 12
4 9 5 62
5 9 -5 63
5 9 -4 40
5 9 -3 44
5 9 -2 44
5 9 -1 44
5 9 0 40
5 9 1 44
5 9 2 44
5 9 3 43
5 9 4 40
5 9 5 62
6 9 -5 63
6 9 5 62
-6 10 -4 61
-6 10 4 62
-5 10 -4 63
-5 10 -3 44
-5 10 -2 44
-5 10 -1 44
-5 10 0 13
-5 10 1 44
-5 10 2 43
-5 10 3 43
-5 10 4 62
-4 10 -4 63
-4 10 -3 12
-4 10 -2 12
-4 10 -1 13
-4 10 0 12
-4 10 1 13
-4 10 2 12
-4 10 3 12
-4 10 4 64
-3 10 -4 63
-3 10 -3 12
-3 10 -2 12
-3 10 -1 12
-3 10 0 13
-3 10 1 12
-3 10 2 12
-3 10 3 12
-3 10 4 62
-2 10 -4 61
-2 10 -3 12
-2 10 -2 12
-2 10 -1 12
-2 10 0 12
-2 10 1 12
-2 10 2 12
-2 10 3 12
-2 10 4 62
-1 10 -4 63
-1 10 -3 12
-1 10 -2 12
-1 10 -1 12
-1 10 0 12
-1 10 1 12
-1 10 2 12
-1 10 3 12
-1 10 4 62
0 10 -4 61
0 10 -3 12
0 10 -2 12
0 10 -1 12
0 10 0 12
0 10 1 12
0 10 2 12
0 10 3 12
0 10 4 62
1 10 -4 63
1 10 -3 12
1 10 -2 12
1 10 -1 12
1 10 0 12
1 10 1 12
1 10 2 12
1 10 3 12
1 10 4 62
2 10 -4 63
2 10 -3 12
2 10 -2 12
2 10 -1 12
2 10 0 12
2 10 1 12
2 10 2 12
2 10 3 12
2 10 4 62
3 10 -4 63
3 10 -3 12
3 10 -2 12
3 10 -1 12
3 10 0 12
3 10 1 12
3 10 2 12
3 10 3 12
3 10 4 62
4 10 -4 61
4 10 -3 12
4 10 -2 12
4 10 -1 12
4 10 0 12
4 10 1 12
4 10 2 12
4 10 3 12
4 10 4 62
5 10 -4 63
5 10 -3 43
5 10 -2 45
5 10 -1 44
5 10 0 40
5 10 1 44
5 10 2 44
5 10 3 44
5 10 4 62
6 10 -4 63
6 10 4 62
-6 11 -3 63
-6 11 3 62
-5 11 -3 63
-5 11 -2 44
-5 11 -1 44
-5 11 0 10
-5 11 1 44
-5 11 2 44
-5 11 3 62
-4 11 -3 63
-4 11 -2 12
-4 11 -1 13
-4 11 0 12
-4 11 1 13
-4 11 2 12
-4 11 3 62
-3 11 -3 63
-3 11 -2 12
-3 11 -1 12
-3 11 0 13
-3 11 1 12
-3 11 2 12
-3 11 3 62
-2 11 -3 63
-2 11 -2 12
-2 11 -1 12
-2 11 0 12
-2 11 1 12
-2 11 2 12
-2 11 3 62
-1 11 -3 63
-1 11 -2 12
-1 11 -1 12
-1 11 0 12
-1 11 1 12
-1 11 2 12
-1 11 3 62
0 11 -3 63
0 11 -2 12
0 11 -1 12
0 11 0 12
0 11 1 12
0 11 2 12
0 11 3 62
1 11 -3 63
1 11 -2 12
1 11 -1 12
1 11 0 12
1 11 1 12
1 11 2 12
1 11 3 62
2 11 -3 63
2 11 -2 12
2 11 -1 12
2 11 0 12
2 11 1 12
2 11 2 12
2 11 3 62
3 11 -3 63
3 11 -2 12
3 11 -1 12
3 11 0 12
3 11 1 12
3 11 2 12
3 11 3 62
4 11 -3 63
4 11 -2 12
4 11 -1 12
4 11 0 12
4 11 1 12
4 11 2 12
4 11 3 62
5 11 -3 63
5 11 -2 43
5 11 -1 44
5 11 0 40
5 11 1 44
5 11 2 44
5 11 3 62
6 11 -3 63
6 11 3 62
-6 12 -2 63
-6 12 2 62
-5 12 -2 63
-5 12 -1 44
-5 12 0 13
-5 12 1 44
-5 12 2 62
-4 12 -2 61
-4 12 -1 10
-4 12 0 12
-4 12 1 13
-4 12 2 62
-3 12 -2 63
-3 12 -1 12
-3 12 0 13
-3 12 1 12
-3 12 2 62
-2 12 -2 63
-2 12 -1 12
-2 12 0 12
-2 12 1 12
-2 12 2 62
-1 12 -2 63
-1 12 -1 12
-1 12 0 12
-1 12 1 12
-1 12 2 62
0 12 -2 63
0 12 -1 12
0 12 0 12
0 12 1 12
0 12 2 62
1 12 -2 63
1 12 -1 12
1 12 0 12
1 12 1 12
1 12 2 62
2 12 -2 63
2 12 -1 12
2 12 0 12
2 12 1 12
2 12 2 62
3 12 -2 63
3 12 -1 12
3 12 0 12
3 12 1 12
3 12 2 62
4 12 -2 61
4 12 -1 12
4 12 0 12
4 12 1 12
4 12 2 62
5 12 -2 63
5 12 -1 44
5 12 0 27
5 12 1 44
5 12 2 62
6 12 -2 63
6 12 2 62
-6 13 -1 63
-6 13 0 7
-6 13 1 62
-5 13 -1 61
-5 13 0 13
-5 13 1 62
-4 13 -1 13
-4 13 0 12
-4 13 1 13
-3 13 -1 61
-3 13 0 13
-3 13 1 62
-2 13 -1 63
-2 13 0 7
-2 13 1 62
-1 13 -1 63
-1 13 0 7
-1 13 1 62
0 13 -1 63
0 13 0 7
0 13 1 62
1 13 -1 63
1 13 0 7
1 13 1 62
2 13 -1 63
2 13 0 7
2 13 1 62
3 13 -1 63
3 13 0 7
3 13 1 64
4 13 -1 63
4 13 0 7
4 13 1 62
5 13 -1 63
5 13 0 40
5 13 1 64
6 13 -1 63
6 13 0 7
6 13 1 62
-6 14 0 65
-5 14 0 10
-4 14 -1 10
-4 14 0 14
-4 14 1 13
-3 14 0 13
-2 14 0 65
-1 14 0 65
0 14 0 65
1 14 0 65
2 14 0 65
3 14 0 65
4 14 0 65
5 14 0 65
6 14 0 65
-5 15 0 13
-4 15 -1 13
-4 15 0 12
-4 15 1 13
-3 15 0 13
-5 16 0 13
-4 16 -1 10
-4 16 0 12
-4 16 1 13
-3 16 0 13
