core 0 1 5
P minecraft:cobblestone_stairs[facing=east,half=bottom,shape=straight,waterlogged=false]
P minecraft:cobblestone_stairs[facing=south,half=bottom,shape=straight,waterlogged=false]
P minecraft:andesite
P minecraft:mossy_cobblestone
P minecraft:stone
P minecraft:cobblestone
P minecraft:cobblestone_stairs[facing=north,half=bottom,shape=straight,waterlogged=false]
P minecraft:spruce_planks
P minecraft:cobblestone_stairs[facing=west,half=bottom,shape=straight,waterlogged=false]
P minecraft:spruce_stairs[facing=east,half=top,shape=straight,waterlogged=false]
P minecraft:chest[facing=east,type=single,waterlogged=false]
P minecraft:air
P minecraft:smoker[facing=east,lit=false]
P minecraft:spruce_stairs[facing=south,half=top,shape=straight,waterlogged=false]
P minecraft:crafting_table
P minecraft:spruce_stairs[facing=north,half=top,shape=straight,waterlogged=false]
P minecraft:bricks
P minecraft:campfire[facing=east,lit=true,signal_fire=false,waterlogged=false]
P minecraft:spruce_door[facing=north,half=lower,hinge=left,open=false,powered=false]
P minecraft:spruce_stairs[facing=west,half=bottom,shape=straight,waterlogged=false]
P minecraft:barrel[facing=up,open=false]
P minecraft:furnace[facing=west,lit=false]
P minecraft:water_cauldron[level=3]
P minecraft:bookshelf
P minecraft:spruce_stairs[facing=west,half=top,shape=straight,waterlogged=false]
P minecraft:dark_oak_trapdoor[facing=west,half=bottom,open=true,powered=false,waterlogged=false]
P minecraft:stone_bricks
P minecraft:glass_pane[east=false,north=true,south=true,waterlogged=false,west=false]
P minecraft:dark_oak_trapdoor[facing=north,half=bottom,open=true,powered=false,waterlogged=false]
P minecraft:dark_oak_trapdoor[facing=south,half=bottom,open=true,powered=false,waterlogged=false]
P minecraft:glass_pane[east=true,north=false,south=false,waterlogged=false,west=true]
P minecraft:flower_pot
P minecraft:spruce_door[facing=north,half=upper,hinge=left,open=false,powered=false]
P minecraft:lantern[hanging=true,waterlogged=false]
P minecraft:dark_oak_trapdoor[facing=east,half=bottom,open=true,powered=false,waterlogged=false]
P minecraft:brick_stairs[facing=north,half=top,shape=straight,waterlogged=false]
P minecraft:spruce_slab[type=top,waterlogged=false]
P minecraft:stripped_dark_oak_log[axis=x]
P minecraft:dark_oak_log[axis=y]
P minecraft:dark_oak_log[axis=z]
P minecraft:dark_oak_log[axis=x]
P minecraft:granite
P minecraft:green_carpet
P minecraft:spruce_fence[east=true,north=false,south=false,waterlogged=false,west=false]
P minecraft:spruce_fence[east=false,north=false,south=false,waterlogged=false,west=true]
P minecraft:spruce_fence[east=true,north=false,south=false,waterlogged=false,west=true]
P minecraft:spruce_fence[east=false,north=false,south=true,waterlogged=false,west=true]
P minecraft:green_bed[facing=east,occupied=false,part=foot]
P minecraft:spruce_fence[east=false,north=false,south=false,waterlogged=false,west=false]
P minecraft:green_bed[facing=east,occupied=false,part=head]
P minecraft:lantern[hanging=false,waterlogged=false]
P minecraft:deepslate_tile_stairs[facing=south,half=bottom,shape=straight,waterlogged=false]
P minecraft:deepslate_tile_stairs[facing=north,half=bottom,shape=straight,waterlogged=false]
P minecraft:cobbled_deepslate_stairs[facing=south,half=bottom,shape=straight,waterlogged=false]
P minecraft:cobbled_deepslate_stairs[facing=north,half=bottom,shape=straight,waterlogged=false]
P minecraft:deepslate_tile_slab[type=bottom,waterlogged=false]
-5 0 -4 0
-5 0 -3 0
-5 0 -2 0
-5 0 -1 0
-5 0 0 0
-5 0 1 0
-5 0 2 0
-5 0 3 0
-5 0 4 0
-4 0 -5 1
-4 0 -4 2
-4 0 -3 3
-4 0 -2 4
-4 0 -1 5
-4 0 0 5
-4 0 1 3
-4 0 2 2
-4 0 3 5
-4 0 4 2
-4 0 5 6
-3 0 -5 1
-3 0 -4 5
-3 0 -3 7
-3 0 -2 7
-3 0 -1 7
-3 0 0 7
-3 0 1 7
-3 0 2 7
-3 0 3 7
-3 0 4 3
-3 0 5 6
-2 0 -5 1
-2 0 -4 5
-2 0 -3 7
-2 0 -2 7
-2 0 -1 7
-2 0 0 7
-2 0 1 7
-2 0 2 7
-2 0 3 7
-2 0 4 4
-2 0 5 6
-1 0 -5 1
-1 0 -4 5
-1 0 -3 7
-1 0 -2 7
-1 0 -1 7
-1 0 0 7
-1 0 1 7
-1 0 2 7
-1 0 3 7
-1 0 4 2
-1 0 5 6
0 0 -5 1
0 0 -4 5
0 0 -3 7
0 0 -2 7
0 0 -1 7
0 0 0 7
0 0 1 7
0 0 2 7
0 0 3 7
0 0 4 5
1 0 -5 1
1 0 -4 5
1 0 -3 7
1 0 -2 7
1 0 -1 7
1 0 0 7
1 0 1 7
1 0 2 7
1 0 3 7
1 0 4 5
1 0 5 6
2 0 -5 1
2 0 -4 5
2 0 -3 7
2 0 -2 7
2 0 -1 7
2 0 0 7
2 0 1 7
2 0 2 7
2 0 3 7
2 0 4 4
2 0 5 6
3 0 -5 1
3 0 -4 5
3 0 -3 7
3 0 -2 7
3 0 -1 7
3 0 0 7
3 0 1 7
3 0 2 7
3 0 3 7
3 0 4 5
3 0 5 6
4 0 -5 1
4 0 -4 2
4 0 -3 5
4 0 -2 5
4 0 -1 4
4 0 0 2
4 0 1 5
4 0 2 5
4 0 3 2
4 0 4 2
4 0 5 6
5 0 -4 8
5 0 -3 8
5 0 -2 8
5 0 -1 8
5 0 0 8
5 0 1 8
5 0 2 8
5 0 3 8
5 0 4 8
-5 1 -2 9
-5 1 2 9
-4 1 -4 5
-4 1 -3 5
-4 1 -2 5
-4 1 -1 5
-4 1 0 5
-4 1 1 5
-4 1 2 5
-4 1 3 5
-4 1 4 5
-3 1 -4 5
-3 1 -3 10
-3 1 -2 11
-3 1 -1 11
-3 1 0 11
-3 1 1 11
-3 1 2 11
-3 1 3 12
-3 1 4 2
-2 1 -5 13
-2 1 -4 5
-2 1 -3 11
-2 1 -2 11
-2 1 -1 11
-2 1 0 11
-2 1 1 7
-2 1 2 7
-2 1 3 14
-2 1 4 2
-2 1 5 15
-1 1 -4 5
-1 1 -3 16
-1 1 -2 11
-1 1 -1 11
-1 1 0 11
-1 1 1 7
-1 1 2 7
-1 1 3 11
-1 1 4 5
0 1 -4 16
0 1 -3 17
0 1 -2 11
0 1 -1 11
0 1 0 11
0 1 1 7
0 1 2 7
0 1 3 11
0 1 4 18
1 1 -4 5
1 1 -3 16
1 1 -2 11
1 1 -1 11
1 1 0 11
1 1 1 19
1 1 2 19
1 1 3 11
1 1 4 5
2 1 -5 13
2 1 -4 5
2 1 -3 11
2 1 -2 11
2 1 -1 11
2 1 0 11
2 1 1 11
2 1 2 11
2 1 3 11
2 1 4 5
2 1 5 15
3 1 -4 5
3 1 -3 11
3 1 -2 20
3 1 -1 21
3 1 0 22
3 1 1 11
3 1 2 11
3 1 3 23
3 1 4 2
4 1 -4 5
4 1 -3 2
4 1 -2 3
4 1 -1 5
4 1 0 4
4 1 1 3
4 1 2 3
4 1 3 5
4 1 4 5
5 1 -2 24
5 1 2 24
-5 2 -3 25
-5 2 -1 25
-5 2 1 25
-5 2 3 25
-4 2 -4 26
-4 2 -3 3
-4 2 -2 27
-4 2 -1 5
-4 2 0 5
-4 2 1 3
-4 2 2 27
-4 2 3 5
-4 2 4 26
-3 2 -5 28
-3 2 -4 3
-3 2 -3 11
-3 2 -2 11
-3 2 -1 11
-3 2 0 11
-3 2 1 11
-3 2 2 11
-3 2 3 11
-3 2 4 3
-3 2 5 29
-2 2 -4 30
-2 2 -3 11
-2 2 -2 11
-2 2 -1 11
-2 2 0 11
-2 2 1 7
-2 2 2 7
-2 2 3 31
-2 2 4 30
-1 2 -5 28
-1 2 -4 5
-1 2 -3 16
-1 2 -2 11
-1 2 -1 11
-1 2 0 11
-1 2 1 7
-1 2 2 7
-1 2 3 11
-1 2 4 3
-1 2 5 29
0 2 -4 16
0 2 -3 11
0 2 -2 11
0 2 -1 11
0 2 0 11
0 2 1 19
0 2 2 19
0 2 3 11
0 2 4 32
1 2 -5 28
1 2 -4 5
1 2 -3 16
1 2 -2 11
1 2 -1 11
1 2 0 11
1 2 1 11
1 2 2 11
1 2 3 11
1 2 4 5
1 2 5 33
2 2 -4 30
2 2 -3 11
2 2 -2 11
2 2 -1 11
2 2 0 11
2 2 1 11
2 2 2 11
2 2 3 11
2 2 4 30
3 2 -5 28
3 2 -4 2
3 2 -3 11
3 2 -2 11
3 2 -1 11
3 2 0 11
3 2 1 11
3 2 2 11
3 2 3 31
3 2 4 5
3 2 5 29
4 2 -4 26
4 2 -3 5
4 2 -2 27
4 2 -1 2
4 2 0 5
4 2 1 5
4 2 2 27
4 2 3 5
4 2 4 26
5 2 -3 34
5 2 -1 34
5 2 1 34
5 2 3 34
-5 3 -3 25
-5 3 -1 25
-5 3 1 25
-5 3 3 25
-4 3 -4 5
-4 3 -3 5
-4 3 -2 27
-4 3 -1 3
-4 3 0 2
-4 3 1 2
-4 3 2 27
-4 3 3 5
-4 3 4 4
-3 3 -5 28
-3 3 -4 5
-3 3 -3 11
-3 3 -2 11
-3 3 -1 11
-3 3 0 11
-3 3 1 11
-3 3 2 11
-3 3 3 11
-3 3 4 5
-3 3 5 29
-2 3 -4 30
-2 3 -3 11
-2 3 -2 11
-2 3 -1 11
-2 3 0 11
-2 3 1 7
-2 3 2 7
-2 3 3 11
-2 3 4 30
-1 3 -5 28
-1 3 -4 3
-1 3 -3 26
-1 3 -2 35
-1 3 -1 11
-1 3 0 11
-1 3 1 19
-1 3 2 19
-1 3 3 11
-1 3 4 3
-1 3 5 15
0 3 -5 13
0 3 -4 16
0 3 -3 11
0 3 -2 35
0 3 -1 11
0 3 0 33
0 3 1 11
0 3 2 11
0 3 3 11
0 3 4 26
0 3 5 36
1 3 -5 28
1 3 -4 5
1 3 -3 16
1 3 -2 35
1 3 -1 11
1 3 0 11
1 3 1 11
1 3 2 11
1 3 3 11
1 3 4 5
1 3 5 15
2 3 -4 30
2 3 -3 11
2 3 -2 11
2 3 -1 11
2 3 0 11
2 3 1 11
2 3 2 11
2 3 3 11
2 3 4 30
3 3 -5 28
3 3 -4 2
3 3 -3 11
3 3 -2 11
3 3 -1 11
3 3 0 11
3 3 1 11
3 3 2 11
3 3 3 11
3 3 4 5
3 3 5 29
4 3 -4 4
4 3 -3 2
4 3 -2 27
4 3 -1 5
4 3 0 2
4 3 1 4
4 3 2 27
4 3 3 3
4 3 4 5
5 3 -3 34
5 3 -1 34
5 3 1 34
5 3 3 34
-5 4 -2 37
-5 4 2 37
-4 4 -5 38
-4 4 -4 39
-4 4 -3 39
-4 4 -2 39
-4 4 -1 39
-4 4 0 39
-4 4 1 39
-4 4 2 39
-4 4 3 39
-4 4 4 39
-4 4 5 38
-3 4 -5 40
-3 4 -4 7
-3 4 -3 7
-3 4 -2 7
-3 4 -1 7
-3 4 0 7
-3 4 1 7
-3 4 2 7
-3 4 3 7
-3 4 4 7
-3 4 5 40
-2 4 -5 40
-2 4 -4 7
-2 4 -3 7
-2 4 -2 7
-2 4 -1 7
-2 4 0 7
-2 4 1 19
-2 4 2 19
-2 4 3 7
-2 4 4 7
-2 4 5 40
-1 4 -5 40
-1 4 -4 7
-1 4 -3 16
-1 4 -2 7
-1 4 -1 7
-1 4 0 7
-1 4 1 11
-1 4 2 11
-1 4 3 7
-1 4 4 7
-1 4 5 40
0 4 -5 40
0 4 -4 16
0 4 -3 11
0 4 -2 26
0 4 -1 7
0 4 0 7
0 4 1 11
0 4 2 11
0 4 3 7
0 4 4 7
0 4 5 40
1 4 -5 40
1 4 -4 7
1 4 -3 16
1 4 -2 7
1 4 -1 7
1 4 0 7
1 4 1 11
1 4 2 11
1 4 3 7
1 4 4 7
1 4 5 40
2 4 -5 40
2 4 -4 7
2 4 -3 7
2 4 -2 7
2 4 -1 7
2 4 0 7
2 4 1 7
2 4 2 7
2 4 3 7
2 4 4 7
2 4 5 40
3 4 -5 40
3 4 -4 7
3 4 -3 7
3 4 -2 7
3 4 -1 7
3 4 0 7
3 4 1 7
3 4 2 7
3 4 3 7
3 4 4 7
3 4 5 40
4 4 -5 38
4 4 -4 39
4 4 -3 39
4 4 -2 39
4 4 -1 39
4 4 0 39
4 4 1 39
4 4 2 39
4 4 3 39
4 4 4 39
4 4 5 38
5 4 -2 37
5 4 2 37
-5 5 -2 9
-5 5 2 9
-4 5 -5 38
-4 5 -4 38
-4 5 -3 16
-4 5 -2 16
-4 5 -1 16
-4 5 0 38
-4 5 1 41
-4 5 2 16
-4 5 3 16
-4 5 4 38
-4 5 5 38
-3 5 -5 41
-3 5 -4 11
-3 5 -3 10
-3 5 -2 11
-3 5 -1 11
-3 5 0 11
-3 5 1 11
-3 5 2 11
-3 5 3 20
-3 5 4 11
-3 5 5 16
-2 5 -6 13
-2 5 -5 16
-2 5 -4 11
-2 5 -3 11
-2 5 -2 11
-2 5 -1 11
-2 5 0 11
-2 5 1 11
-2 5 2 11
-2 5 3 11
-2 5 4 11
-2 5 5 16
-2 5 6 15
-1 5 -5 16
-1 5 -4 11
-1 5 -3 16
-1 5 -2 11
-1 5 -1 42
-1 5 0 43
-1 5 1 11
-1 5 2 11
-1 5 3 43
-1 5 4 11
-1 5 5 16
0 5 -5 38
0 5 -4 16
0 5 -3 11
0 5 -2 26
0 5 -1 42
0 5 0 44
0 5 1 11
0 5 2 11
0 5 3 45
0 5 4 11
0 5 5 38
1 5 -5 16
1 5 -4 11
1 5 -3 16
1 5 -2 11
1 5 -1 11
1 5 0 11
1 5 1 42
1 5 2 11
1 5 3 46
1 5 4 20
1 5 5 16
2 5 -6 13
2 5 -5 41
2 5 -4 11
2 5 -3 11
2 5 -2 11
2 5 -1 47
2 5 0 11
2 5 1 48
2 5 2 11
2 5 3 11
2 5 4 11
2 5 5 16
2 5 6 15
3 5 -5 16
3 5 -4 11
3 5 -3 11
3 5 -2 11
3 5 -1 49
3 5 0 20
3 5 1 11
3 5 2 11
3 5 3 23
3 5 4 11
3 5 5 41
4 5 -5 38
4 5 -4 38
4 5 -3 16
4 5 -2 16
4 5 -1 16
4 5 0 38
4 5 1 16
4 5 2 41
4 5 3 16
4 5 4 38
4 5 5 38
5 5 -2 24
5 5 2 24
-5 6 -3 25
-5 6 -1 25
-4 6 -5 38
-4 6 -4 38
-4 6 -3 16
-4 6 -2 27
-4 6 -1 16
-4 6 0 38
-4 6 1 16
-4 6 2 27
-4 6 3 16
-4 6 4 38
-4 6 5 38
-3 6 -5 41
-3 6 -4 11
-3 6 -3 11
-3 6 -2 11
-3 6 -1 11
-3 6 0 11
-3 6 1 11
-3 6 2 11
-3 6 3 50
-3 6 4 11
-3 6 5 16
-3 6 6 29
-2 6 -5 30
-2 6 -4 11
-2 6 -3 11
-2 6 -2 11
-2 6 -1 11
-2 6 0 11
-2 6 1 11
-2 6 2 11
-2 6 3 11
-2 6 4 11
-2 6 5 30
-1 6 -5 16
-1 6 -4 11
-1 6 -3 16
-1 6 -2 11
-1 6 -1 11
-1 6 0 11
-1 6 1 11
-1 6 2 11
-1 6 3 11
-1 6 4 11
-1 6 5 16
-1 6 6 29
0 6 -5 38
0 6 -4 16
0 6 -3 11
0 6 -2 16
0 6 -1 11
0 6 0 11
0 6 1 11
0 6 2 11
0 6 3 11
0 6 4 11
0 6 5 38
1 6 -5 16
1 6 -4 11
1 6 -3 16
1 6 -2 11
1 6 -1 11
1 6 0 11
1 6 1 11
1 6 2 11
1 6 3 11
1 6 4 11
1 6 5 16
2 6 -5 30
2 6 -4 11
2 6 -3 11
2 6 -2 11
2 6 -1 11
2 6 0 11
2 6 1 11
2 6 2 11
2 6 3 11
2 6 4 11
2 6 5 30
3 6 -5 16
3 6 -4 11
3 6 -3 11
3 6 -2 11
3 6 -1 11
3 6 0 50
3 6 1 11
3 6 2 11
3 6 3 11
3 6 4 11
3 6 5 41
4 6 -5 38
4 6 -4 38
4 6 -3 16
4 6 -2 27
4 6 -1 16
4 6 0 38
4 6 1 16
4 6 2 27
4 6 3 41
4 6 4 38
4 6 5 38
-5 7 -3 25
-5 7 -1 25
-4 7 -5 38
-4 7 -4 38
-4 7 -3 41
-4 7 -2 27
-4 7 -1 16
-4 7 0 38
-4 7 1 16
-4 7 2 27
-4 7 3 16
-4 7 4 38
-4 7 5 38
-3 7 -5 16
-3 7 -4 11
-3 7 -3 11
-3 7 -2 11
-3 7 -1 11
-3 7 0 11
-3 7 1 11
-3 7 2 11
-3 7 3 11
-3 7 4 11
-3 7 5 16
-3 7 6 29
-2 7 -5 30
-2 7 -4 11
-2 7 -3 11
-2 7 -2 11
-2 7 -1 11
-2 7 0 11
-2 7 1 11
-2 7 2 11
-2 7 3 11
-2 7 4 11
-2 7 5 30
-1 7 -5 16
-1 7 -4 11
-1 7 -3 16
-1 7 -2 11
-1 7 -1 11
-1 7 0 11
-1 7 1 11
-1 7 2 11
-1 7 3 11
-1 7 4 11
-1 7 5 16
-1 7 6 29
0 7 -5 38
0 7 -4 16
0 7 -3 11
0 7 -2 16
0 7 -1 11
0 7 0 33
0 7 1 11
0 7 2 11
0 7 3 11
0 7 4 11
0 7 5 38
1 7 -5 16
1 7 -4 11
1 7 -3 16
1 7 -2 11
1 7 -1 11
1 7 0 11
1 7 1 11
1 7 2 11
1 7 3 11
1 7 4 11
1 7 5 16
2 7 -5 30
2 7 -4 11
2 7 -3 11
2 7 -2 11
2 7 -1 11
2 7 0 11
2 7 1 11
2 7 2 11
2 7 3 11
2 7 4 11
2 7 5 30
3 7 -5 16
3 7 -4 11
3 7 -3 11
3 7 -2 11
3 7 -1 11
3 7 0 11
3 7 1 11
3 7 2 11
3 7 3 11
3 7 4 11
3 7 5 16
4 7 -5 38
4 7 -4 38
4 7 -3 16
4 7 -2 27
4 7 -1 16
4 7 0 38
4 7 1 16
4 7 2 27
4 7 3 16
4 7 4 38
4 7 5 38
-5 8 -6 51
-5 8 6 52
-4 8 -6 51
-4 8 -5 38
-4 8 -4 39
-4 8 -3 39
-4 8 -2 39
-4 8 -1 39
-4 8 0 39
-4 8 1 39
-4 8 2 39
-4 8 3 39
-4 8 4 39
-4 8 5 38
-4 8 6 52
-3 8 -6 51
-3 8 -5 40
-3 8 5 40
-3 8 6 52
-2 8 -6 53
-2 8 -5 40
-2 8 5 40
-2 8 6 52
-1 8 -6 51
-1 8 -5 40
-1 8 -3 16
-1 8 5 40
-1 8 6 52
0 8 -6 51
0 8 -5 40
0 8 -4 16
0 8 -3 11
0 8 -2 16
0 8 5 40
0 8 6 52
1 8 -6 51
1 8 -5 40
1 8 -3 16
1 8 5 40
1 8 6 52
2 8 -6 51
2 8 -5 40
2 8 5 40
2 8 6 54
3 8 -6 51
3 8 -5 40
3 8 5 40
3 8 6 52
4 8 -6 51
4 8 -5 38
4 8 -4 39
4 8 -3 39
4 8 -2 39
4 8 -1 39
4 8 0 39
4 8 1 39
4 8 2 39
4 8 3 39
4 8 4 39
4 8 5 38
4 8 6 52
5 8 -6 51
5 8 6 52
-5 9 -5 51
-5 9 5 52
-4 9 -5 51
-4 9 -4 38
-4 9 -3 16
-4 9 -2 16
-4 9 -1 16
-4 9 0 38
-4 9 1 41
-4 9 2 16
-4 9 3 41
-4 9 4 38
-4 9 5 52
-3 9 -5 51
-3 9 -4 11
-3 9 -3 11
-3 9 -2 11
-3 9 -1 11
-3 9 0 11
-3 9 1 11
-3 9 2 11
-3 9 3 11
-3 9 4 11
-3 9 5 52
-2 9 -5 51
-2 9 -4 11
-2 9 -3 11
-2 9 -2 11
-2 9 -1 11
-2 9 0 11
-2 9 1 11
-2 9 2 11
-2 9 3 11
-2 9 4 11
-2 9 5 52
-1 9 -5 51
-1 9 -4 11
-1 9 -3 16
-1 9 -2 11
-1 9 -1 11
-1 9 0 11
-1 9 1 11
-1 9 2 11
-1 9 3 11
-1 9 4 11
-1 9 5 52
0 9 -5 51
0 9 -4 16
0 9 -3 11
0 9 -2 16
0 9 -1 11
0 9 0 11
0 9 1 11
0 9 2 11
0 9 3 11
0 9 4 11
0 9 5 52
1 9 -5 51
1 9 -4 11
1 9 -3 16
1 9 -2 11
1 9 -1 11
1 9 0 11
1 9 1 11
1 9 2 11
1 9 3 11
1 9 4 11
1 9 5 52
2 9 -5 51
2 9 -4 11
2 9 -3 11
2 9 -2 11
2 9 -1 11
2 9 0 11
2 9 1 11
2 9 2 11
2 9 3 11
2 9 4 11
2 9 5 52
3 9 -5 51
3 9 -4 11
3 9 -3 11
3 9 -2 11
3 9 -1 11
3 9 0 11
3 9 1 11
3 9 2 11
3 9 3 11
3 9 4 11
3 9 5 52
4 9 -5 51
4 9 -4 38
4 9 -3 16
4 9 -2 16
4 9 -1 16
4 9 0 38
4 9 1 16
4 9 2 16
4 9 3 16
4 9 4 38
4 9 5 52
5 9 -5 51
5 9 5 52
-5 10 -4 51
-5 10 4 52
-4 10 -4 51
-4 10 -3 16
-4 10 -2 16
-4 10 -1 16
-4 10 0 38
-4 10 1 16
-4 10 2 16
-4 10 3 41
-4 10 4 54
-3 10 -4 51
-3 10 -3 11
-3 10 -2 11
-3 10 -1 11
-3 10 0 11
-3 10 1 11
-3 10 2 11
-3 10 3 11
-3 10 4 52
-2 10 -4 53
-2 10 -3 11
-2 10 -2 11
-2 10 -1 11
-2 10 0 11
-2 10 1 11
-2 10 2 11
-2 10 3 11
-2 10 4 52
-1 10 -4 51
-1 10 -3 16
-1 10 -2 11
-1 10 -1 11
-1 10 0 11
-1 10 1 11
-1 10 2 11
-1 10 3 11
-1 10 4 52
0 10 -4 16
0 10 -3 11
0 10 -2 26
0 10 -1 11
0 10 0 11
0 10 1 11
0 10 2 11
0 10 3 11
0 10 4 52
1 10 -4 51
1 10 -3 16
1 10 -2 11
1 10 -1 11
1 10 0 11
1 10 1 11
1 10 2 11
1 10 3 11
1 10 4 52
2 10 -4 51
2 10 -3 11
2 10 -2 11
2 10 -1 11
2 10 0 11
2 10 1 11
2 10 2 11
2 10 3 11
2 10 4 52
3 10 -4 51
3 10 -3 11
3 10 -2 11
3 10 -1 11
3 10 0 11
3 10 1 11
3 10 2 11
3 10 3 11
3 10 4 52
4 10 -4 53
4 10 -3 16
4 10 -2 16
4 10 -1 16
4 10 0 38
4 10 1 16
4 10 2 16
4 10 3 16
4 10 4 52
5 10 -4 51
5 10 4 52
-5 11 -3 51
-5 11 3 52
-4 11 -3 51
-4 11 -2 16
-4 11 -1 16
-4 11 0 38
-4 11 1 16
-4 11 2 16
-4 11 3 52
-3 11 -3 51
-3 11 -2 11
-3 11 -1 11
-3 11 0 11
-3 11 1 11
-3 11 2 11
-3 11 3 52
-2 11 -3 51
-2 11 -2 11
-2 11 -1 11
-2 11 0 11
-2 11 1 11
-2 11 2 11
-2 11 3 52
-1 11 -3 16
-1 11 -2 11
-1 11 -1 11
-1 11 0 11
-1 11 1 11
-1 11 2 11
-1 11 3 52
0 11 -4 16
0 11 -3 11
0 11 -2 16
0 11 -1 11
0 11 0 11
0 11 1 11
0 11 2 11
0 11 3 52
1 11 -3 16
1 11 -2 11
1 11 -1 11
1 11 0 11
1 11 1 11
1 11 2 11
1 11 3 52
2 11 -3 51
2 11 -2 11
2 11 -1 11
2 11 0 11
2 11 1 11
2 11 2 11
2 11 3 52
3 11 -3 51
3 11 -2 11
3 11 -1 11
3 11 0 11
3 11 1 11
3 11 2 11
3 11 3 52
4 11 -3 51
4 11 -2 16
4 11 -1 16
4 11 0 38
4 11 1 41
4 11 2 41
4 11 3 52
5 11 -3 51
5 11 3 52
-5 12 -2 51
-5 12 2 52
-4 12 -2 53
-4 12 -1 16
-4 12 0 27
-4 12 1 16
-4 12 2 52
-3 12 -2 51
-3 12 -1 11
-3 12 0 11
-3 12 1 11
-3 12 2 52
-2 12 -2 51
-2 12 -1 11
-2 12 0 11
-2 12 1 11
-2 12 2 52
-1 12 -3 16
-1 12 -2 51
-1 12 -1 11
-1 12 0 11
-1 12 1 11
-1 12 2 52
0 12 -4 16
0 12 -3 11
0 12 -2 16
0 12 -1 11
0 12 0 11
0 12 1 11
0 12 2 52
1 12 -3 16
1 12 -2 51
1 12 -1 11
1 12 0 11
1 12 1 11
1 12 2 52
2 12 -2 51
2 12 -1 11
2 12 0 11
2 12 1 11
2 12 2 52
3 12 -2 51
3 12 -1 11
3 12 0 11
3 12 1 11
3 12 2 52
4 12 -2 53
4 12 -1 41
4 12 0 27
4 12 1 16
4 12 2 52
5 12 -2 51
5 12 2 52
-5 13 -1 53
-5 13 0 7
-5 13 1 52
-4 13 -1 51
-4 13 0 38
-4 13 1 52
-3 13 -1 53
-3 13 0 7
-3 13 1 52
-2 13 -1 51
-2 13 0 7
-2 13 1 52
-1 13 -3 16
-1 13 -1 51
-1 13 0 7
-1 13 1 52
0 13 -4 16
0 13 -3 11
0 13 -2 16
0 13 -1 51
0 13 0 7
0 13 1 52
1 13 -3 16
1 13 -1 51
1 13 0 7
1 13 1 52
2 13 -1 51
2 13 0 7
2 13 1 52
3 13 -1 51
3 13 0 7
3 13 1 54
4 13 -1 51
4 13 0 38
4 13 1 52
5 13 -1 51
5 13 0 7
5 13 1 54
-5 14 0 55
-4 14 0 55
-3 14 0 55
-2 14 0 55
-1 14 -3 16
-1 14 0 55
0 14 -4 16
0 14 -3 17
0 14 -2 26
0 14 0 55
1 14 -3 26
1 14 0 55
2 14 0 55
3 14 0 55
4 14 0 55
5 14 0 55
-1 15 -3 16
0 15 -4 16
0 15 -3 11
0 15 -2 26
1 15 -3 16
-1 16 -3 16
0 16 -4 16
0 16 -3 11
0 16 -2 16
1 16 -3 16
