core 0 1 8
P minecraft:cobblestone_stairs[facing=east,half=bottom,shape=straight,waterlogged=false]
P minecraft:cobblestone_stairs[facing=south,half=bottom,shape=straight,waterlogged=false]
P minecraft:cobblestone
P minecraft:mossy_cobblestone
P minecraft:andesite
P minecraft:stone
P minecraft:cobblestone_stairs[facing=north,half=bottom,shape=straight,waterlogged=false]
P minecraft:oak_planks
P minecraft:cobblestone_stairs[facing=east,half=bottom,shape=inner_left,waterlogged=false]
P minecraft:cobblestone_stairs[facing=west,half=bottom,shape=inner_right,waterlogged=false]
P minecraft:cobblestone_stairs[facing=west,half=bottom,shape=straight,waterlogged=false]
P minecraft:spruce_stairs[facing=east,half=top,shape=straight,waterlogged=false]
P minecraft:bricks
P minecraft:barrel[facing=up,open=false]
P minecraft:campfire[facing=east,lit=true,signal_fire=false,waterlogged=false]
P minecraft:crafting_table
P minecraft:air
P minecraft:bookshelf
P minecraft:spruce_stairs[facing=south,half=top,shape=straight,waterlogged=false]
P minecraft:chest[facing=east,type=single,waterlogged=false]
P minecraft:spruce_door[facing=north,half=lower,hinge=left,open=false,powered=false]
P minecraft:spruce_stairs[facing=west,half=bottom,shape=straight,waterlogged=false]
P minecraft:smoker[facing=west,lit=false]
P minecraft:water_cauldron[level=3]
P minecraft:furnace[facing=west,lit=false]
P minecraft:spruce_stairs[facing=west,half=top,shape=straight,waterlogged=false]
P minecraft:dark_oak_trapdoor[facing=west,half=bottom,open=true,powered=false,waterlogged=false]
P minecraft:stone_bricks
P minecraft:glass_pane[east=true,north=true,south=true,waterlogged=false,west=false]
P minecraft:potted_dandelion
P minecraft:dark_oak_trapdoor[facing=north,half=bottom,open=true,powered=false,waterlogged=false]
P minecraft:flower_pot
P minecraft:glass_pane[east=true,north=false,south=false,waterlogged=false,west=true]
P minecraft:spruce_door[facing=north,half=upper,hinge=left,open=false,powered=false]
P minecraft:lantern[hanging=true,waterlogged=false]
P minecraft:glass_pane[east=false,north=true,south=true,waterlogged=false,west=false]
P minecraft:dark_oak_trapdoor[facing=east,half=bottom,open=true,powered=false,waterlogged=false]
P minecraft:spruce_stairs[facing=north,half=top,shape=straight,waterlogged=false]
P minecraft:brick_stairs[facing=west,half=top,shape=straight,waterlogged=false]
P minecraft:spruce_slab[type=top,waterlogged=false]
P minecraft:stripped_spruce_log[axis=x]
P minecraft:spruce_log[axis=y]
P minecraft:spruce_log[axis=z]
P minecraft:spruce_log[axis=x]
P minecraft:smooth_sandstone
P minecraft:sandstone
P minecraft:blue_carpet
P minecraft:spruce_fence[east=true,north=true,south=false,waterlogged=false,west=false]
P minecraft:spruce_fence[east=true,north=false,south=false,waterlogged=false,west=false]
P minecraft:blue_bed[facing=east,occupied=false,part=foot]
P minecraft:spruce_fence[east=false,north=true,south=false,waterlogged=false,west=true]
P minecraft:spruce_fence[east=true,north=false,south=false,waterlogged=false,west=true]
P minecraft:blue_bed[facing=east,occupied=false,part=head]
P minecraft:spruce_fence[east=false,north=false,south=false,waterlogged=false,west=true]
P minecraft:spruce_fence[east=false,north=false,south=true,waterlogged=false,west=false]
P minecraft:spruce_fence[east=false,north=true,south=false,waterlogged=false,west=false]
P minecraft:chest[facing=west,type=single,waterlogged=false]
P minecraft:lantern[hanging=false,waterlogged=false]
P minecraft:dark_oak_stairs[facing=south,half=bottom,shape=straight,waterlogged=false]
P minecraft:spruce_stairs[facing=north,half=bottom,shape=straight,waterlogged=false]
P minecraft:spruce_stairs[facing=south,half=bottom,shape=straight,waterlogged=false]
P minecraft:spruce_stairs[facing=east,half=bottom,shape=inner_left,waterlogged=false]
P minecraft:dark_oak_stairs[facing=north,half=bottom,shape=straight,waterlogged=false]
P minecraft:spruce_stairs[facing=west,half=bottom,shape=inner_right,waterlogged=false]
P minecraft:spruce_planks
P minecraft:glass_pane[east=false,north=false,south=true,waterlogged=false,west=true]
P minecraft:glass_pane[east=true,north=false,south=true,waterlogged=false,west=false]
P minecraft:spruce_slab[type=bottom,waterlogged=false]
-6 0 -4 0
-6 0 -3 0
-6 0 -2 0
-6 0 -1 0
-6 0 0 0
-6 0 1 0
-6 0 2 0
-6 0 3 0
-5 0 -5 1
-5 0 -4 2
-5 0 -3 2
-5 0 -2 3
-5 0 -1 4
-5 0 0 5
-5 0 1 2
-5 0 2 5
-5 0 3 4
-5 0 4 6
-4 0 -5 1
-4 0 -4 4
-4 0 -3 7
-4 0 -2 7
-4 0 -1 7
-4 0 0 7
-4 0 1 7
-4 0 2 7
-4 0 3 2
-4 0 4 6
-3 0 -5 1
-3 0 -4 2
-3 0 -3 7
-3 0 -2 7
-3 0 -1 7
-3 0 0 7
-3 0 1 7
-3 0 2 7
-3 0 3 5
-3 0 4 8
-3 0 5 0
-3 0 6 0
-3 0 7 0
-2 0 -5 1
-2 0 -4 2
-2 0 -3 7
-2 0 -2 7
-2 0 -1 7
-2 0 0 7
-2 0 1 7
-2 0 2 7
-2 0 3 7
-2 0 4 5
-2 0 5 3
-2 0 6 2
-2 0 7 4
-2 0 8 6
-1 0 -5 1
-1 0 -4 2
-1 0 -3 7
-1 0 -2 7
-1 0 -1 7
-1 0 0 7
-1 0 1 7
-1 0 2 7
-1 0 3 7
-1 0 4 7
-1 0 5 7
-1 0 6 7
-1 0 7 2
-1 0 8 6
0 0 -5 1
0 0 -4 2
0 0 -3 7
0 0 -2 7
0 0 -1 7
0 0 0 7
0 0 1 7
0 0 2 7
0 0 3 7
0 0 4 7
0 0 5 7
0 0 6 7
0 0 7 5
1 0 -5 1
1 0 -4 2
1 0 -3 7
1 0 -2 7
1 0 -1 7
1 0 0 7
1 0 1 7
1 0 2 7
1 0 3 7
1 0 4 7
1 0 5 7
1 0 6 7
1 0 7 2
1 0 8 6
2 0 -5 1
2 0 -4 2
2 0 -3 7
2 0 -2 7
2 0 -1 7
2 0 0 7
2 0 1 7
2 0 2 7
2 0 3 7
2 0 4 5
2 0 5 4
2 0 6 2
2 0 7 2
2 0 8 6
3 0 -5 1
3 0 -4 2
3 0 -3 7
3 0 -2 7
3 0 -1 7
3 0 0 7
3 0 1 7
3 0 2 7
3 0 3 2
3 0 4 9
3 0 5 10
3 0 6 10
3 0 7 10
4 0 -5 1
4 0 -4 4
4 0 -3 7
4 0 -2 7
4 0 -1 7
4 0 0 7
4 0 1 7
4 0 2 7
4 0 3 4
4 0 4 6
5 0 -5 1
5 0 -4 3
5 0 -3 4
5 0 -2 3
5 0 -1 2
5 0 0 5
5 0 1 4
5 0 2 2
5 0 3 2
5 0 4 6
6 0 -4 10
6 0 -3 10
6 0 -2 10
6 0 -1 10
6 0 0 10
6 0 1 10
6 0 2 10
6 0 3 10
-6 1 -2 11
-5 1 -4 4
-5 1 -3 2
-5 1 -2 2
-5 1 -1 12
-5 1 0 2
-5 1 1 3
-5 1 2 2
-5 1 3 2
-4 1 -4 2
-4 1 -3 13
-4 1 -2 12
-4 1 -1 14
-4 1 0 12
-4 1 1 15
-4 1 2 16
-4 1 3 2
-3 1 -4 2
-3 1 -3 17
-3 1 -2 16
-3 1 -1 16
-3 1 0 16
-3 1 1 16
-3 1 2 16
-3 1 3 3
-2 1 -5 18
-2 1 -4 2
-2 1 -3 16
-2 1 -2 16
-2 1 -1 16
-2 1 0 16
-2 1 1 16
-2 1 2 16
-2 1 3 13
-2 1 4 4
-2 1 5 5
-2 1 6 3
-2 1 7 2
-1 1 -4 2
-1 1 -3 7
-1 1 -2 7
-1 1 -1 16
-1 1 0 16
-1 1 1 16
-1 1 2 16
-1 1 3 16
-1 1 4 16
-1 1 5 16
-1 1 6 19
-1 1 7 2
0 1 -4 2
0 1 -3 7
0 1 -2 7
0 1 -1 16
0 1 0 16
0 1 1 16
0 1 2 16
0 1 3 16
0 1 4 16
0 1 5 16
0 1 6 16
0 1 7 20
1 1 -4 2
1 1 -3 7
1 1 -2 7
1 1 -1 16
1 1 0 16
1 1 1 16
1 1 2 16
1 1 3 16
1 1 4 16
1 1 5 16
1 1 6 16
1 1 7 3
2 1 -5 18
2 1 -4 2
2 1 -3 21
2 1 -2 21
2 1 -1 16
2 1 0 16
2 1 1 16
2 1 2 16
2 1 3 16
2 1 4 2
2 1 5 2
2 1 6 5
2 1 7 2
3 1 -4 2
3 1 -3 16
3 1 -2 16
3 1 -1 16
3 1 0 16
3 1 1 16
3 1 2 16
3 1 3 4
4 1 -4 2
4 1 -3 16
4 1 -2 22
4 1 -1 16
4 1 0 23
4 1 1 24
4 1 2 16
4 1 3 2
5 1 -4 3
5 1 -3 5
5 1 -2 3
5 1 -1 3
5 1 0 2
5 1 1 4
5 1 2 4
5 1 3 3
6 1 -2 25
-6 2 -3 26
-6 2 -1 26
-5 2 -4 27
-5 2 -3 3
-5 2 -2 28
-5 2 -1 27
-5 2 0 3
-5 2 1 2
-5 2 2 4
-5 2 3 27
-4 2 -4 2
-4 2 -3 16
-4 2 -2 12
-4 2 -1 16
-4 2 0 12
-4 2 1 29
-4 2 2 16
-4 2 3 2
-3 2 -5 30
-3 2 -4 3
-3 2 -3 31
-3 2 -2 16
-3 2 -1 16
-3 2 0 16
-3 2 1 16
-3 2 2 16
-3 2 3 2
-2 2 -4 32
-2 2 -3 16
-2 2 -2 16
-2 2 -1 16
-2 2 0 16
-2 2 1 16
-2 2 2 16
-2 2 3 29
-2 2 4 2
-2 2 5 4
-2 2 6 4
-2 2 7 27
-1 2 -5 30
-1 2 -4 2
-1 2 -3 7
-1 2 -2 7
-1 2 -1 16
-1 2 0 16
-1 2 1 16
-1 2 2 16
-1 2 3 16
-1 2 4 16
-1 2 5 16
-1 2 6 16
-1 2 7 3
0 2 -4 2
0 2 -3 7
0 2 -2 7
0 2 -1 16
0 2 0 16
0 2 1 16
0 2 2 16
0 2 3 16
0 2 4 16
0 2 5 16
0 2 6 16
0 2 7 33
1 2 -5 30
1 2 -4 2
1 2 -3 21
1 2 -2 21
1 2 -1 16
1 2 0 16
1 2 1 16
1 2 2 16
1 2 3 16
1 2 4 16
1 2 5 16
1 2 6 16
1 2 7 2
1 2 8 34
2 2 -4 32
2 2 -3 16
2 2 -2 16
2 2 -1 16
2 2 0 16
2 2 1 16
2 2 2 16
2 2 3 16
2 2 4 2
2 2 5 2
2 2 6 3
2 2 7 27
3 2 -5 30
3 2 -4 4
3 2 -3 16
3 2 -2 16
3 2 -1 16
3 2 0 16
3 2 1 16
3 2 2 16
3 2 3 3
4 2 -4 2
4 2 -3 16
4 2 -2 16
4 2 -1 16
4 2 0 16
4 2 1 16
4 2 2 16
4 2 3 2
5 2 -4 27
5 2 -3 4
5 2 -2 35
5 2 -1 2
5 2 0 2
5 2 1 2
5 2 2 5
5 2 3 27
6 2 -3 36
6 2 -1 36
-6 3 -3 26
-6 3 -1 26
-5 3 -4 5
-5 3 -3 3
-5 3 -2 28
-5 3 -1 12
-5 3 0 2
-5 3 1 2
-5 3 2 2
-5 3 3 3
-4 3 -5 18
-4 3 -4 2
-4 3 -3 16
-4 3 -2 12
-4 3 -1 16
-4 3 0 12
-4 3 1 16
-4 3 2 16
-4 3 3 2
-4 3 4 37
-3 3 -5 30
-3 3 -4 2
-3 3 -3 16
-3 3 -2 38
-3 3 -1 38
-3 3 0 38
-3 3 1 16
-3 3 2 16
-3 3 3 2
-2 3 -4 32
-2 3 -3 16
-2 3 -2 16
-2 3 -1 16
-2 3 0 16
-2 3 1 16
-2 3 2 16
-2 3 3 16
-2 3 4 2
-2 3 5 2
-2 3 6 5
-2 3 7 2
-1 3 -5 30
-1 3 -4 3
-1 3 -3 7
-1 3 -2 7
-1 3 -1 16
-1 3 0 16
-1 3 1 16
-1 3 2 16
-1 3 3 16
-1 3 4 16
-1 3 5 16
-1 3 6 16
-1 3 7 4
-1 3 8 37
0 3 -5 18
0 3 -4 2
0 3 -3 21
0 3 -2 21
0 3 -1 16
0 3 0 16
0 3 1 34
0 3 2 16
0 3 3 16
0 3 4 16
0 3 5 16
0 3 6 16
0 3 7 27
0 3 8 39
1 3 -5 30
1 3 -4 2
1 3 -3 16
1 3 -2 16
1 3 -1 16
1 3 0 16
1 3 1 16
1 3 2 16
1 3 3 16
1 3 4 16
1 3 5 16
1 3 6 16
1 3 7 2
1 3 8 37
2 3 -4 32
2 3 -3 16
2 3 -2 16
2 3 -1 16
2 3 0 16
2 3 1 16
2 3 2 16
2 3 3 16
2 3 4 3
2 3 5 3
2 3 6 4
2 3 7 3
3 3 -5 30
3 3 -4 4
3 3 -3 16
3 3 -2 16
3 3 -1 16
3 3 0 16
3 3 1 16
3 3 2 16
3 3 3 3
4 3 -5 18
4 3 -4 2
4 3 -3 16
4 3 -2 16
4 3 -1 16
4 3 0 16
4 3 1 16
4 3 2 16
4 3 3 3
4 3 4 37
5 3 -4 2
5 3 -3 5
5 3 -2 35
5 3 -1 2
5 3 0 2
5 3 1 4
5 3 2 4
5 3 3 2
6 3 -3 36
6 3 -1 36
-6 4 -2 40
-6 4 2 40
-5 4 -5 41
-5 4 -4 42
-5 4 -3 42
-5 4 -2 42
-5 4 -1 12
-5 4 0 42
-5 4 1 42
-5 4 2 42
-5 4 3 42
-5 4 4 41
-4 4 -5 43
-4 4 -4 7
-4 4 -3 7
-4 4 -2 12
-4 4 -1 16
-4 4 0 27
-4 4 1 7
-4 4 2 7
-4 4 3 7
-4 4 4 43
-3 4 -5 43
-3 4 -4 7
-3 4 -3 7
-3 4 -2 7
-3 4 -1 12
-3 4 0 7
-3 4 1 7
-3 4 2 7
-3 4 3 7
-3 4 4 43
-3 4 6 40
-2 4 -5 43
-2 4 -4 7
-2 4 -3 7
-2 4 -2 7
-2 4 -1 7
-2 4 0 7
-2 4 1 7
-2 4 2 7
-2 4 3 7
-2 4 4 7
-2 4 5 42
-2 4 6 42
-2 4 7 42
-2 4 8 41
-1 4 -5 43
-1 4 -4 7
-1 4 -3 21
-1 4 -2 21
-1 4 -1 7
-1 4 0 7
-1 4 1 7
-1 4 2 7
-1 4 3 7
-1 4 4 7
-1 4 5 7
-1 4 6 7
-1 4 7 7
-1 4 8 43
0 4 -5 43
0 4 -4 7
0 4 -3 16
0 4 -2 16
0 4 -1 7
0 4 0 7
0 4 1 7
0 4 2 7
0 4 3 7
0 4 4 7
0 4 5 7
0 4 6 7
0 4 7 7
0 4 8 43
1 4 -5 43
1 4 -4 7
1 4 -3 16
1 4 -2 16
1 4 -1 7
1 4 0 7
1 4 1 7
1 4 2 7
1 4 3 7
1 4 4 7
1 4 5 7
1 4 6 7
1 4 7 7
1 4 8 43
2 4 -5 43
2 4 -4 7
2 4 -3 16
2 4 -2 16
2 4 -1 7
2 4 0 7
2 4 1 7
2 4 2 7
2 4 3 7
2 4 4 7
2 4 5 42
2 4 6 42
2 4 7 42
2 4 8 41
3 4 -5 43
3 4 -4 7
3 4 -3 7
3 4 -2 7
3 4 -1 7
3 4 0 7
3 4 1 7
3 4 2 7
3 4 3 7
3 4 4 43
3 4 6 40
4 4 -5 43
4 4 -4 7
4 4 -3 7
4 4 -2 7
4 4 -1 7
4 4 0 7
4 4 1 7
4 4 2 7
4 4 3 7
4 4 4 43
5 4 -5 41
5 4 -4 42
5 4 -3 42
5 4 -2 42
5 4 -1 42
5 4 0 42
5 4 1 42
5 4 2 42
5 4 3 42
5 4 4 41
6 4 -2 40
6 4 2 40
-6 5 -2 11
-6 5 2 11
-5 5 -5 41
-5 5 -4 41
-5 5 -3 44
-5 5 -2 45
-5 5 -1 12
-5 5 0 41
-5 5 1 44
-5 5 2 45
-5 5 3 44
-5 5 4 41
-4 5 -5 41
-4 5 -4 16
-4 5 -3 16
-4 5 -2 12
-4 5 -1 13
-4 5 0 12
-4 5 1 17
-4 5 2 16
-4 5 3 16
-4 5 4 41
-3 5 -5 45
-3 5 -4 16
-3 5 -3 16
-3 5 -2 16
-3 5 -1 12
-3 5 0 16
-3 5 1 16
-3 5 2 16
-3 5 3 16
-3 5 4 44
-3 5 6 11
-2 5 -6 18
-2 5 -5 44
-2 5 -4 16
-2 5 -3 16
-2 5 -2 16
-2 5 -1 16
-2 5 0 16
-2 5 1 16
-2 5 2 16
-2 5 3 16
-2 5 4 16
-2 5 5 44
-2 5 6 45
-2 5 7 44
-2 5 8 41
-1 5 -5 44
-1 5 -4 16
-1 5 -3 16
-1 5 -2 16
-1 5 -1 16
-1 5 0 46
-1 5 1 46
-1 5 2 46
-1 5 3 16
-1 5 4 16
-1 5 5 16
-1 5 6 16
-1 5 7 16
-1 5 8 44
0 5 -5 41
0 5 -4 47
0 5 -3 16
0 5 -2 16
0 5 -1 48
0 5 0 46
0 5 1 46
0 5 2 46
0 5 3 16
0 5 4 16
0 5 5 16
0 5 6 49
0 5 7 16
0 5 8 41
1 5 -5 44
1 5 -4 50
1 5 -3 16
1 5 -2 16
1 5 -1 51
1 5 0 46
1 5 1 46
1 5 2 46
1 5 3 16
1 5 4 16
1 5 5 16
1 5 6 52
1 5 7 13
1 5 8 44
2 5 -6 18
2 5 -5 45
2 5 -4 16
2 5 -3 16
2 5 -2 16
2 5 -1 53
2 5 0 16
2 5 1 16
2 5 2 16
2 5 3 16
2 5 4 16
2 5 5 45
2 5 6 44
2 5 7 44
2 5 8 41
3 5 -5 44
3 5 -4 16
3 5 -3 54
3 5 -2 55
3 5 -1 16
3 5 0 16
3 5 1 16
3 5 2 16
3 5 3 49
3 5 4 45
3 5 6 25
4 5 -5 41
4 5 -4 56
4 5 -3 16
4 5 -2 16
4 5 -1 16
4 5 0 16
4 5 1 16
4 5 2 16
4 5 3 52
4 5 4 41
5 5 -5 41
5 5 -4 41
5 5 -3 44
5 5 -2 44
5 5 -1 44
5 5 0 41
5 5 1 44
5 5 2 44
5 5 3 44
5 5 4 41
6 5 -2 25
6 5 2 25
-6 6 -3 26
-6 6 -1 26
-5 6 -5 41
-5 6 -4 41
-5 6 -3 44
-5 6 -2 28
-5 6 -1 12
-5 6 0 41
-5 6 1 44
-5 6 2 35
-5 6 3 44
-5 6 4 41
-4 6 -5 41
-4 6 -4 16
-4 6 -3 16
-4 6 -2 12
-4 6 -1 16
-4 6 0 12
-4 6 1 16
-4 6 2 16
-4 6 3 16
-4 6 4 41
-3 6 -5 45
-3 6 -4 16
-3 6 -3 16
-3 6 -2 16
-3 6 -1 12
-3 6 0 16
-3 6 1 16
-3 6 2 16
-3 6 3 16
-3 6 4 44
-3 6 5 26
-3 6 7 26
-2 6 -5 32
-2 6 -4 16
-2 6 -3 16
-2 6 -2 16
-2 6 -1 16
-2 6 0 16
-2 6 1 16
-2 6 2 16
-2 6 3 16
-2 6 4 16
-2 6 5 44
-2 6 6 35
-2 6 7 44
-2 6 8 41
-1 6 -5 44
-1 6 -4 16
-1 6 -3 16
-1 6 -2 16
-1 6 -1 16
-1 6 0 16
-1 6 1 16
-1 6 2 16
-1 6 3 16
-1 6 4 16
-1 6 5 16
-1 6 6 16
-1 6 7 16
-1 6 8 44
0 6 -5 41
0 6 -4 16
0 6 -3 16
0 6 -2 16
0 6 -1 16
0 6 0 16
0 6 1 16
0 6 2 16
0 6 3 16
0 6 4 16
0 6 5 16
0 6 6 16
0 6 7 16
0 6 8 41
1 6 -5 44
1 6 -4 16
1 6 -3 16
1 6 -2 16
1 6 -1 16
1 6 0 16
1 6 1 16
1 6 2 16
1 6 3 16
1 6 4 16
1 6 5 16
1 6 6 16
1 6 7 57
1 6 8 44
2 6 -5 32
2 6 -4 16
2 6 -3 16
2 6 -2 16
2 6 -1 16
2 6 0 16
2 6 1 16
2 6 2 16
2 6 3 16
2 6 4 16
2 6 5 44
2 6 6 35
2 6 7 44
2 6 8 41
3 6 -5 44
3 6 -4 16
3 6 -3 16
3 6 -2 16
3 6 -1 16
3 6 0 16
3 6 1 16
3 6 2 16
3 6 3 16
3 6 4 45
4 6 -5 41
4 6 -4 16
4 6 -3 16
4 6 -2 16
4 6 -1 16
4 6 0 16
4 6 1 16
4 6 2 16
4 6 3 16
4 6 4 41
5 6 -5 41
5 6 -4 41
5 6 -3 44
5 6 -2 35
5 6 -1 44
5 6 0 41
5 6 1 44
5 6 2 35
5 6 3 44
5 6 4 41
-6 7 -3 26
-6 7 -1 26
-5 7 -5 41
-5 7 -4 41
-5 7 -3 44
-5 7 -2 28
-5 7 -1 12
-5 7 0 41
-5 7 1 44
-5 7 2 35
-5 7 3 44
-5 7 4 41
-4 7 -5 41
-4 7 -4 16
-4 7 -3 16
-4 7 -2 12
-4 7 -1 16
-4 7 0 12
-4 7 1 16
-4 7 2 16
-4 7 3 16
-4 7 4 41
-3 7 -5 45
-3 7 -4 16
-3 7 -3 16
-3 7 -2 16
-3 7 -1 12
-3 7 0 16
-3 7 1 16
-3 7 2 16
-3 7 3 16
-3 7 4 44
-3 7 5 26
-3 7 7 26
-2 7 -5 32
-2 7 -4 16
-2 7 -3 16
-2 7 -2 16
-2 7 -1 16
-2 7 0 16
-2 7 1 16
-2 7 2 16
-2 7 3 16
-2 7 4 16
-2 7 5 44
-2 7 6 35
-2 7 7 44
-2 7 8 41
-1 7 -5 44
-1 7 -4 16
-1 7 -3 16
-1 7 -2 16
-1 7 -1 16
-1 7 0 16
-1 7 1 16
-1 7 2 16
-1 7 3 16
-1 7 4 16
-1 7 5 16
-1 7 6 16
-1 7 7 16
-1 7 8 44
0 7 -5 41
0 7 -4 16
0 7 -3 16
0 7 -2 16
0 7 -1 16
0 7 0 16
0 7 1 34
0 7 2 16
0 7 3 16
0 7 4 16
0 7 5 16
0 7 6 16
0 7 7 16
0 7 8 41
1 7 -5 44
1 7 -4 16
1 7 -3 16
1 7 -2 16
1 7 -1 16
1 7 0 16
1 7 1 16
1 7 2 16
1 7 3 16
1 7 4 16
1 7 5 16
1 7 6 16
1 7 7 16
1 7 8 44
2 7 -5 32
2 7 -4 16
2 7 -3 16
2 7 -2 16
2 7 -1 16
2 7 0 16
2 7 1 16
2 7 2 16
2 7 3 16
2 7 4 16
2 7 5 44
2 7 6 35
2 7 7 44
2 7 8 41
3 7 -5 44
3 7 -4 16
3 7 -3 16
3 7 -2 16
3 7 -1 16
3 7 0 16
3 7 1 16
3 7 2 16
3 7 3 16
3 7 4 44
4 7 -5 41
4 7 -4 16
4 7 -3 16
4 7 -2 16
4 7 -1 16
4 7 0 16
4 7 1 16
4 7 2 16
4 7 3 16
4 7 4 41
5 7 -5 41
5 7 -4 41
5 7 -3 44
5 7 -2 35
5 7 -1 44
5 7 0 41
5 7 1 44
5 7 2 35
5 7 3 44
5 7 4 41
-6 8 -6 58
-6 8 5 59
-5 8 -6 60
-5 8 -5 41
-5 8 -4 42
-5 8 -3 42
-5 8 -2 42
-5 8 -1 12
-5 8 0 42
-5 8 1 42
-5 8 2 42
-5 8 3 42
-5 8 4 41
-5 8 5 59
-4 8 -6 60
-4 8 -5 43
-4 8 -2 12
-4 8 -1 16
-4 8 0 12
-4 8 4 43
-4 8 5 61
-3 8 -6 60
-3 8 -5 43
-3 8 -1 12
-3 8 4 43
-3 8 9 59
-2 8 -6 58
-2 8 -5 43
-2 8 5 42
-2 8 6 42
-2 8 7 42
-2 8 8 41
-2 8 9 62
-1 8 -6 60
-1 8 -5 43
-1 8 8 43
-1 8 9 59
0 8 -6 60
0 8 -5 43
0 8 8 43
0 8 9 59
1 8 -6 60
1 8 -5 43
1 8 8 43
1 8 9 59
2 8 -6 60
2 8 -5 43
2 8 5 42
2 8 6 42
2 8 7 42
2 8 8 41
2 8 9 62
3 8 -6 60
3 8 -5 43
3 8 4 43
3 8 9 59
4 8 -6 60
4 8 -5 43
4 8 4 43
4 8 5 63
5 8 -6 60
5 8 -5 41
5 8 -4 42
5 8 -3 42
5 8 -2 42
5 8 -1 42
5 8 0 42
5 8 1 42
5 8 2 42
5 8 3 42
5 8 4 41
5 8 5 59
6 8 -6 60
6 8 5 59
-6 9 -5 60
-6 9 4 59
-5 9 -5 60
-5 9 -4 41
-5 9 -3 44
-5 9 -2 44
-5 9 -1 12
-5 9 0 41
-5 9 1 44
-5 9 2 45
-5 9 3 44
-5 9 4 59
-4 9 -5 60
-4 9 -4 16
-4 9 -3 16
-4 9 -2 12
-4 9 -1 16
-4 9 0 12
-4 9 1 16
-4 9 2 16
-4 9 3 16
-4 9 4 61
-3 9 -5 60
-3 9 -4 16
-3 9 -3 16
-3 9 -2 16
-3 9 -1 27
-3 9 0 16
-3 9 1 16
-3 9 2 16
-3 9 3 16
-3 9 4 44
-3 9 5 64
-3 9 8 59
-2 9 -5 60
-2 9 -4 16
-2 9 -3 16
-2 9 -2 16
-2 9 -1 16
-2 9 0 16
-2 9 1 16
-2 9 2 16
-2 9 3 16
-2 9 4 16
-2 9 5 44
-2 9 6 44
-2 9 7 45
-2 9 8 59
-1 9 -5 60
-1 9 -4 16
-1 9 -3 16
-1 9 -2 16
-1 9 -1 16
-1 9 0 16
-1 9 1 16
-1 9 2 16
-1 9 3 16
-1 9 4 16
-1 9 5 16
-1 9 6 16
-1 9 7 16
-1 9 8 59
0 9 -5 60
0 9 -4 16
0 9 -3 16
0 9 -2 16
0 9 -1 16
0 9 0 16
0 9 1 16
0 9 2 16
0 9 3 16
0 9 4 16
0 9 5 16
0 9 6 16
0 9 7 16
0 9 8 59
1 9 -5 60
1 9 -4 16
1 9 -3 16
1 9 -2 16
1 9 -1 16
1 9 0 16
1 9 1 16
1 9 2 16
1 9 3 16
1 9 4 16
1 9 5 16
1 9 6 16
1 9 7 16
1 9 8 59
2 9 -5 60
2 9 -4 16
2 9 -3 16
2 9 -2 16
2 9 -1 16
2 9 0 16
2 9 1 16
2 9 2 16
2 9 3 16
2 9 4 16
2 9 5 44
2 9 6 44
2 9 7 44
2 9 8 59
3 9 -5 60
3 9 -4 16
3 9 -3 16
3 9 -2 16
3 9 -1 16
3 9 0 16
3 9 1 16
3 9 2 16
3 9 3 16
3 9 4 44
3 9 5 64
3 9 8 62
4 9 -5 60
4 9 -4 16
4 9 -3 16
4 9 -2 16
4 9 -1 16
4 9 0 16
4 9 1 16
4 9 2 16
4 9 3 16
4 9 4 63
5 9 -5 60
5 9 -4 41
5 9 -3 44
5 9 -2 44
5 9 -1 44
5 9 0 41
5 9 1 44
5 9 2 44
5 9 3 44
5 9 4 59
6 9 -5 60
6 9 4 59
-6 10 -4 58
-6 10 3 59
-5 10 -4 60
-5 10 -3 44
-5 10 -2 44
-5 10 -1 12
-5 10 0 41
-5 10 1 44
-5 10 2 44
-5 10 3 59
-4 10 -4 60
-4 10 -3 16
-4 10 -2 12
-4 10 -1 16
-4 10 0 12
-4 10 1 16
-4 10 2 16
-4 10 3 59
-3 10 -4 60
-3 10 -3 16
-3 10 -2 16
-3 10 -1 27
-3 10 0 16
-3 10 1 16
-3 10 2 16
-3 10 3 60
-3 10 4 45
-3 10 5 64
-3 10 7 59
-2 10 -4 58
-2 10 -3 16
-2 10 -2 16
-2 10 -1 16
-2 10 0 16
-2 10 1 16
-2 10 2 16
-2 10 3 60
-2 10 4 16
-2 10 5 65
-2 10 6 44
-2 10 7 59
-1 10 -4 60
-1 10 -3 16
-1 10 -2 16
-1 10 -1 16
-1 10 0 16
-1 10 1 16
-1 10 2 16
-1 10 3 60
-1 10 4 16
-1 10 5 16
-1 10 6 16
-1 10 7 59
0 10 -4 58
0 10 -3 16
0 10 -2 16
0 10 -1 16
0 10 0 16
0 10 1 16
0 10 2 16
0 10 3 60
0 10 4 16
0 10 5 16
0 10 6 16
0 10 7 59
1 10 -4 60
1 10 -3 16
1 10 -2 16
1 10 -1 16
1 10 0 16
1 10 1 16
1 10 2 16
1 10 3 60
1 10 4 16
1 10 5 16
1 10 6 16
1 10 7 59
2 10 -4 60
2 10 -3 16
2 10 -2 16
2 10 -1 16
2 10 0 16
2 10 1 16
2 10 2 16
2 10 3 60
2 10 4 16
2 10 5 66
2 10 6 44
2 10 7 59
3 10 -4 60
3 10 -3 16
3 10 -2 16
3 10 -1 16
3 10 0 16
3 10 1 16
3 10 2 16
3 10 3 60
3 10 4 44
3 10 5 64
3 10 7 59
4 10 -4 58
4 10 -3 16
4 10 -2 16
4 10 -1 16
4 10 0 16
4 10 1 16
4 10 2 16
4 10 3 59
5 10 -4 60
5 10 -3 44
5 10 -2 45
5 10 -1 44
5 10 0 41
5 10 1 44
5 10 2 44
5 10 3 59
6 10 -4 60
6 10 3 59
-6 11 -3 60
-6 11 2 59
-5 11 -3 60
-5 11 -2 44
-5 11 -1 12
-5 11 0 28
-5 11 1 44
-5 11 2 62
-4 11 -3 60
-4 11 -2 12
-4 11 -1 16
-4 11 0 27
-4 11 1 16
-4 11 2 59
-3 11 -3 60
-3 11 -2 16
-3 11 -1 12
-3 11 0 16
-3 11 1 16
-3 11 2 62
-3 11 4 58
-3 11 5 64
-3 11 6 59
-2 11 -3 60
-2 11 -2 16
-2 11 -1 16
-2 11 0 16
-2 11 1 16
-2 11 2 59
-2 11 4 60
-2 11 5 44
-2 11 6 59
-1 11 -3 60
-1 11 -2 16
-1 11 -1 16
-1 11 0 16
-1 11 1 16
-1 11 2 59
-1 11 4 60
-1 11 5 7
-1 11 6 59
0 11 -3 60
0 11 -2 16
0 11 -1 16
0 11 0 16
0 11 1 16
0 11 2 59
0 11 4 60
0 11 5 7
0 11 6 62
1 11 -3 60
1 11 -2 16
1 11 -1 16
1 11 0 16
1 11 1 16
1 11 2 59
1 11 4 58
1 11 5 7
1 11 6 62
2 11 -3 60
2 11 -2 16
2 11 -1 16
2 11 0 16
2 11 1 16
2 11 2 59
2 11 4 60
2 11 5 44
2 11 6 59
3 11 -3 60
3 11 -2 16
3 11 -1 16
3 11 0 16
3 11 1 16
3 11 2 59
3 11 4 60
3 11 5 64
3 11 6 59
4 11 -3 60
4 11 -2 16
4 11 -1 16
4 11 0 16
4 11 1 16
4 11 2 59
5 11 -3 60
5 11 -2 44
5 11 -1 35
5 11 0 35
5 11 1 44
5 11 2 59
6 11 -3 60
6 11 2 59
-6 12 -2 60
-6 12 -1 7
-6 12 0 7
-6 12 1 59
-5 12 -2 60
-5 12 -1 12
-5 12 0 41
-5 12 1 59
-4 12 -2 12
-4 12 -1 16
-4 12 0 12
-4 12 1 59
-3 12 -2 60
-3 12 -1 12
-3 12 0 7
-3 12 1 59
-3 12 5 67
-2 12 -2 60
-2 12 -1 7
-2 12 0 7
-2 12 1 59
-2 12 5 67
-1 12 -2 60
-1 12 -1 7
-1 12 0 7
-1 12 1 59
-1 12 5 67
0 12 -2 60
0 12 -1 7
0 12 0 7
0 12 1 59
0 12 5 67
1 12 -2 60
1 12 -1 7
1 12 0 7
1 12 1 59
1 12 5 67
2 12 -2 60
2 12 -1 7
2 12 0 7
2 12 1 62
2 12 5 67
3 12 -2 60
3 12 -1 7
3 12 0 7
3 12 1 59
3 12 5 67
4 12 -2 58
4 12 -1 7
4 12 0 7
4 12 1 59
5 12 -2 60
5 12 -1 44
5 12 0 41
5 12 1 59
6 12 -2 60
6 12 -1 7
6 12 0 7
6 12 1 59
-6 13 -1 67
-6 13 0 67
-5 13 -1 12
-5 13 0 67
-4 13 -2 12
-4 13 -1 14
-4 13 0 27
-3 13 -1 27
-3 13 0 67
-2 13 -1 67
-2 13 0 67
-1 13 -1 67
-1 13 0 67
0 13 -1 67
0 13 0 67
1 13 -1 67
1 13 0 67
2 13 -1 67
2 13 0 67
3 13 -1 67
3 13 0 67
4 13 -1 67
4 13 0 67
5 13 -1 67
5 13 0 67
6 13 -1 67
6 13 0 67
-5 14 -1 12
-4 14 -2 12
-4 14 -1 16
-4 14 0 12
-3 14 -1 12
-5 15 -1 12
-4 15 -2 12
-4 15 -1 16
-4 15 0 12
-3 15 -1 27
