core 0 1 6
P minecraft:cobblestone_stairs[facing=east,half=bottom,shape=straight,waterlogged=false]
P minecraft:cobblestone_stairs[facing=south,half=bottom,shape=straight,waterlogged=false]
P minecraft:andesite
P minecraft:cobblestone
P minecraft:mossy_cobblestone
P minecraft:stone
P minecraft:cobblestone_stairs[facing=north,half=bottom,shape=straight,waterlogged=false]
P minecraft:dark_oak_planks
P minecraft:cobblestone_stairs[facing=west,half=bottom,shape=straight,waterlogged=false]
P minecraft:cobblestone_stairs[facing=south,half=bottom,shape=inner_right,waterlogged=false]
P minecraft:spruce_stairs[facing=east,half=top,shape=straight,waterlogged=false]
P minecraft:air
P minecraft:smoker[facing=east,lit=false]
P minecraft:crafting_table
P minecraft:bricks
P minecraft:campfire[facing=east,lit=true,signal_fire=false,waterlogged=false]
P minecraft:spruce_stairs[facing=south,half=top,shape=straight,waterlogged=false]
P minecraft:spruce_stairs[facing=north,half=top,shape=straight,waterlogged=false]
P minecraft:yellow_carpet
P minecraft:spruce_stairs[facing=west,half=bottom,shape=straight,waterlogged=false]
P minecraft:chest[facing=west,type=single,waterlogged=false]
P minecraft:bookshelf
P minecraft:furnace[facing=west,lit=false]
P minecraft:spruce_stairs[facing=north,half=bottom,shape=straight,waterlogged=false]
P minecraft:spruce_fence[east=false,north=false,south=false,waterlogged=false,west=false]
P minecraft:spruce_stairs[facing=south,half=bottom,shape=straight,waterlogged=false]
P minecraft:spruce_door[facing=north,half=lower,hinge=left,open=false,powered=false]
P minecraft:spruce_stairs[facing=east,half=bottom,shape=straight,waterlogged=false]
P minecraft:barrel[facing=up,open=false]
P minecraft:water_cauldron[level=3]
P minecraft:spruce_stairs[facing=west,half=top,shape=straight,waterlogged=false]
P minecraft:dark_oak_trapdoor[facing=west,half=bottom,open=true,powered=false,waterlogged=false]
P minecraft:stone_bricks
P minecraft:glass_pane[east=false,north=true,south=true,waterlogged=false,west=false]
P minecraft:glass_pane[east=true,north=true,south=true,waterlogged=false,west=false]
P minecraft:dark_oak_trapdoor[facing=north,half=bottom,open=true,powered=false,waterlogged=false]
P minecraft:dark_oak_trapdoor[facing=south,half=bottom,open=true,powered=false,waterlogged=false]
P minecraft:glass_pane[east=true,north=false,south=false,waterlogged=false,west=true]
P minecraft:spruce_pressure_plate[powered=false]
P minecraft:spruce_door[facing=north,half=upper,hinge=left,open=false,powered=false]
P minecraft:lantern[hanging=true,waterlogged=false]
P minecraft:dark_oak_trapdoor[facing=east,half=bottom,open=true,powered=false,waterlogged=false]
P minecraft:brick_stairs[facing=west,half=top,shape=straight,waterlogged=false]
P minecraft:spruce_slab[type=top,waterlogged=false]
P minecraft:stripped_dark_oak_log[axis=x]
P minecraft:dark_oak_log[axis=y]
P minecraft:dark_oak_log[axis=z]
P minecraft:dark_oak_log[axis=x]
P minecraft:birch_planks
P minecraft:stripped_birch_wood
P minecraft:yellow_bed[facing=west,occupied=false,part=head]
P minecraft:chest[facing=east,type=single,waterlogged=false]
P minecraft:yellow_bed[facing=west,occupied=false,part=foot]
P minecraft:dark_oak_stairs[facing=south,half=bottom,shape=straight,waterlogged=false]
P minecraft:dark_oak_stairs[facing=north,half=bottom,shape=straight,waterlogged=false]
P minecraft:spruce_stairs[facing=west,half=bottom,shape=inner_left,waterlogged=false]
P minecraft:glass_pane[east=true,north=true,south=false,waterlogged=false,west=false]
P minecraft:dark_oak_slab[type=bottom,waterlogged=false]
-5 0 -7 0
-5 0 -6 0
-5 0 -5 0
-5 0 -4 0
-5 0 -3 0
-5 0 -2 0
-5 0 -1 0
-5 0 0 0
-5 0 1 0
-5 0 2 0
-5 0 3 0
-5 0 4 0
-5 0 5 0
-4 0 -8 1
-4 0 -7 2
-4 0 -6 3
-4 0 -5 2
-4 0 -4 2
-4 0 -3 4
-4 0 -2 5
-4 0 -1 3
-4 0 0 3
-4 0 1 4
-4 0 2 2
-4 0 3 3
-4 0 4 2
-4 0 5 3
-4 0 6 6
-3 0 -8 1
-3 0 -7 3
-3 0 -6 7
-3 0 -5 7
-3 0 -4 7
-3 0 -3 7
-3 0 -2 7
-3 0 -1 7
-3 0 0 7
-3 0 1 7
-3 0 2 7
-3 0 3 7
-3 0 4 7
-3 0 5 4
-3 0 6 6
-2 0 -8 1
-2 0 -7 4
-2 0 -6 7
-2 0 -5 7
-2 0 -4 7
-2 0 -3 7
-2 0 -2 7
-2 0 -1 7
-2 0 0 7
-2 0 1 7
-2 0 2 7
-2 0 3 7
-2 0 4 7
-2 0 5 4
-2 0 6 6
-1 0 -8 1
-1 0 -7 3
-1 0 -6 7
-1 0 -5 7
-1 0 -4 7
-1 0 -3 7
-1 0 -2 7
-1 0 -1 7
-1 0 0 7
-1 0 1 7
-1 0 2 7
-1 0 3 7
-1 0 4 7
-1 0 5 2
-1 0 6 6
0 0 -8 1
0 0 -7 3
0 0 -6 7
0 0 -5 7
0 0 -4 7
0 0 -3 7
0 0 -2 7
0 0 -1 7
0 0 0 7
0 0 1 7
0 0 2 7
0 0 3 7
0 0 4 7
0 0 5 5
1 0 -8 1
1 0 -7 3
1 0 -6 3
1 0 -5 2
1 0 -4 3
1 0 -3 4
1 0 -2 7
1 0 -1 7
1 0 0 7
1 0 1 7
1 0 2 7
1 0 3 7
1 0 4 7
1 0 5 4
1 0 6 6
2 0 -7 8
2 0 -6 8
2 0 -5 8
2 0 -4 8
2 0 -3 9
2 0 -2 3
2 0 -1 7
2 0 0 7
2 0 1 7
2 0 2 7
2 0 3 7
2 0 4 7
2 0 5 2
2 0 6 6
3 0 -3 1
3 0 -2 3
3 0 -1 7
3 0 0 7
3 0 1 7
3 0 2 7
3 0 3 7
3 0 4 7
3 0 5 2
3 0 6 6
4 0 -3 1
4 0 -2 3
4 0 -1 5
4 0 0 2
4 0 1 3
4 0 2 3
4 0 3 2
4 0 4 2
4 0 5 3
4 0 6 6
5 0 -2 8
5 0 -1 8
5 0 0 8
5 0 1 8
5 0 2 8
5 0 3 8
5 0 4 8
5 0 5 8
-5 1 -2 10
-5 1 2 10
-4 1 -7 3
-4 1 -6 2
-4 1 -5 3
-4 1 -4 3
-4 1 -3 3
-4 1 -2 3
-4 1 -1 3
-4 1 0 3
-4 1 1 3
-4 1 2 3
-4 1 3 3
-4 1 4 3
-4 1 5 4
-3 1 -7 3
-3 1 -6 11
-3 1 -5 12
-3 1 -4 13
-3 1 -3 11
-3 1 -2 11
-3 1 -1 11
-3 1 0 14
-3 1 1 15
-3 1 2 14
-3 1 3 11
-3 1 4 11
-3 1 5 3
-2 1 -8 16
-2 1 -7 2
-2 1 -6 11
-2 1 -5 11
-2 1 -4 11
-2 1 -3 11
-2 1 -2 11
-2 1 -1 11
-2 1 0 11
-2 1 1 11
-2 1 2 11
-2 1 3 11
-2 1 4 11
-2 1 5 5
-2 1 6 17
-1 1 -7 4
-1 1 -6 11
-1 1 -5 11
-1 1 -4 11
-1 1 -3 11
-1 1 -2 18
-1 1 -1 19
-1 1 0 18
-1 1 1 11
-1 1 2 11
-1 1 3 11
-1 1 4 11
-1 1 5 3
0 1 -7 5
0 1 -6 20
0 1 -5 21
0 1 -4 22
0 1 -3 11
0 1 -2 23
0 1 -1 24
0 1 0 25
0 1 1 11
0 1 2 11
0 1 3 11
0 1 4 11
0 1 5 26
1 1 -7 3
1 1 -6 4
1 1 -5 3
1 1 -4 3
1 1 -3 3
1 1 -2 18
1 1 -1 27
1 1 0 18
1 1 1 11
1 1 2 11
1 1 3 11
1 1 4 11
1 1 5 3
2 1 -2 3
2 1 -1 11
2 1 0 11
2 1 1 11
2 1 2 11
2 1 3 11
2 1 4 28
2 1 5 3
2 1 6 17
3 1 -2 4
3 1 -1 29
3 1 0 28
3 1 1 11
3 1 2 11
3 1 3 11
3 1 4 11
3 1 5 3
4 1 -2 5
4 1 -1 3
4 1 0 5
4 1 1 4
4 1 2 4
4 1 3 3
4 1 4 3
4 1 5 3
5 1 2 30
-5 2 -3 31
-5 2 -1 31
-5 2 1 31
-5 2 3 31
-4 2 -7 32
-4 2 -6 5
-4 2 -5 3
-4 2 -4 3
-4 2 -3 4
-4 2 -2 33
-4 2 -1 3
-4 2 0 3
-4 2 1 4
-4 2 2 34
-4 2 3 3
-4 2 4 3
-4 2 5 32
-3 2 -8 35
-3 2 -7 3
-3 2 -6 11
-3 2 -5 11
-3 2 -4 11
-3 2 -3 11
-3 2 -2 11
-3 2 -1 11
-3 2 0 14
-3 2 1 32
-3 2 2 14
-3 2 3 11
-3 2 4 11
-3 2 5 3
-3 2 6 36
-2 2 -7 37
-2 2 -6 11
-2 2 -5 11
-2 2 -4 11
-2 2 -3 11
-2 2 -2 11
-2 2 -1 11
-2 2 0 11
-2 2 1 11
-2 2 2 11
-2 2 3 11
-2 2 4 11
-2 2 5 37
-1 2 -8 35
-1 2 -7 3
-1 2 -6 11
-1 2 -5 11
-1 2 -4 11
-1 2 -3 11
-1 2 -2 11
-1 2 -1 11
-1 2 0 11
-1 2 1 11
-1 2 2 11
-1 2 3 11
-1 2 4 11
-1 2 5 3
-1 2 6 36
0 2 -7 2
0 2 -6 11
0 2 -5 11
0 2 -4 11
0 2 -3 11
0 2 -2 11
0 2 -1 38
0 2 0 11
0 2 1 11
0 2 2 11
0 2 3 11
0 2 4 11
0 2 5 39
1 2 -7 32
1 2 -6 2
1 2 -5 3
1 2 -4 3
1 2 -3 3
1 2 -2 11
1 2 -1 11
1 2 0 11
1 2 1 11
1 2 2 11
1 2 3 11
1 2 4 11
1 2 5 3
1 2 6 40
2 2 -2 3
2 2 -1 11
2 2 0 11
2 2 1 11
2 2 2 11
2 2 3 11
2 2 4 11
2 2 5 37
3 2 -2 3
3 2 -1 11
3 2 0 11
3 2 1 11
3 2 2 11
3 2 3 11
3 2 4 11
3 2 5 3
3 2 6 36
4 2 -2 32
4 2 -1 2
4 2 0 3
4 2 1 3
4 2 2 33
4 2 3 3
4 2 4 3
4 2 5 32
5 2 1 41
5 2 3 41
-5 3 -3 31
-5 3 -1 31
-5 3 1 31
-5 3 3 31
-4 3 -7 3
-4 3 -6 4
-4 3 -5 3
-4 3 -4 3
-4 3 -3 3
-4 3 -2 33
-4 3 -1 4
-4 3 0 2
-4 3 1 2
-4 3 2 33
-4 3 3 3
-4 3 4 3
-4 3 5 2
-3 3 -8 35
-3 3 -7 3
-3 3 -6 11
-3 3 -5 11
-3 3 -4 11
-3 3 -3 11
-3 3 -2 11
-3 3 -1 11
-3 3 0 11
-3 3 1 14
-3 3 2 11
-3 3 3 11
-3 3 4 11
-3 3 5 3
-3 3 6 36
-2 3 -7 37
-2 3 -6 11
-2 3 -5 11
-2 3 -4 11
-2 3 -3 11
-2 3 -2 11
-2 3 -1 11
-2 3 0 42
-2 3 1 42
-2 3 2 42
-2 3 3 11
-2 3 4 11
-2 3 5 37
-1 3 -8 35
-1 3 -7 3
-1 3 -6 11
-1 3 -5 11
-1 3 -4 11
-1 3 -3 11
-1 3 -2 11
-1 3 -1 11
-1 3 0 11
-1 3 1 11
-1 3 2 11
-1 3 3 11
-1 3 4 11
-1 3 5 2
-1 3 6 17
0 3 -8 16
0 3 -7 3
0 3 -6 11
0 3 -5 11
0 3 -4 11
0 3 -3 11
0 3 -2 11
0 3 -1 40
0 3 0 11
0 3 1 11
0 3 2 11
0 3 3 11
0 3 4 11
0 3 5 32
0 3 6 43
1 3 -7 3
1 3 -6 3
1 3 -5 2
1 3 -4 3
1 3 -3 3
1 3 -2 11
1 3 -1 11
1 3 0 11
1 3 1 11
1 3 2 11
1 3 3 11
1 3 4 11
1 3 5 2
1 3 6 17
2 3 -2 4
2 3 -1 11
2 3 0 11
2 3 1 11
2 3 2 11
2 3 3 11
2 3 4 11
2 3 5 37
3 3 -2 4
3 3 -1 11
3 3 0 11
3 3 1 11
3 3 2 11
3 3 3 11
3 3 4 11
3 3 5 2
3 3 6 36
4 3 -2 5
4 3 -1 3
4 3 0 2
4 3 1 5
4 3 2 33
4 3 3 4
4 3 4 3
4 3 5 4
5 3 1 41
5 3 3 41
-5 4 -6 44
-5 4 -2 44
-5 4 2 44
-4 4 -8 45
-4 4 -7 46
-4 4 -6 46
-4 4 -5 46
-4 4 -4 46
-4 4 -3 46
-4 4 -2 46
-4 4 -1 46
-4 4 0 46
-4 4 1 46
-4 4 2 46
-4 4 3 46
-4 4 4 46
-4 4 5 46
-4 4 6 45
-3 4 -8 47
-3 4 -7 7
-3 4 -6 7
-3 4 -5 7
-3 4 -4 7
-3 4 -3 7
-3 4 -2 7
-3 4 -1 7
-3 4 0 7
-3 4 1 14
-3 4 2 7
-3 4 3 7
-3 4 4 7
-3 4 5 7
-3 4 6 47
-2 4 -8 47
-2 4 -7 7
-2 4 -6 7
-2 4 -5 7
-2 4 -4 7
-2 4 -3 7
-2 4 -2 7
-2 4 -1 7
-2 4 0 7
-2 4 1 7
-2 4 2 7
-2 4 3 7
-2 4 4 7
-2 4 5 7
-2 4 6 47
-1 4 -8 47
-1 4 -7 7
-1 4 -6 7
-1 4 -5 7
-1 4 -4 7
-1 4 -3 7
-1 4 -2 7
-1 4 -1 7
-1 4 0 7
-1 4 1 7
-1 4 2 7
-1 4 3 7
-1 4 4 7
-1 4 5 7
-1 4 6 47
0 4 -8 47
0 4 -7 7
0 4 -6 7
0 4 -5 7
0 4 -4 7
0 4 -3 7
0 4 -2 7
0 4 -1 7
0 4 0 7
0 4 1 7
0 4 2 7
0 4 3 7
0 4 4 7
0 4 5 7
0 4 6 47
1 4 -8 45
1 4 -7 46
1 4 -6 46
1 4 -5 46
1 4 -4 46
1 4 -3 7
1 4 -2 7
1 4 -1 7
1 4 0 7
1 4 1 7
1 4 2 7
1 4 3 7
1 4 4 7
1 4 5 7
1 4 6 47
2 4 -6 44
2 4 -3 47
2 4 -2 7
2 4 -1 7
2 4 0 7
2 4 1 7
2 4 2 7
2 4 3 7
2 4 4 7
2 4 5 7
2 4 6 47
3 4 -3 47
3 4 -2 7
3 4 -1 7
3 4 0 7
3 4 1 7
3 4 2 7
3 4 3 7
3 4 4 7
3 4 5 7
3 4 6 47
4 4 -3 45
4 4 -2 46
4 4 -1 46
4 4 0 46
4 4 1 46
4 4 2 46
4 4 3 46
4 4 4 46
4 4 5 46
4 4 6 45
5 4 -2 44
5 4 2 44
-5 5 -6 10
-5 5 -2 10
-5 5 2 10
-4 5 -8 45
-4 5 -7 48
-4 5 -6 49
-4 5 -5 49
-4 5 -4 45
-4 5 -3 49
-4 5 -2 49
-4 5 -1 49
-4 5 0 45
-4 5 1 48
-4 5 2 49
-4 5 3 49
-4 5 4 45
-4 5 5 49
-4 5 6 45
-3 5 -8 49
-3 5 -7 50
-3 5 -6 11
-3 5 -5 11
-3 5 -4 11
-3 5 -3 51
-3 5 -2 11
-3 5 -1 11
-3 5 0 11
-3 5 1 14
-3 5 2 50
-3 5 3 11
-3 5 4 11
-3 5 5 11
-3 5 6 48
-2 5 -9 16
-2 5 -8 49
-2 5 -7 52
-2 5 -6 11
-2 5 -5 11
-2 5 -4 11
-2 5 -3 11
-2 5 -2 11
-2 5 -1 11
-2 5 0 11
-2 5 1 11
-2 5 2 52
-2 5 3 11
-2 5 4 11
-2 5 5 11
-2 5 6 48
-2 5 7 17
-1 5 -8 49
-1 5 -7 11
-1 5 -6 11
-1 5 -5 11
-1 5 -4 11
-1 5 -3 11
-1 5 -2 18
-1 5 -1 18
-1 5 0 18
-1 5 1 11
-1 5 2 11
-1 5 3 11
-1 5 4 11
-1 5 5 11
-1 5 6 49
0 5 -8 45
0 5 -7 11
0 5 -6 11
0 5 -5 11
0 5 -4 11
0 5 -3 11
0 5 -2 18
0 5 -1 18
0 5 0 18
0 5 1 11
0 5 2 11
0 5 3 11
0 5 4 11
0 5 5 11
0 5 6 45
1 5 -8 45
1 5 -7 49
1 5 -6 49
1 5 -5 49
1 5 -4 45
1 5 -3 11
1 5 -2 18
1 5 -1 18
1 5 0 18
1 5 1 11
1 5 2 11
1 5 3 11
1 5 4 11
1 5 5 11
1 5 6 48
2 5 -6 30
2 5 -3 49
2 5 -2 11
2 5 -1 11
2 5 0 11
2 5 1 11
2 5 2 11
2 5 3 11
2 5 4 11
2 5 5 11
2 5 6 49
2 5 7 17
3 5 -3 48
3 5 -2 11
3 5 -1 28
3 5 0 11
3 5 1 11
3 5 2 11
3 5 3 21
3 5 4 11
3 5 5 11
3 5 6 49
4 5 -3 45
4 5 -2 49
4 5 -1 49
4 5 0 45
4 5 1 49
4 5 2 48
4 5 3 49
4 5 4 45
4 5 5 48
4 5 6 45
5 5 2 30
-5 6 -7 31
-5 6 -5 31
-5 6 -3 31
-5 6 -1 31
-4 6 -8 45
-4 6 -7 49
-4 6 -6 33
-4 6 -5 49
-4 6 -4 45
-4 6 -3 49
-4 6 -2 33
-4 6 -1 49
-4 6 0 45
-4 6 1 49
-4 6 2 33
-4 6 3 49
-4 6 4 45
-4 6 5 49
-4 6 6 45
-3 6 -9 35
-3 6 -8 48
-3 6 -7 11
-3 6 -6 11
-3 6 -5 11
-3 6 -4 11
-3 6 -3 11
-3 6 -2 11
-3 6 -1 11
-3 6 0 11
-3 6 1 14
-3 6 2 11
-3 6 3 11
-3 6 4 11
-3 6 5 11
-3 6 6 49
-3 6 7 36
-2 6 -8 37
-2 6 -7 11
-2 6 -6 11
-2 6 -5 11
-2 6 -4 11
-2 6 -3 11
-2 6 -2 11
-2 6 -1 11
-2 6 0 11
-2 6 1 11
-2 6 2 11
-2 6 3 11
-2 6 4 11
-2 6 5 11
-2 6 6 37
-1 6 -9 35
-1 6 -8 49
-1 6 -7 11
-1 6 -6 11
-1 6 -5 11
-1 6 -4 11
-1 6 -3 11
-1 6 -2 11
-1 6 -1 11
-1 6 0 11
-1 6 1 11
-1 6 2 11
-1 6 3 11
-1 6 4 11
-1 6 5 11
-1 6 6 49
-1 6 7 36
0 6 -8 45
0 6 -7 11
0 6 -6 11
0 6 -5 11
0 6 -4 11
0 6 -3 11
0 6 -2 11
0 6 -1 11
0 6 0 11
0 6 1 11
0 6 2 11
0 6 3 11
0 6 4 11
0 6 5 11
0 6 6 45
1 6 -8 45
1 6 -7 49
1 6 -6 33
1 6 -5 49
1 6 -4 45
1 6 -3 11
1 6 -2 11
1 6 -1 11
1 6 0 11
1 6 1 11
1 6 2 11
1 6 3 11
1 6 4 11
1 6 5 11
1 6 6 48
2 6 -3 49
2 6 -2 11
2 6 -1 11
2 6 0 11
2 6 1 11
2 6 2 11
2 6 3 11
2 6 4 11
2 6 5 11
2 6 6 37
3 6 -3 49
3 6 -2 11
3 6 -1 11
3 6 0 11
3 6 1 11
3 6 2 11
3 6 3 11
3 6 4 11
3 6 5 11
3 6 6 49
4 6 -3 45
4 6 -2 48
4 6 -1 49
4 6 0 45
4 6 1 49
4 6 2 33
4 6 3 48
4 6 4 45
4 6 5 48
4 6 6 45
-5 7 -7 31
-5 7 -5 31
-5 7 -3 31
-5 7 -1 31
-4 7 -8 45
-4 7 -7 49
-4 7 -6 33
-4 7 -5 49
-4 7 -4 45
-4 7 -3 48
-4 7 -2 33
-4 7 -1 49
-4 7 0 45
-4 7 1 49
-4 7 2 33
-4 7 3 49
-4 7 4 45
-4 7 5 48
-4 7 6 45
-3 7 -9 35
-3 7 -8 49
-3 7 -7 11
-3 7 -6 11
-3 7 -5 11
-3 7 -4 11
-3 7 -3 11
-3 7 -2 11
-3 7 -1 11
-3 7 0 11
-3 7 1 14
-3 7 2 11
-3 7 3 11
-3 7 4 11
-3 7 5 11
-3 7 6 49
-3 7 7 36
-2 7 -8 37
-2 7 -7 11
-2 7 -6 11
-2 7 -5 11
-2 7 -4 11
-2 7 -3 11
-2 7 -2 11
-2 7 -1 11
-2 7 0 11
-2 7 1 11
-2 7 2 11
-2 7 3 11
-2 7 4 11
-2 7 5 11
-2 7 6 37
-1 7 -9 35
-1 7 -8 49
-1 7 -7 11
-1 7 -6 11
-1 7 -5 11
-1 7 -4 11
-1 7 -3 11
-1 7 -2 11
-1 7 -1 11
-1 7 0 11
-1 7 1 11
-1 7 2 11
-1 7 3 11
-1 7 4 11
-1 7 5 11
-1 7 6 49
-1 7 7 36
0 7 -8 45
0 7 -7 11
0 7 -6 11
0 7 -5 11
0 7 -4 11
0 7 -3 11
0 7 -2 11
0 7 -1 40
0 7 0 11
0 7 1 11
0 7 2 11
0 7 3 11
0 7 4 11
0 7 5 11
0 7 6 45
1 7 -8 45
1 7 -7 49
1 7 -6 33
1 7 -5 49
1 7 -4 45
1 7 -3 11
1 7 -2 11
1 7 -1 11
1 7 0 11
1 7 1 11
1 7 2 11
1 7 3 11
1 7 4 11
1 7 5 11
1 7 6 49
2 7 -3 49
2 7 -2 11
2 7 -1 11
2 7 0 11
2 7 1 11
2 7 2 11
2 7 3 11
2 7 4 11
2 7 5 11
2 7 6 37
3 7 -3 49
3 7 -2 11
3 7 -1 11
3 7 0 11
3 7 1 11
3 7 2 11
3 7 3 11
3 7 4 11
3 7 5 11
3 7 6 49
4 7 -3 45
4 7 -2 49
4 7 -1 49
4 7 0 45
4 7 1 49
4 7 2 33
4 7 3 49
4 7 4 45
4 7 5 49
4 7 6 45
-5 8 -9 53
-5 8 7 23
-4 8 -9 25
-4 8 -8 45
-4 8 -7 46
-4 8 -6 46
-4 8 -5 46
-4 8 -4 46
-4 8 -3 46
-4 8 -2 46
-4 8 -1 46
-4 8 0 46
-4 8 1 46
-4 8 2 46
-4 8 3 46
-4 8 4 46
-4 8 5 46
-4 8 6 45
-4 8 7 23
-3 8 -9 25
-3 8 -8 47
-3 8 1 14
-3 8 6 47
-3 8 7 23
-2 8 -9 25
-2 8 -8 47
-2 8 6 47
-2 8 7 23
-1 8 -9 25
-1 8 -8 47
-1 8 6 47
-1 8 7 23
0 8 -9 25
0 8 -8 47
0 8 6 47
0 8 7 23
1 8 -9 25
1 8 -8 45
1 8 -7 46
1 8 -6 46
1 8 -5 46
1 8 -4 46
1 8 6 47
1 8 7 54
2 8 -9 25
2 8 -3 47
2 8 6 47
2 8 7 23
3 8 -4 55
3 8 -3 47
3 8 6 47
3 8 7 23
4 8 -4 53
4 8 -3 45
4 8 -2 46
4 8 -1 46
4 8 0 46
4 8 1 46
4 8 2 46
4 8 3 46
4 8 4 46
4 8 5 46
4 8 6 45
4 8 7 23
5 8 -4 25
5 8 7 23
-5 9 -8 53
-5 9 6 54
-4 9 -8 25
-4 9 -7 49
-4 9 -6 49
-4 9 -5 49
-4 9 -4 45
-4 9 -3 49
-4 9 -2 49
-4 9 -1 49
-4 9 0 45
-4 9 1 48
-4 9 2 49
-4 9 3 48
-4 9 4 45
-4 9 5 48
-4 9 6 23
-3 9 -8 25
-3 9 -7 11
-3 9 -6 11
-3 9 -5 11
-3 9 -4 11
-3 9 -3 11
-3 9 -2 11
-3 9 -1 11
-3 9 0 11
-3 9 1 14
-3 9 2 11
-3 9 3 11
-3 9 4 11
-3 9 5 11
-3 9 6 54
-2 9 -8 25
-2 9 -7 11
-2 9 -6 11
-2 9 -5 11
-2 9 -4 11
-2 9 -3 11
-2 9 -2 11
-2 9 -1 11
-2 9 0 11
-2 9 1 11
-2 9 2 11
-2 9 3 11
-2 9 4 11
-2 9 5 11
-2 9 6 23
-1 9 -8 25
-1 9 -7 11
-1 9 -6 11
-1 9 -5 11
-1 9 -4 11
-1 9 -3 11
-1 9 -2 11
-1 9 -1 11
-1 9 0 11
-1 9 1 11
-1 9 2 11
-1 9 3 11
-1 9 4 11
-1 9 5 11
-1 9 6 23
0 9 -8 25
0 9 -7 11
0 9 -6 11
0 9 -5 11
0 9 -4 11
0 9 -3 11
0 9 -2 11
0 9 -1 11
0 9 0 11
0 9 1 11
0 9 2 11
0 9 3 11
0 9 4 11
0 9 5 11
0 9 6 54
1 9 -8 25
1 9 -7 49
1 9 -6 48
1 9 -5 49
1 9 -4 45
1 9 -3 11
1 9 -2 11
1 9 -1 11
1 9 0 11
1 9 1 11
1 9 2 11
1 9 3 11
1 9 4 11
1 9 5 11
1 9 6 23
2 9 -8 25
2 9 -4 7
2 9 -3 48
2 9 -2 11
2 9 -1 11
2 9 0 11
2 9 1 11
2 9 2 11
2 9 3 11
2 9 4 11
2 9 5 11
2 9 6 23
3 9 -3 55
3 9 -2 11
3 9 -1 11
3 9 0 11
3 9 1 11
3 9 2 11
3 9 3 11
3 9 4 11
3 9 5 11
3 9 6 54
4 9 -3 53
4 9 -2 49
4 9 -1 49
4 9 0 45
4 9 1 49
4 9 2 49
4 9 3 49
4 9 4 45
4 9 5 49
4 9 6 23
5 9 -3 25
5 9 6 23
-5 10 -7 25
-5 10 -2 25
-5 10 5 23
-4 10 -7 25
-4 10 -6 49
-4 10 -5 33
-4 10 -4 33
-4 10 -3 49
-4 10 -2 25
-4 10 -1 49
-4 10 0 45
-4 10 1 49
-4 10 2 49
-4 10 3 48
-4 10 4 45
-4 10 5 23
-3 10 -7 25
-3 10 -6 11
-3 10 -5 11
-3 10 -4 11
-3 10 -3 11
-3 10 -2 25
-3 10 -1 11
-3 10 0 11
-3 10 1 14
-3 10 2 11
-3 10 3 11
-3 10 4 11
-3 10 5 23
-2 10 -7 25
-2 10 -6 11
-2 10 -5 11
-2 10 -4 11
-2 10 -3 11
-2 10 -2 53
-2 10 -1 11
-2 10 0 11
-2 10 1 11
-2 10 2 11
-2 10 3 11
-2 10 4 11
-2 10 5 23
-1 10 -7 25
-1 10 -6 11
-1 10 -5 11
-1 10 -4 11
-1 10 -3 11
-1 10 -2 25
-1 10 -1 11
-1 10 0 11
-1 10 1 11
-1 10 2 11
-1 10 3 11
-1 10 4 11
-1 10 5 23
0 10 -7 25
0 10 -6 11
0 10 -5 11
0 10 -4 11
0 10 -3 11
0 10 -2 25
0 10 -1 11
0 10 0 11
0 10 1 11
0 10 2 11
0 10 3 11
0 10 4 11
0 10 5 54
1 10 -7 25
1 10 -6 49
1 10 -5 33
1 10 -4 56
1 10 -3 11
1 10 -2 25
1 10 -1 11
1 10 0 11
1 10 1 11
1 10 2 11
1 10 3 11
1 10 4 11
1 10 5 23
2 10 -7 25
2 10 -4 7
2 10 -3 48
2 10 -2 25
2 10 -1 11
2 10 0 11
2 10 1 11
2 10 2 11
2 10 3 11
2 10 4 11
2 10 5 23
3 10 -2 53
3 10 -1 11
3 10 0 11
3 10 1 11
3 10 2 11
3 10 3 11
3 10 4 11
3 10 5 23
4 10 -2 25
4 10 -1 49
4 10 0 45
4 10 1 49
4 10 2 49
4 10 3 49
4 10 4 45
4 10 5 54
5 10 -2 25
5 10 5 23
-5 11 -6 25
-5 11 -5 7
-5 11 -4 7
-5 11 -3 23
-5 11 -1 25
-5 11 4 23
-4 11 -6 25
-4 11 -5 49
-4 11 -4 45
-4 11 -3 23
-4 11 -1 25
-4 11 0 45
-4 11 1 34
-4 11 2 33
-4 11 3 49
-4 11 4 23
-3 11 -6 25
-3 11 -5 7
-3 11 -4 7
-3 11 -3 23
-3 11 -1 25
-3 11 0 11
-3 11 1 14
-3 11 2 11
-3 11 3 11
-3 11 4 54
-2 11 -6 25
-2 11 -5 7
-2 11 -4 7
-2 11 -3 23
-2 11 -1 53
-2 11 0 11
-2 11 1 11
-2 11 2 11
-2 11 3 11
-2 11 4 23
-1 11 -6 25
-1 11 -5 7
-1 11 -4 7
-1 11 -3 23
-1 11 -1 25
-1 11 0 11
-1 11 1 11
-1 11 2 11
-1 11 3 11
-1 11 4 23
0 11 -6 25
0 11 -5 7
0 11 -4 7
0 11 -3 23
0 11 -1 25
0 11 0 11
0 11 1 11
0 11 2 11
0 11 3 11
0 11 4 23
1 11 -6 25
1 11 -5 49
1 11 -4 45
1 11 -3 23
1 11 -1 25
1 11 0 11
1 11 1 11
1 11 2 11
1 11 3 11
1 11 4 54
2 11 -6 25
2 11 -5 7
2 11 -4 7
2 11 -3 23
2 11 -1 25
2 11 0 11
2 11 1 11
2 11 2 11
2 11 3 11
2 11 4 23
3 11 -1 25
3 11 0 11
3 11 1 11
3 11 2 11
3 11 3 11
3 11 4 23
4 11 -1 25
4 11 0 45
4 11 1 33
4 11 2 33
4 11 3 49
4 11 4 23
5 11 -1 25
5 11 4 23
-5 12 -5 57
-5 12 -4 57
-5 12 0 25
-5 12 1 7
-5 12 2 7
-5 12 3 23
-4 12 -5 57
-4 12 -4 57
-4 12 0 25
-4 12 1 49
-4 12 2 49
-4 12 3 23
-3 12 -5 57
-3 12 -4 57
-3 12 0 25
-3 12 1 32
-3 12 2 7
-3 12 3 23
-2 12 -5 57
-2 12 -4 57
-2 12 0 25
-2 12 1 7
-2 12 2 7
-2 12 3 23
-1 12 -5 57
-1 12 -4 57
-1 12 0 25
-1 12 1 7
-1 12 2 7
-1 12 3 23
0 12 -5 57
0 12 -4 57
0 12 0 25
0 12 1 7
0 12 2 7
0 12 3 23
1 12 -5 57
1 12 -4 57
1 12 0 25
1 12 1 7
1 12 2 7
1 12 3 23
2 12 -5 57
2 12 -4 57
2 12 0 25
2 12 1 7
2 12 2 7
2 12 3 23
3 12 0 25
3 12 1 7
3 12 2 7
3 12 3 23
4 12 0 25
4 12 1 49
4 12 2 48
4 12 3 23
5 12 0 53
5 12 1 7
5 12 2 7
5 12 3 23
-5 13 1 57
-5 13 2 57
-4 13 1 57
-4 13 2 57
-3 13 1 14
-3 13 2 57
-2 13 1 57
-2 13 2 57
-1 13 1 57
-1 13 2 57
0 13 1 57
0 13 2 57
1 13 1 57
1 13 2 57
2 13 1 57
2 13 2 57
3 13 1 57
3 13 2 57
4 13 1 57
4 13 2 57
5 13 1 57
5 13 2 57
-3 14 1 14
-3 15 1 14
-3 16 1 15
