core 0 1 6
P minecraft:polished_andesite
P minecraft:stone_bricks
P minecraft:air
P minecraft:cracked_stone_bricks
P minecraft:spruce_slab[type=top,waterlogged=false]
P minecraft:ladder[facing=east,waterlogged=false]
P minecraft:barrel[facing=up,open=false]
P minecraft:pumpkin
P minecraft:melon
P minecraft:hay_block
P minecraft:andesite
P minecraft:composter
P minecraft:stone_brick_stairs[facing=south,half=top,shape=straight,waterlogged=false]
P minecraft:stone_brick_stairs[facing=north,half=top,shape=straight,waterlogged=false]
P minecraft:stone_brick_stairs[facing=east,half=top,shape=straight,waterlogged=false]
P minecraft:white_wool
P minecraft:red_wool
P minecraft:yellow_wool
P minecraft:stone_brick_stairs[facing=west,half=top,shape=straight,waterlogged=false]
P minecraft:blue_wool
P minecraft:green_wool
P minecraft:orange_wool
P minecraft:lantern[hanging=true,waterlogged=false]
P minecraft:dark_oak_log[axis=x]
P minecraft:dark_oak_log[axis=z]
P minecraft:spruce_planks
P minecraft:dark_oak_log[axis=y]
P minecraft:yellow_terracotta
P minecraft:smooth_sandstone
P minecraft:dark_oak_stairs[facing=north,half=bottom,shape=straight,waterlogged=false]
P minecraft:dark_oak_fence[east=true,north=false,south=false,waterlogged=false,west=false]
P minecraft:dark_oak_stairs[facing=south,half=bottom,shape=straight,waterlogged=false]
P minecraft:dark_oak_fence[east=true,north=false,south=false,waterlogged=false,west=true]
P minecraft:dark_oak_fence[east=false,north=false,south=false,waterlogged=false,west=true]
P minecraft:glass_pane[east=false,north=true,south=true,waterlogged=false,west=false]
P minecraft:glass_pane[east=true,north=false,south=false,waterlogged=false,west=true]
P minecraft:dark_oak_pressure_plate[powered=false]
P minecraft:deepslate_tile_stairs[facing=south,half=bottom,shape=outer_left,waterlogged=false]
P minecraft:deepslate_tile_stairs[facing=east,half=bottom,shape=straight,waterlogged=false]
P minecraft:deepslate_tile_stairs[facing=north,half=bottom,shape=outer_right,waterlogged=false]
P minecraft:deepslate_tile_stairs[facing=south,half=bottom,shape=straight,waterlogged=false]
P minecraft:deepslate_tile_stairs[facing=north,half=bottom,shape=straight,waterlogged=false]
P minecraft:deepslate_tile_stairs[facing=south,half=bottom,shape=outer_right,waterlogged=false]
P minecraft:deepslate_tile_stairs[facing=west,half=bottom,shape=straight,waterlogged=false]
P minecraft:deepslate_tile_stairs[facing=north,half=bottom,shape=outer_left,waterlogged=false]
P minecraft:deepslate_tile_slab[type=bottom,waterlogged=false]
-8 0 -5 0
-8 0 -4 1
-8 0 -3 0
-8 0 -2 1
-8 0 -1 0
-8 0 0 1
-8 0 1 0
-8 0 2 1
-8 0 3 0
-8 0 4 1
-8 0 5 0
-7 0 -5 1
-7 0 -4 0
-7 0 -3 1
-7 0 -2 0
-7 0 -1 1
-7 0 0 0
-7 0 1 1
-7 0 2 0
-7 0 3 1
-7 0 4 0
-7 0 5 1
-6 0 -5 0
-6 0 -4 1
-6 0 -3 0
-6 0 -2 1
-6 0 -1 0
-6 0 0 1
-6 0 1 0
-6 0 2 1
-6 0 3 0
-6 0 4 1
-6 0 5 0
-5 0 -5 1
-5 0 -4 0
-5 0 -3 1
-5 0 -2 0
-5 0 -1 1
-5 0 0 0
-5 0 1 1
-5 0 2 0
-5 0 3 1
-5 0 4 0
-5 0 5 1
-4 0 -5 0
-4 0 -4 1
-4 0 -3 0
-4 0 -2 1
-4 0 -1 0
-4 0 0 1
-4 0 1 0
-4 0 2 1
-4 0 3 0
-4 0 4 1
-4 0 5 0
-3 0 -5 1
-3 0 -4 0
-3 0 -3 1
-3 0 -2 0
-3 0 -1 1
-3 0 0 0
-3 0 1 1
-3 0 2 0
-3 0 3 1
-3 0 4 0
-3 0 5 1
-2 0 -5 0
-2 0 -4 1
-2 0 -3 0
-2 0 -2 1
-2 0 -1 0
-2 0 0 1
-2 0 1 0
-2 0 2 1
-2 0 3 0
-2 0 4 1
-2 0 5 0
-1 0 -5 1
-1 0 -4 0
-1 0 -3 1
-1 0 -2 0
-1 0 -1 1
-1 0 0 0
-1 0 1 1
-1 0 2 0
-1 0 3 1
-1 0 4 0
-1 0 5 1
0 0 -5 0
0 0 -4 1
0 0 -3 0
0 0 -2 1
0 0 -1 0
0 0 0 1
0 0 1 0
0 0 2 1
0 0 3 0
0 0 4 1
0 0 5 0
1 0 -5 1
1 0 -4 0
1 0 -3 1
1 0 -2 0
1 0 -1 1
1 0 0 0
1 0 1 1
1 0 2 0
1 0 3 1
1 0 4 0
1 0 5 1
2 0 -5 0
2 0 -4 1
2 0 -3 0
2 0 -2 1
2 0 -1 0
2 0 0 1
2 0 1 0
2 0 2 1
2 0 3 0
2 0 4 1
2 0 5 0
3 0 -5 1
3 0 -4 0
3 0 -3 1
3 0 -2 0
3 0 -1 1
3 0 0 0
3 0 1 1
3 0 2 0
3 0 3 1
3 0 4 0
3 0 5 1
4 0 -5 0
4 0 -4 1
4 0 -3 0
4 0 -2 1
4 0 -1 0
4 0 0 1
4 0 1 0
4 0 2 1
4 0 3 0
4 0 4 1
4 0 5 0
5 0 -5 1
5 0 -4 0
5 0 -3 1
5 0 -2 0
5 0 -1 1
5 0 0 0
5 0 1 1
5 0 2 0
5 0 3 1
5 0 4 0
5 0 5 1
6 0 -5 0
6 0 -4 1
6 0 -3 0
6 0 -2 1
6 0 -1 0
6 0 0 1
6 0 1 0
6 0 2 1
6 0 3 0
6 0 4 1
6 0 5 0
7 0 -5 1
7 0 -4 0
7 0 -3 1
7 0 -2 0
7 0 -1 1
7 0 0 0
7 0 1 1
7 0 2 0
7 0 3 1
7 0 4 0
7 0 5 1
8 0 -5 0
8 0 -4 1
8 0 -3 0
8 0 -2 1
8 0 -1 0
8 0 0 1
8 0 1 0
8 0 2 1
8 0 3 0
8 0 4 1
8 0 5 0
-8 1 -5 1
-8 1 -4 1
-8 1 -3 2
-8 1 -2 2
-8 1 -1 2
-8 1 0 3
-8 1 1 2
-8 1 2 2
-8 1 3 2
-8 1 4 1
-8 1 5 1
-7 1 -5 2
-7 1 -4 2
-7 1 -3 4
-7 1 -2 2
-7 1 -1 2
-7 1 0 5
-7 1 1 2
-7 1 2 2
-7 1 3 4
-7 1 4 2
-7 1 5 2
-6 1 -5 2
-6 1 -4 2
-6 1 -3 6
-6 1 -2 2
-6 1 -1 2
-6 1 0 2
-6 1 1 2
-6 1 2 2
-6 1 3 6
-6 1 4 2
-6 1 5 2
-5 1 -5 2
-5 1 -4 2
-5 1 -3 7
-5 1 -2 2
-5 1 -1 2
-5 1 0 2
-5 1 1 2
-5 1 2 2
-5 1 3 8
-5 1 4 2
-5 1 5 2
-4 1 -5 1
-4 1 -4 2
-4 1 -3 2
-4 1 -2 2
-4 1 -1 2
-4 1 0 2
-4 1 1 2
-4 1 2 2
-4 1 3 2
-4 1 4 2
-4 1 5 1
-3 1 -5 2
-3 1 -4 2
-3 1 -3 4
-3 1 -2 2
-3 1 -1 2
-3 1 0 2
-3 1 1 2
-3 1 2 2
-3 1 3 4
-3 1 4 2
-3 1 5 2
-2 1 -5 2
-2 1 -4 2
-2 1 -3 6
-2 1 -2 2
-2 1 -1 2
-2 1 0 2
-2 1 1 2
-2 1 2 2
-2 1 3 6
-2 1 4 2
-2 1 5 2
-1 1 -5 2
-1 1 -4 2
-1 1 -3 9
-1 1 -2 2
-1 1 -1 2
-1 1 0 2
-1 1 1 2
-1 1 2 2
-1 1 3 8
-1 1 4 2
-1 1 5 2
0 1 -5 10
0 1 -4 2
0 1 -3 2
0 1 -2 2
0 1 -1 2
0 1 0 2
0 1 1 2
0 1 2 2
0 1 3 2
0 1 4 2
0 1 5 3
1 1 -5 2
1 1 -4 2
1 1 -3 4
1 1 -2 2
1 1 -1 2
1 1 0 2
1 1 1 2
1 1 2 2
1 1 3 4
1 1 4 2
1 1 5 2
2 1 -5 2
2 1 -4 2
2 1 -3 6
2 1 -2 2
2 1 -1 2
2 1 0 2
2 1 1 2
2 1 2 2
2 1 3 6
2 1 4 2
2 1 5 2
3 1 -5 2
3 1 -4 2
3 1 -3 11
3 1 -2 2
3 1 -1 2
3 1 0 2
3 1 1 2
3 1 2 2
3 1 3 11
3 1 4 2
3 1 5 2
4 1 -5 1
4 1 -4 2
4 1 -3 2
4 1 -2 2
4 1 -1 2
4 1 0 2
4 1 1 2
4 1 2 2
4 1 3 2
4 1 4 2
4 1 5 1
5 1 -5 2
5 1 -4 2
5 1 -3 4
5 1 -2 2
5 1 -1 2
5 1 0 2
5 1 1 2
5 1 2 2
5 1 3 4
5 1 4 2
5 1 5 2
6 1 -5 2
6 1 -4 2
6 1 -3 6
6 1 -2 2
6 1 -1 2
6 1 0 2
6 1 1 2
6 1 2 2
6 1 3 6
6 1 4 2
6 1 5 2
7 1 -5 2
7 1 -4 2
7 1 -3 11
7 1 -2 2
7 1 -1 2
7 1 0 2
7 1 1 2
7 1 2 2
7 1 3 11
7 1 4 2
7 1 5 2
8 1 -5 1
8 1 -4 1
8 1 -3 2
8 1 -2 2
8 1 -1 2
8 1 0 1
8 1 1 2
8 1 2 2
8 1 3 2
8 1 4 1
8 1 5 1
-8 2 -5 1
-8 2 -4 1
-8 2 -3 2
-8 2 -2 2
-8 2 -1 2
-8 2 0 10
-8 2 1 2
-8 2 2 2
-8 2 3 2
-8 2 4 1
-8 2 5 1
-7 2 -5 2
-7 2 -4 2
-7 2 -3 2
-7 2 -2 2
-7 2 -1 2
-7 2 0 5
-7 2 1 2
-7 2 2 2
-7 2 3 2
-7 2 4 2
-7 2 5 2
-6 2 -5 2
-6 2 -4 2
-6 2 -3 2
-6 2 -2 2
-6 2 -1 2
-6 2 0 2
-6 2 1 2
-6 2 2 2
-6 2 3 2
-6 2 4 2
-6 2 5 2
-5 2 -5 2
-5 2 -4 2
-5 2 -3 2
-5 2 -2 2
-5 2 -1 2
-5 2 0 2
-5 2 1 2
-5 2 2 2
-5 2 3 2
-5 2 4 2
-5 2 5 2
-4 2 -5 1
-4 2 -4 2
-4 2 -3 2
-4 2 -2 2
-4 2 -1 2
-4 2 0 2
-4 2 1 2
-4 2 2 2
-4 2 3 2
-4 2 4 2
-4 2 5 1
-3 2 -5 2
-3 2 -4 2
-3 2 -3 2
-3 2 -2 2
-3 2 -1 2
-3 2 0 2
-3 2 1 2
-3 2 2 2
-3 2 3 2
-3 2 4 2
-3 2 5 2
-2 2 -5 2
-2 2 -4 2
-2 2 -3 2
-2 2 -2 2
-2 2 -1 2
-2 2 0 2
-2 2 1 2
-2 2 2 2
-2 2 3 2
-2 2 4 2
-2 2 5 2
-1 2 -5 2
-1 2 -4 2
-1 2 -3 2
-1 2 -2 2
-1 2 -1 2
-1 2 0 2
-1 2 1 2
-1 2 2 2
-1 2 3 2
-1 2 4 2
-1 2 5 2
0 2 -5 1
0 2 -4 2
0 2 -3 2
0 2 -2 2
0 2 -1 2
0 2 0 2
0 2 1 2
0 2 2 2
0 2 3 2
0 2 4 2
0 2 5 10
1 2 -5 2
1 2 -4 2
1 2 -3 2
1 2 -2 2
1 2 -1 2
1 2 0 2
1 2 1 2
1 2 2 2
1 2 3 2
1 2 4 2
1 2 5 2
2 2 -5 2
2 2 -4 2
2 2 -3 2
2 2 -2 2
2 2 -1 2
2 2 0 2
2 2 1 2
2 2 2 2
2 2 3 2
2 2 4 2
2 2 5 2
3 2 -5 2
3 2 -4 2
3 2 -3 2
3 2 -2 2
3 2 -1 2
3 2 0 2
3 2 1 2
3 2 2 2
3 2 3 2
3 2 4 2
3 2 5 2
4 2 -5 3
4 2 -4 2
4 2 -3 2
4 2 -2 2
4 2 -1 2
4 2 0 2
4 2 1 2
4 2 2 2
4 2 3 2
4 2 4 2
4 2 5 1
5 2 -5 2
5 2 -4 2
5 2 -3 2
5 2 -2 2
5 2 -1 2
5 2 0 2
5 2 1 2
5 2 2 2
5 2 3 2
5 2 4 2
5 2 5 2
6 2 -5 2
6 2 -4 2
6 2 -3 2
6 2 -2 2
6 2 -1 2
6 2 0 2
6 2 1 2
6 2 2 2
6 2 3 2
6 2 4 2
6 2 5 2
7 2 -5 2
7 2 -4 2
7 2 -3 2
7 2 -2 2
7 2 -1 2
7 2 0 2
7 2 1 2
7 2 2 2
7 2 3 2
7 2 4 2
7 2 5 2
8 2 -5 1
8 2 -4 10
8 2 -3 2
8 2 -2 2
8 2 -1 2
8 2 0 1
8 2 1 2
8 2 2 2
8 2 3 2
8 2 4 3
8 2 5 1
-8 3 -5 1
-8 3 -4 3
-8 3 -3 12
-8 3 -2 2
-8 3 -1 13
-8 3 0 1
-8 3 1 12
-8 3 2 2
-8 3 3 13
-8 3 4 1
-8 3 5 1
-7 3 -5 14
-7 3 -4 2
-7 3 -3 15
-7 3 -2 2
-7 3 -1 2
-7 3 0 5
-7 3 1 2
-7 3 2 2
-7 3 3 16
-7 3 4 2
-7 3 5 14
-6 3 -5 2
-6 3 -4 2
-6 3 -3 16
-6 3 -2 2
-6 3 -1 2
-6 3 0 2
-6 3 1 2
-6 3 2 2
-6 3 3 17
-6 3 4 2
-6 3 5 2
-5 3 -5 18
-5 3 -4 2
-5 3 -3 17
-5 3 -2 2
-5 3 -1 2
-5 3 0 2
-5 3 1 2
-5 3 2 2
-5 3 3 19
-5 3 4 2
-5 3 5 18
-4 3 -5 1
-4 3 -4 2
-4 3 -3 2
-4 3 -2 2
-4 3 -1 2
-4 3 0 2
-4 3 1 2
-4 3 2 2
-4 3 3 2
-4 3 4 2
-4 3 5 1
-3 3 -5 14
-3 3 -4 2
-3 3 -3 16
-3 3 -2 2
-3 3 -1 2
-3 3 0 2
-3 3 1 2
-3 3 2 2
-3 3 3 17
-3 3 4 2
-3 3 5 14
-2 3 -5 2
-2 3 -4 2
-2 3 -3 17
-2 3 -2 2
-2 3 -1 2
-2 3 0 2
-2 3 1 2
-2 3 2 2
-2 3 3 19
-2 3 4 2
-2 3 5 2
-1 3 -5 18
-1 3 -4 2
-1 3 -3 19
-1 3 -2 2
-1 3 -1 2
-1 3 0 2
-1 3 1 2
-1 3 2 2
-1 3 3 20
-1 3 4 2
-1 3 5 18
0 3 -5 1
0 3 -4 2
0 3 -3 2
0 3 -2 2
0 3 -1 2
0 3 0 2
0 3 1 2
0 3 2 2
0 3 3 2
0 3 4 2
0 3 5 1
1 3 -5 14
1 3 -4 2
1 3 -3 17
1 3 -2 2
1 3 -1 2
1 3 0 2
1 3 1 2
1 3 2 2
1 3 3 19
1 3 4 2
1 3 5 14
2 3 -5 2
2 3 -4 2
2 3 -3 19
2 3 -2 2
2 3 -1 2
2 3 0 2
2 3 1 2
2 3 2 2
2 3 3 20
2 3 4 2
2 3 5 2
3 3 -5 18
3 3 -4 2
3 3 -3 20
3 3 -2 2
3 3 -1 2
3 3 0 2
3 3 1 2
3 3 2 2
3 3 3 21
3 3 4 2
3 3 5 18
4 3 -5 10
4 3 -4 2
4 3 -3 2
4 3 -2 2
4 3 -1 2
4 3 0 2
4 3 1 2
4 3 2 2
4 3 3 2
4 3 4 2
4 3 5 1
5 3 -5 14
5 3 -4 2
5 3 -3 19
5 3 -2 2
5 3 -1 2
5 3 0 2
5 3 1 2
5 3 2 2
5 3 3 20
5 3 4 2
5 3 5 14
6 3 -5 2
6 3 -4 2
6 3 -3 20
6 3 -2 2
6 3 -1 2
6 3 0 2
6 3 1 2
6 3 2 2
6 3 3 21
6 3 4 2
6 3 5 2
7 3 -5 18
7 3 -4 2
7 3 -3 21
7 3 -2 2
7 3 -1 2
7 3 0 2
7 3 1 2
7 3 2 2
7 3 3 15
7 3 4 2
7 3 5 18
8 3 -5 1
8 3 -4 1
8 3 -3 12
8 3 -2 2
8 3 -1 13
8 3 0 10
8 3 1 12
8 3 2 2
8 3 3 13
8 3 4 1
8 3 5 1
-8 4 -5 10
-8 4 -4 1
-8 4 -3 1
-8 4 -2 1
-8 4 -1 1
-8 4 0 1
-8 4 1 1
-8 4 2 1
-8 4 3 1
-8 4 4 10
-8 4 5 1
-7 4 -5 1
-7 4 -4 2
-7 4 -3 2
-7 4 -2 2
-7 4 -1 2
-7 4 0 5
-7 4 1 2
-7 4 2 2
-7 4 3 2
-7 4 4 2
-7 4 5 10
-6 4 -5 10
-6 4 -4 2
-6 4 -3 2
-6 4 -2 2
-6 4 -1 2
-6 4 0 22
-6 4 1 2
-6 4 2 2
-6 4 3 2
-6 4 4 2
-6 4 5 1
-5 4 -5 3
-5 4 -4 2
-5 4 -3 2
-5 4 -2 2
-5 4 -1 2
-5 4 0 2
-5 4 1 2
-5 4 2 2
-5 4 3 2
-5 4 4 2
-5 4 5 1
-4 4 -5 1
-4 4 -4 2
-4 4 -3 2
-4 4 -2 2
-4 4 -1 2
-4 4 0 2
-4 4 1 2
-4 4 2 2
-4 4 3 2
-4 4 4 2
-4 4 5 1
-3 4 -5 1
-3 4 -4 2
-3 4 -3 2
-3 4 -2 2
-3 4 -1 2
-3 4 0 2
-3 4 1 2
-3 4 2 2
-3 4 3 2
-3 4 4 2
-3 4 5 1
-2 4 -5 1
-2 4 -4 2
-2 4 -3 2
-2 4 -2 2
-2 4 -1 2
-2 4 0 22
-2 4 1 2
-2 4 2 2
-2 4 3 2
-2 4 4 2
-2 4 5 1
-1 4 -5 1
-1 4 -4 2
-1 4 -3 2
-1 4 -2 2
-1 4 -1 2
-1 4 0 2
-1 4 1 2
-1 4 2 2
-1 4 3 2
-1 4 4 2
-1 4 5 1
0 4 -5 1
0 4 -4 2
0 4 -3 2
0 4 -2 2
0 4 -1 2
0 4 0 2
0 4 1 2
0 4 2 2
0 4 3 2
0 4 4 2
0 4 5 1
1 4 -5 1
1 4 -4 2
1 4 -3 2
1 4 -2 2
1 4 -1 2
1 4 0 2
1 4 1 2
1 4 2 2
1 4 3 2
1 4 4 2
1 4 5 1
2 4 -5 3
2 4 -4 2
2 4 -3 2
2 4 -2 2
2 4 -1 2
2 4 0 22
2 4 1 2
2 4 2 2
2 4 3 2
2 4 4 2
2 4 5 1
3 4 -5 1
3 4 -4 2
3 4 -3 2
3 4 -2 2
3 4 -1 2
3 4 0 2
3 4 1 2
3 4 2 2
3 4 3 2
3 4 4 2
3 4 5 1
4 4 -5 1
4 4 -4 2
4 4 -3 2
4 4 -2 2
4 4 -1 2
4 4 0 2
4 4 1 2
4 4 2 2
4 4 3 2
4 4 4 2
4 4 5 1
5 4 -5 1
5 4 -4 2
5 4 -3 2
5 4 -2 2
5 4 -1 2
5 4 0 2
5 4 1 2
5 4 2 2
5 4 3 2
5 4 4 2
5 4 5 3
6 4 -5 3
6 4 -4 2
6 4 -3 2
6 4 -2 2
6 4 -1 2
6 4 0 22
6 4 1 2
6 4 2 2
6 4 3 2
6 4 4 2
6 4 5 1
7 4 -5 10
7 4 -4 2
7 4 -3 2
7 4 -2 2
7 4 -1 2
7 4 0 2
7 4 1 2
7 4 2 2
7 4 3 2
7 4 4 2
7 4 5 1
8 4 -5 1
8 4 -4 10
8 4 -3 10
8 4 -2 3
8 4 -1 10
8 4 0 1
8 4 1 1
8 4 2 1
8 4 3 10
8 4 4 1
8 4 5 1
-8 5 -5 23
-8 5 -4 24
-8 5 -3 24
-8 5 -2 24
-8 5 -1 24
-8 5 0 24
-8 5 1 24
-8 5 2 24
-8 5 3 24
-8 5 4 24
-8 5 5 23
-7 5 -5 23
-7 5 -4 25
-7 5 -3 25
-7 5 -2 25
-7 5 -1 25
-7 5 0 5
-7 5 1 25
-7 5 2 25
-7 5 3 25
-7 5 4 25
-7 5 5 23
-6 5 -5 23
-6 5 -4 25
-6 5 -3 25
-6 5 -2 25
-6 5 -1 25
-6 5 0 25
-6 5 1 25
-6 5 2 25
-6 5 3 25
-6 5 4 25
-6 5 5 23
-5 5 -5 23
-5 5 -4 25
-5 5 -3 25
-5 5 -2 25
-5 5 -1 25
-5 5 0 25
-5 5 1 25
-5 5 2 25
-5 5 3 25
-5 5 4 25
-5 5 5 23
-4 5 -5 23
-4 5 -4 25
-4 5 -3 25
-4 5 -2 25
-4 5 -1 25
-4 5 0 25
-4 5 1 25
-4 5 2 25
-4 5 3 25
-4 5 4 25
-4 5 5 23
-3 5 -5 23
-3 5 -4 25
-3 5 -3 25
-3 5 -2 25
-3 5 -1 25
-3 5 0 25
-3 5 1 25
-3 5 2 25
-3 5 3 25
-3 5 4 25
-3 5 5 23
-2 5 -5 23
-2 5 -4 25
-2 5 -3 25
-2 5 -2 25
-2 5 -1 25
-2 5 0 25
-2 5 1 25
-2 5 2 25
-2 5 3 25
-2 5 4 25
-2 5 5 23
-1 5 -5 23
-1 5 -4 25
-1 5 -3 25
-1 5 -2 25
-1 5 -1 25
-1 5 0 25
-1 5 1 25
-1 5 2 25
-1 5 3 25
-1 5 4 25
-1 5 5 23
0 5 -5 23
0 5 -4 25
0 5 -3 25
0 5 -2 25
0 5 -1 25
0 5 0 25
0 5 1 25
0 5 2 25
0 5 3 25
0 5 4 25
0 5 5 23
1 5 -5 23
1 5 -4 25
1 5 -3 25
1 5 -2 25
1 5 -1 25
1 5 0 25
1 5 1 25
1 5 2 25
1 5 3 25
1 5 4 25
1 5 5 23
2 5 -5 23
2 5 -4 25
2 5 -3 25
2 5 -2 25
2 5 -1 25
2 5 0 25
2 5 1 25
2 5 2 25
2 5 3 25
2 5 4 25
2 5 5 23
3 5 -5 23
3 5 -4 25
3 5 -3 25
3 5 -2 25
3 5 -1 25
3 5 0 25
3 5 1 25
3 5 2 25
3 5 3 25
3 5 4 25
3 5 5 23
4 5 -5 23
4 5 -4 25
4 5 -3 25
4 5 -2 25
4 5 -1 25
4 5 0 25
4 5 1 25
4 5 2 25
4 5 3 25
4 5 4 25
4 5 5 23
5 5 -5 23
5 5 -4 25
5 5 -3 25
5 5 -2 25
5 5 -1 25
5 5 0 25
5 5 1 25
5 5 2 25
5 5 3 25
5 5 4 25
5 5 5 23
6 5 -5 23
6 5 -4 25
6 5 -3 25
6 5 -2 25
6 5 -1 25
6 5 0 25
6 5 1 25
6 5 2 25
6 5 3 25
6 5 4 25
6 5 5 23
7 5 -5 23
7 5 -4 25
7 5 -3 25
7 5 -2 25
7 5 -1 25
7 5 0 25
7 5 1 25
7 5 2 25
7 5 3 25
7 5 4 25
7 5 5 23
8 5 -5 23
8 5 -4 24
8 5 -3 24
8 5 -2 24
8 5 -1 24
8 5 0 24
8 5 1 24
8 5 2 24
8 5 3 24
8 5 4 24
8 5 5 23
-8 6 -5 26
-8 6 -4 26
-8 6 -3 27
-8 6 -2 27
-8 6 -1 28
-8 6 0 26
-8 6 1 28
-8 6 2 28
-8 6 3 27
-8 6 4 26
-8 6 5 26
-7 6 -5 27
-7 6 -4 2
-7 6 -3 2
-7 6 -2 2
-7 6 -1 2
-7 6 0 2
-7 6 1 2
-7 6 2 2
-7 6 3 2
-7 6 4 2
-7 6 5 27
-6 6 -5 27
-6 6 -4 2
-6 6 -3 2
-6 6 -2 2
-6 6 -1 2
-6 6 0 2
-6 6 1 2
-6 6 2 2
-6 6 3 2
-6 6 4 2
-6 6 5 28
-5 6 -5 28
-5 6 -4 2
-5 6 -3 2
-5 6 -2 2
-5 6 -1 2
-5 6 0 2
-5 6 1 2
-5 6 2 2
-5 6 3 2
-5 6 4 2
-5 6 5 28
-4 6 -5 26
-4 6 -4 2
-4 6 -3 2
-4 6 -2 2
-4 6 -1 29
-4 6 0 30
-4 6 1 31
-4 6 2 2
-4 6 3 2
-4 6 4 2
-4 6 5 26
-3 6 -5 27
-3 6 -4 2
-3 6 -3 2
-3 6 -2 2
-3 6 -1 2
-3 6 0 32
-3 6 1 2
-3 6 2 2
-3 6 3 2
-3 6 4 2
-3 6 5 27
-2 6 -5 27
-2 6 -4 2
-2 6 -3 2
-2 6 -2 2
-2 6 -1 29
-2 6 0 32
-2 6 1 31
-2 6 2 2
-2 6 3 2
-2 6 4 2
-2 6 5 27
-1 6 -5 27
-1 6 -4 2
-1 6 -3 2
-1 6 -2 2
-1 6 -1 2
-1 6 0 32
-1 6 1 2
-1 6 2 2
-1 6 3 2
-1 6 4 2
-1 6 5 27
0 6 -5 26
0 6 -4 2
0 6 -3 2
0 6 -2 2
0 6 -1 29
0 6 0 32
0 6 1 31
0 6 2 2
0 6 3 2
0 6 4 2
0 6 5 26
1 6 -5 27
1 6 -4 2
1 6 -3 2
1 6 -2 2
1 6 -1 2
1 6 0 32
1 6 1 2
1 6 2 2
1 6 3 2
1 6 4 2
1 6 5 27
2 6 -5 27
2 6 -4 2
2 6 -3 2
2 6 -2 2
2 6 -1 29
2 6 0 32
2 6 1 31
2 6 2 2
2 6 3 2
2 6 4 2
2 6 5 27
3 6 -5 27
3 6 -4 2
3 6 -3 2
3 6 -2 2
3 6 -1 2
3 6 0 32
3 6 1 2
3 6 2 2
3 6 3 2
3 6 4 2
3 6 5 27
4 6 -5 26
4 6 -4 2
4 6 -3 2
4 6 -2 2
4 6 -1 29
4 6 0 33
4 6 1 31
4 6 2 2
4 6 3 2
4 6 4 2
4 6 5 26
5 6 -5 28
5 6 -4 2
5 6 -3 2
5 6 -2 2
5 6 -1 2
5 6 0 2
5 6 1 2
5 6 2 2
5 6 3 2
5 6 4 2
5 6 5 28
6 6 -5 27
6 6 -4 2
6 6 -3 2
6 6 -2 2
6 6 -1 2
6 6 0 2
6 6 1 2
6 6 2 2
6 6 3 2
6 6 4 2
6 6 5 27
7 6 -5 27
7 6 -4 2
7 6 -3 2
7 6 -2 2
7 6 -1 2
7 6 0 2
7 6 1 2
7 6 2 2
7 6 3 2
7 6 4 2
7 6 5 27
8 6 -5 26
8 6 -4 26
8 6 -3 27
8 6 -2 27
8 6 -1 27
8 6 0 26
8 6 1 27
8 6 2 28
8 6 3 27
8 6 4 26
8 6 5 26
-8 7 -5 26
-8 7 -4 26
-8 7 -3 27
-8 7 -2 34
-8 7 -1 27
-8 7 0 26
-8 7 1 27
-8 7 2 34
-8 7 3 27
-8 7 4 26
-8 7 5 26
-7 7 -5 27
-7 7 -4 2
-7 7 -3 2
-7 7 -2 2
-7 7 -1 2
-7 7 0 2
-7 7 1 2
-7 7 2 2
-7 7 3 2
-7 7 4 2
-7 7 5 27
-6 7 -5 35
-6 7 -4 2
-6 7 -3 2
-6 7 -2 2
-6 7 -1 2
-6 7 0 2
-6 7 1 2
-6 7 2 2
-6 7 3 2
-6 7 4 2
-6 7 5 35
-5 7 -5 27
-5 7 -4 2
-5 7 -3 2
-5 7 -2 2
-5 7 -1 2
-5 7 0 2
-5 7 1 2
-5 7 2 2
-5 7 3 2
-5 7 4 2
-5 7 5 27
-4 7 -5 26
-4 7 -4 2
-4 7 -3 2
-4 7 -2 2
-4 7 -1 2
-4 7 0 36
-4 7 1 2
-4 7 2 2
-4 7 3 2
-4 7 4 2
-4 7 5 26
-3 7 -5 27
-3 7 -4 2
-3 7 -3 2
-3 7 -2 2
-3 7 -1 2
-3 7 0 36
-3 7 1 2
-3 7 2 2
-3 7 3 2
-3 7 4 2
-3 7 5 28
-2 7 -5 35
-2 7 -4 2
-2 7 -3 2
-2 7 -2 2
-2 7 -1 2
-2 7 0 36
-2 7 1 2
-2 7 2 2
-2 7 3 2
-2 7 4 2
-2 7 5 35
-1 7 -5 27
-1 7 -4 2
-1 7 -3 2
-1 7 -2 2
-1 7 -1 2
-1 7 0 36
-1 7 1 2
-1 7 2 2
-1 7 3 2
-1 7 4 2
-1 7 5 27
0 7 -5 26
0 7 -4 2
0 7 -3 2
0 7 -2 2
0 7 -1 2
0 7 0 36
0 7 1 2
0 7 2 2
0 7 3 2
0 7 4 2
0 7 5 26
1 7 -5 27
1 7 -4 2
1 7 -3 2
1 7 -2 2
1 7 -1 2
1 7 0 36
1 7 1 2
1 7 2 2
1 7 3 2
1 7 4 2
1 7 5 27
2 7 -5 35
2 7 -4 2
2 7 -3 2
2 7 -2 2
2 7 -1 2
2 7 0 36
2 7 1 2
2 7 2 2
2 7 3 2
2 7 4 2
2 7 5 35
3 7 -5 28
3 7 -4 2
3 7 -3 2
3 7 -2 2
3 7 -1 2
3 7 0 36
3 7 1 2
3 7 2 2
3 7 3 2
3 7 4 2
3 7 5 27
4 7 -5 26
4 7 -4 2
4 7 -3 2
4 7 -2 2
4 7 -1 2
4 7 0 36
4 7 1 2
4 7 2 2
4 7 3 2
4 7 4 2
4 7 5 26
5 7 -5 27
5 7 -4 2
5 7 -3 2
5 7 -2 2
5 7 -1 2
5 7 0 2
5 7 1 2
5 7 2 2
5 7 3 2
5 7 4 2
5 7 5 27
6 7 -5 35
6 7 -4 2
6 7 -3 2
6 7 -2 2
6 7 -1 2
6 7 0 2
6 7 1 2
6 7 2 2
6 7 3 2
6 7 4 2
6 7 5 35
7 7 -5 27
7 7 -4 2
7 7 -3 2
7 7 -2 2
7 7 -1 2
7 7 0 2
7 7 1 2
7 7 2 2
7 7 3 2
7 7 4 2
7 7 5 27
8 7 -5 26
8 7 -4 26
8 7 -3 27
8 7 -2 34
8 7 -1 28
8 7 0 26
8 7 1 27
8 7 2 34
8 7 3 27
8 7 4 26
8 7 5 26
-8 8 -5 26
-8 8 -4 26
-8 8 -3 27
-8 8 -2 34
-8 8 -1 27
-8 8 0 26
-8 8 1 27
-8 8 2 34
-8 8 3 27
-8 8 4 26
-8 8 5 26
-7 8 -5 27
-7 8 -4 2
-7 8 -3 2
-7 8 -2 2
-7 8 -1 2
-7 8 0 2
-7 8 1 2
-7 8 2 2
-7 8 3 2
-7 8 4 2
-7 8 5 27
-6 8 -5 35
-6 8 -4 2
-6 8 -3 2
-6 8 -2 2
-6 8 -1 2
-6 8 0 2
-6 8 1 2
-6 8 2 2
-6 8 3 2
-6 8 4 2
-6 8 5 35
-5 8 -5 27
-5 8 -4 2
-5 8 -3 2
-5 8 -2 2
-5 8 -1 2
-5 8 0 2
-5 8 1 2
-5 8 2 2
-5 8 3 2
-5 8 4 2
-5 8 5 27
-4 8 -5 26
-4 8 -4 2
-4 8 -3 2
-4 8 -2 2
-4 8 -1 2
-4 8 0 2
-4 8 1 2
-4 8 2 2
-4 8 3 2
-4 8 4 2
-4 8 5 26
-3 8 -5 27
-3 8 -4 2
-3 8 -3 2
-3 8 -2 2
-3 8 -1 2
-3 8 0 2
-3 8 1 2
-3 8 2 2
-3 8 3 2
-3 8 4 2
-3 8 5 27
-2 8 -5 35
-2 8 -4 2
-2 8 -3 2
-2 8 -2 2
-2 8 -1 2
-2 8 0 2
-2 8 1 2
-2 8 2 2
-2 8 3 2
-2 8 4 2
-2 8 5 35
-1 8 -5 27
-1 8 -4 2
-1 8 -3 2
-1 8 -2 2
-1 8 -1 2
-1 8 0 2
-1 8 1 2
-1 8 2 2
-1 8 3 2
-1 8 4 2
-1 8 5 27
0 8 -5 26
0 8 -4 2
0 8 -3 2
0 8 -2 2
0 8 -1 2
0 8 0 22
0 8 1 2
0 8 2 2
0 8 3 2
0 8 4 2
0 8 5 26
1 8 -5 27
1 8 -4 2
1 8 -3 2
1 8 -2 2
1 8 -1 2
1 8 0 2
1 8 1 2
1 8 2 2
1 8 3 2
1 8 4 2
1 8 5 27
2 8 -5 35
2 8 -4 2
2 8 -3 2
2 8 -2 2
2 8 -1 2
2 8 0 2
2 8 1 2
2 8 2 2
2 8 3 2
2 8 4 2
2 8 5 35
3 8 -5 27
3 8 -4 2
3 8 -3 2
3 8 -2 2
3 8 -1 2
3 8 0 2
3 8 1 2
3 8 2 2
3 8 3 2
3 8 4 2
3 8 5 27
4 8 -5 26
4 8 -4 2
4 8 -3 2
4 8 -2 2
4 8 -1 2
4 8 0 2
4 8 1 2
4 8 2 2
4 8 3 2
4 8 4 2
4 8 5 26
5 8 -5 27
5 8 -4 2
5 8 -3 2
5 8 -2 2
5 8 -1 2
5 8 0 2
5 8 1 2
5 8 2 2
5 8 3 2
5 8 4 2
5 8 5 27
6 8 -5 35
6 8 -4 2
6 8 -3 2
6 8 -2 2
6 8 -1 2
6 8 0 2
6 8 1 2
6 8 2 2
6 8 3 2
6 8 4 2
6 8 5 35
7 8 -5 27
7 8 -4 2
7 8 -3 2
7 8 -2 2
7 8 -1 2
7 8 0 2
7 8 1 2
7 8 2 2
7 8 3 2
7 8 4 2
7 8 5 27
8 8 -5 26
8 8 -4 26
8 8 -3 27
8 8 -2 34
8 8 -1 27
8 8 0 26
8 8 1 28
8 8 2 34
8 8 3 27
8 8 4 26
8 8 5 26
-9 9 -6 37
-9 9 -5 38
-9 9 -4 38
-9 9 -3 38
-9 9 -2 38
-9 9 -1 38
-9 9 0 38
-9 9 1 38
-9 9 2 38
-9 9 3 38
-9 9 4 38
-9 9 5 38
-9 9 6 39
-8 9 -6 40
-8 9 -5 26
-8 9 -4 24
-8 9 -3 24
-8 9 -2 24
-8 9 -1 24
-8 9 0 24
-8 9 1 24
-8 9 2 24
-8 9 3 24
-8 9 4 24
-8 9 5 26
-8 9 6 41
-7 9 -6 40
-7 9 -5 23
-7 9 -4 2
-7 9 -3 2
-7 9 -2 2
-7 9 -1 2
-7 9 0 2
-7 9 1 2
-7 9 2 2
-7 9 3 2
-7 9 4 2
-7 9 5 23
-7 9 6 41
-6 9 -6 40
-6 9 -5 23
-6 9 -4 2
-6 9 -3 2
-6 9 -2 2
-6 9 -1 2
-6 9 0 2
-6 9 1 2
-6 9 2 2
-6 9 3 2
-6 9 4 2
-6 9 5 23
-6 9 6 41
-5 9 -6 40
-5 9 -5 23
-5 9 -4 2
-5 9 -3 2
-5 9 -2 2
-5 9 -1 2
-5 9 0 2
-5 9 1 2
-5 9 2 2
-5 9 3 2
-5 9 4 2
-5 9 5 23
-5 9 6 41
-4 9 -6 40
-4 9 -5 23
-4 9 -4 2
-4 9 -3 2
-4 9 -2 2
-4 9 -1 2
-4 9 0 2
-4 9 1 2
-4 9 2 2
-4 9 3 2
-4 9 4 2
-4 9 5 23
-4 9 6 41
-3 9 -6 40
-3 9 -5 23
-3 9 -4 2
-3 9 -3 2
-3 9 -2 2
-3 9 -1 2
-3 9 0 2
-3 9 1 2
-3 9 2 2
-3 9 3 2
-3 9 4 2
-3 9 5 23
-3 9 6 41
-2 9 -6 40
-2 9 -5 23
-2 9 -4 2
-2 9 -3 2
-2 9 -2 2
-2 9 -1 2
-2 9 0 2
-2 9 1 2
-2 9 2 2
-2 9 3 2
-2 9 4 2
-2 9 5 23
-2 9 6 41
-1 9 -6 40
-1 9 -5 23
-1 9 -4 2
-1 9 -3 2
-1 9 -2 2
-1 9 -1 2
-1 9 0 2
-1 9 1 2
-1 9 2 2
-1 9 3 2
-1 9 4 2
-1 9 5 23
-1 9 6 41
0 9 -6 40
0 9 -5 23
0 9 -4 2
0 9 -3 2
0 9 -2 2
0 9 -1 2
0 9 0 2
0 9 1 2
0 9 2 2
0 9 3 2
0 9 4 2
0 9 5 23
0 9 6 41
1 9 -6 40
1 9 -5 23
1 9 -4 2
1 9 -3 2
1 9 -2 2
1 9 -1 2
1 9 0 2
1 9 1 2
1 9 2 2
1 9 3 2
1 9 4 2
1 9 5 23
1 9 6 41
2 9 -6 40
2 9 -5 23
2 9 -4 2
2 9 -3 2
2 9 -2 2
2 9 -1 2
2 9 0 2
2 9 1 2
2 9 2 2
2 9 3 2
2 9 4 2
2 9 5 23
2 9 6 41
3 9 -6 40
3 9 -5 23
3 9 -4 2
3 9 -3 2
3 9 -2 2
3 9 -1 2
3 9 0 2
3 9 1 2
3 9 2 2
3 9 3 2
3 9 4 2
3 9 5 23
3 9 6 41
4 9 -6 40
4 9 -5 23
4 9 -4 2
4 9 -3 2
4 9 -2 2
4 9 -1 2
4 9 0 2
4 9 1 2
4 9 2 2
4 9 3 2
4 9 4 2
4 9 5 23
4 9 6 41
5 9 -6 40
5 9 -5 23
5 9 -4 2
5 9 -3 2
5 9 -2 2
5 9 -1 2
5 9 0 2
5 9 1 2
5 9 2 2
5 9 3 2
5 9 4 2
5 9 5 23
5 9 6 41
6 9 -6 40
6 9 -5 23
6 9 -4 2
6 9 -3 2
6 9 -2 2
6 9 -1 2
6 9 0 2
6 9 1 2
6 9 2 2
6 9 3 2
6 9 4 2
6 9 5 23
6 9 6 41
7 9 -6 40
7 9 -5 23
7 9 -4 2
7 9 -3 2
7 9 -2 2
7 9 -1 2
7 9 0 2
7 9 1 2
7 9 2 2
7 9 3 2
7 9 4 2
7 9 5 23
7 9 6 41
8 9 -6 40
8 9 -5 26
8 9 -4 24
8 9 -3 24
8 9 -2 24
8 9 -1 24
8 9 0 24
8 9 1 24
8 9 2 24
8 9 3 24
8 9 4 24
8 9 5 26
8 9 6 41
9 9 -6 42
9 9 -5 43
9 9 -4 43
9 9 -3 43
9 9 -2 43
9 9 -1 43
9 9 0 43
9 9 1 43
9 9 2 43
9 9 3 43
9 9 4 43
9 9 5 43
9 9 6 44
-8 10 -5 37
-8 10 -4 38
-8 10 -3 38
-8 10 -2 38
-8 10 -1 38
-8 10 0 38
-8 10 1 38
-8 10 2 38
-8 10 3 38
-8 10 4 38
-8 10 5 39
-7 10 -5 40
-7 10 -4 2
-7 10 -3 2
-7 10 -2 2
-7 10 -1 2
-7 10 0 2
-7 10 1 2
-7 10 2 2
-7 10 3 2
-7 10 4 2
-7 10 5 41
-6 10 -5 40
-6 10 -4 2
-6 10 -3 2
-6 10 -2 2
-6 10 -1 2
-6 10 0 2
-6 10 1 2
-6 10 2 2
-6 10 3 2
-6 10 4 2
-6 10 5 41
-5 10 -5 40
-5 10 -4 2
-5 10 -3 2
-5 10 -2 2
-5 10 -1 2
-5 10 0 2
-5 10 1 2
-5 10 2 2
-5 10 3 2
-5 10 4 2
-5 10 5 41
-4 10 -5 40
-4 10 -4 2
-4 10 -3 2
-4 10 -2 2
-4 10 -1 2
-4 10 0 2
-4 10 1 2
-4 10 2 2
-4 10 3 2
-4 10 4 2
-4 10 5 41
-3 10 -5 40
-3 10 -4 2
-3 10 -3 2
-3 10 -2 2
-3 10 -1 2
-3 10 0 2
-3 10 1 2
-3 10 2 2
-3 10 3 2
-3 10 4 2
-3 10 5 41
-2 10 -5 40
-2 10 -4 2
-2 10 -3 2
-2 10 -2 2
-2 10 -1 2
-2 10 0 2
-2 10 1 2
-2 10 2 2
-2 10 3 2
-2 10 4 2
-2 10 5 41
-1 10 -5 40
-1 10 -4 2
-1 10 -3 2
-1 10 -2 2
-1 10 -1 2
-1 10 0 2
-1 10 1 2
-1 10 2 2
-1 10 3 2
-1 10 4 2
-1 10 5 41
0 10 -5 40
0 10 -4 2
0 10 -3 2
0 10 -2 2
0 10 -1 2
0 10 0 2
0 10 1 2
0 10 2 2
0 10 3 2
0 10 4 2
0 10 5 41
1 10 -5 40
1 10 -4 2
1 10 -3 2
1 10 -2 2
1 10 -1 2
1 10 0 2
1 10 1 2
1 10 2 2
1 10 3 2
1 10 4 2
1 10 5 41
2 10 -5 40
2 10 -4 2
2 10 -3 2
2 10 -2 2
2 10 -1 2
2 10 0 2
2 10 1 2
2 10 2 2
2 10 3 2
2 10 4 2
2 10 5 41
3 10 -5 40
3 10 -4 2
3 10 -3 2
3 10 -2 2
3 10 -1 2
3 10 0 2
3 10 1 2
3 10 2 2
3 10 3 2
3 10 4 2
3 10 5 41
4 10 -5 40
4 10 -4 2
4 10 -3 2
4 10 -2 2
4 10 -1 2
4 10 0 2
4 10 1 2
4 10 2 2
4 10 3 2
4 10 4 2
4 10 5 41
5 10 -5 40
5 10 -4 2
5 10 -3 2
5 10 -2 2
5 10 -1 2
5 10 0 2
5 10 1 2
5 10 2 2
5 10 3 2
5 10 4 2
5 10 5 41
6 10 -5 40
6 10 -4 2
6 10 -3 2
6 10 -2 2
6 10 -1 2
6 10 0 2
6 10 1 2
6 10 2 2
6 10 3 2
6 10 4 2
6 10 5 41
7 10 -5 40
7 10 -4 2
7 10 -3 2
7 10 -2 2
7 10 -1 2
7 10 0 2
7 10 1 2
7 10 2 2
7 10 3 2
7 10 4 2
7 10 5 41
8 10 -5 42
8 10 -4 43
8 10 -3 43
8 10 -2 43
8 10 -1 43
8 10 0 43
8 10 1 43
8 10 2 43
8 10 3 43
8 10 4 43
8 10 5 44
-7 11 -4 37
-7 11 -3 38
-7 11 -2 38
-7 11 -1 38
-7 11 0 38
-7 11 1 38
-7 11 2 38
-7 11 3 38
-7 11 4 39
-6 11 -4 40
-6 11 -3 2
-6 11 -2 2
-6 11 -1 2
-6 11 0 2
-6 11 1 2
-6 11 2 2
-6 11 3 2
-6 11 4 41
-5 11 -4 40
-5 11 -3 2
-5 11 -2 2
-5 11 -1 2
-5 11 0 2
-5 11 1 2
-5 11 2 2
-5 11 3 2
-5 11 4 41
-4 11 -4 40
-4 11 -3 2
-4 11 -2 2
-4 11 -1 2
-4 11 0 2
-4 11 1 2
-4 11 2 2
-4 11 3 2
-4 11 4 41
-3 11 -4 40
-3 11 -3 2
-3 11 -2 2
-3 11 -1 2
-3 11 0 2
-3 11 1 2
-3 11 2 2
-3 11 3 2
-3 11 4 41
-2 11 -4 40
-2 11 -3 2
-2 11 -2 2
-2 11 -1 2
-2 11 0 2
-2 11 1 2
-2 11 2 2
-2 11 3 2
-2 11 4 41
-1 11 -4 40
-1 11 -3 2
-1 11 -2 2
-1 11 -1 2
-1 11 0 2
-1 11 1 2
-1 11 2 2
-1 11 3 2
-1 11 4 41
0 11 -4 40
0 11 -3 2
0 11 -2 2
0 11 -1 2
0 11 0 2
0 11 1 2
0 11 2 2
0 11 3 2
0 11 4 41
1 11 -4 40
1 11 -3 2
1 11 -2 2
1 11 -1 2
1 11 0 2
1 11 1 2
1 11 2 2
1 11 3 2
1 11 4 41
2 11 -4 40
2 11 -3 2
2 11 -2 2
2 11 -1 2
2 11 0 2
2 11 1 2
2 11 2 2
2 11 3 2
2 11 4 41
3 11 -4 40
3 11 -3 2
3 11 -2 2
3 11 -1 2
3 11 0 2
3 11 1 2
3 11 2 2
3 11 3 2
3 11 4 41
4 11 -4 40
4 11 -3 2
4 11 -2 2
4 11 -1 2
4 11 0 2
4 11 1 2
4 11 2 2
4 11 3 2
4 11 4 41
5 11 -4 40
5 11 -3 2
5 11 -2 2
5 11 -1 2
5 11 0 2
5 11 1 2
5 11 2 2
5 11 3 2
5 11 4 41
6 11 -4 40
6 11 -3 2
6 11 -2 2
6 11 -1 2
6 11 0 2
6 11 1 2
6 11 2 2
6 11 3 2
6 11 4 41
7 11 -4 42
7 11 -3 43
7 11 -2 43
7 11 -1 43
7 11 0 43
7 11 1 43
7 11 2 43
7 11 3 43
7 11 4 44
-6 12 -3 37
-6 12 -2 38
-6 12 -1 38
-6 12 0 38
-6 12 1 38
-6 12 2 38
-6 12 3 39
-5 12 -3 40
-5 12 -2 2
-5 12 -1 2
-5 12 0 2
-5 12 1 2
-5 12 2 2
-5 12 3 41
-4 12 -3 40
-4 12 -2 2
-4 12 -1 2
-4 12 0 2
-4 12 1 2
-4 12 2 2
-4 12 3 41
-3 12 -3 40
-3 12 -2 2
-3 12 -1 2
-3 12 0 2
-3 12 1 2
-3 12 2 2
-3 12 3 41
-2 12 -3 40
-2 12 -2 2
-2 12 -1 2
-2 12 0 2
-2 12 1 2
-2 12 2 2
-2 12 3 41
-1 12 -3 40
-1 12 -2 2
-1 12 -1 2
-1 12 0 2
-1 12 1 2
-1 12 2 2
-1 12 3 41
0 12 -3 40
0 12 -2 2
0 12 -1 2
0 12 0 2
0 12 1 2
0 12 2 2
0 12 3 41
1 12 -3 40
1 12 -2 2
1 12 -1 2
1 12 0 2
1 12 1 2
1 12 2 2
1 12 3 41
2 12 -3 40
2 12 -2 2
2 12 -1 2
2 12 0 2
2 12 1 2
2 12 2 2
2 12 3 41
3 12 -3 40
3 12 -2 2
3 12 -1 2
3 12 0 2
3 12 1 2
3 12 2 2
3 12 3 41
4 12 -3 40
4 12 -2 2
4 12 -1 2
4 12 0 2
4 12 1 2
4 12 2 2
4 12 3 41
5 12 -3 40
5 12 -2 2
5 12 -1 2
5 12 0 2
5 12 1 2
5 12 2 2
5 12 3 41
6 12 -3 42
6 12 -2 43
6 12 -1 43
6 12 0 43
6 12 1 43
6 12 2 43
6 12 3 44
-5 13 -2 37
-5 13 -1 38
-5 13 0 38
-5 13 1 38
-5 13 2 39
-4 13 -2 40
-4 13 -1 2
-4 13 0 2
-4 13 1 2
-4 13 2 41
-3 13 -2 40
-3 13 -1 2
-3 13 0 2
-3 13 1 2
-3 13 2 41
-2 13 -2 40
-2 13 -1 2
-2 13 0 2
-2 13 1 2
-2 13 2 41
-1 13 -2 40
-1 13 -1 2
-1 13 0 2
-1 13 1 2
-1 13 2 41
0 13 -2 40
0 13 -1 2
0 13 0 2
0 13 1 2
0 13 2 41
1 13 -2 40
1 13 -1 2
1 13 0 2
1 13 1 2
1 13 2 41
2 13 -2 40
2 13 -1 2
2 13 0 2
2 13 1 2
2 13 2 41
3 13 -2 40
3 13 -1 2
3 13 0 2
3 13 1 2
3 13 2 41
4 13 -2 40
4 13 -1 2
4 13 0 2
4 13 1 2
4 13 2 41
5 13 -2 42
5 13 -1 43
5 13 0 43
5 13 1 43
5 13 2 44
-4 14 -1 37
-4 14 0 38
-4 14 1 39
-3 14 -1 40
-3 14 0 2
-3 14 1 41
-2 14 -1 40
-2 14 0 2
-2 14 1 41
-1 14 -1 40
-1 14 0 2
-1 14 1 41
0 14 -1 40
0 14 0 2
0 14 1 41
1 14 -1 40
1 14 0 2
1 14 1 41
2 14 -1 40
2 14 0 2
2 14 1 41
3 14 -1 40
3 14 0 2
3 14 1 41
4 14 -1 42
4 14 0 43
4 14 1 44
-3 15 0 45
-2 15 0 45
-1 15 0 45
0 15 0 45
1 15 0 45
2 15 0 45
3 15 0 45
