core 0 1 4
P minecraft:cobblestone
P minecraft:mossy_cobblestone
P minecraft:andesite
P minecraft:stone_bricks
P minecraft:polished_andesite
P minecraft:air
P minecraft:barrel[facing=up,open=false]
P minecraft:ladder[facing=south,waterlogged=false]
P minecraft:spruce_door[facing=north,half=lower,hinge=left,open=false,powered=false]
P minecraft:spruce_door[facing=north,half=upper,hinge=left,open=false,powered=false]
P minecraft:lantern[hanging=true,waterlogged=false]
P minecraft:spruce_planks
P minecraft:spruce_stairs[facing=east,half=top,shape=outer_right,waterlogged=false]
P minecraft:spruce_stairs[facing=east,half=top,shape=outer_left,waterlogged=false]
P minecraft:spruce_stairs[facing=south,half=top,shape=straight,waterlogged=false]
P minecraft:spruce_stairs[facing=north,half=top,shape=straight,waterlogged=false]
P minecraft:spruce_stairs[facing=west,half=top,shape=outer_left,waterlogged=false]
P minecraft:spruce_stairs[facing=west,half=top,shape=outer_right,waterlogged=false]
P minecraft:spruce_log[axis=y]
P minecraft:spruce_fence[east=false,north=true,south=true,waterlogged=false,west=false]
P minecraft:spruce_fence[east=true,north=false,south=false,waterlogged=false,west=true]
P minecraft:dark_oak_stairs[facing=east,half=bottom,shape=outer_right,waterlogged=false]
P minecraft:dark_oak_stairs[facing=east,half=bottom,shape=straight,waterlogged=false]
P minecraft:dark_oak_stairs[facing=east,half=bottom,shape=outer_left,waterlogged=false]
P minecraft:dark_oak_stairs[facing=south,half=bottom,shape=straight,waterlogged=false]
P minecraft:dark_oak_stairs[facing=north,half=bottom,shape=straight,waterlogged=false]
P minecraft:dark_oak_stairs[facing=south,half=bottom,shape=outer_right,waterlogged=false]
P minecraft:dark_oak_stairs[facing=west,half=bottom,shape=straight,waterlogged=false]
P minecraft:dark_oak_stairs[facing=west,half=bottom,shape=outer_right,waterlogged=false]
P minecraft:dark_oak_planks
P minecraft:dark_oak_fence[east=false,north=false,south=false,waterlogged=false,west=false]
-3 0 -3 0
-3 0 -2 0
-3 0 -1 1
-3 0 0 0
-3 0 1 2
-3 0 2 2
-3 0 3 0
-2 0 -3 0
-2 0 -2 0
-2 0 -1 3
-2 0 0 1
-2 0 1 0
-2 0 2 0
-2 0 3 0
-1 0 -3 0
-1 0 -2 0
-1 0 -1 1
-1 0 0 0
-1 0 1 0
-1 0 2 1
-1 0 3 2
0 0 -3 0
0 0 -2 1
0 0 -1 0
0 0 0 0
0 0 1 0
0 0 2 0
0 0 3 0
1 0 -3 2
1 0 -2 0
1 0 -1 0
1 0 0 3
1 0 1 1
1 0 2 0
1 0 3 0
2 0 -3 2
2 0 -2 0
2 0 -1 1
2 0 0 0
2 0 1 2
2 0 2 0
2 0 3 2
3 0 -3 0
3 0 -2 3
3 0 -1 2
3 0 0 0
3 0 1 1
3 0 2 2
3 0 3 0
-3 1 -3 4
-3 1 -2 1
-3 1 -1 3
-3 1 0 0
-3 1 1 0
-3 1 2 0
-3 1 3 4
-2 1 -3 2
-2 1 -2 5
-2 1 -1 5
-2 1 0 5
-2 1 1 5
-2 1 2 5
-2 1 3 3
-1 1 -3 2
-1 1 -2 5
-1 1 -1 5
-1 1 0 5
-1 1 1 5
-1 1 2 6
-1 1 3 1
0 1 -3 0
0 1 -2 7
0 1 -1 5
0 1 0 5
0 1 1 5
0 1 2 5
0 1 3 8
1 1 -3 1
1 1 -2 5
1 1 -1 5
1 1 0 5
1 1 1 5
1 1 2 5
1 1 3 2
2 1 -3 3
2 1 -2 5
2 1 -1 5
2 1 0 5
2 1 1 5
2 1 2 5
2 1 3 3
3 1 -3 4
3 1 -2 3
3 1 -1 0
3 1 0 0
3 1 1 3
3 1 2 2
3 1 3 4
-3 2 -3 4
-3 2 -2 0
-3 2 -1 3
-3 2 0 1
-3 2 1 0
-3 2 2 0
-3 2 3 4
-2 2 -3 3
-2 2 -2 5
-2 2 -1 5
-2 2 0 5
-2 2 1 5
-2 2 2 5
-2 2 3 0
-1 2 -3 0
-1 2 -2 5
-1 2 -1 5
-1 2 0 5
-1 2 1 5
-1 2 2 5
-1 2 3 0
0 2 -3 1
0 2 -2 7
0 2 -1 5
0 2 0 5
0 2 1 5
0 2 2 5
0 2 3 9
1 2 -3 0
1 2 -2 5
1 2 -1 5
1 2 0 5
1 2 1 5
1 2 2 5
1 2 3 0
2 2 -3 0
2 2 -2 5
2 2 -1 5
2 2 0 5
2 2 1 5
2 2 2 5
2 2 3 0
3 2 -3 4
3 2 -2 1
3 2 -1 0
3 2 0 3
3 2 1 3
3 2 2 0
3 2 3 4
-3 3 -3 4
-3 3 -2 0
-3 3 -1 3
-3 3 0 5
-3 3 1 3
-3 3 2 0
-3 3 3 4
-2 3 -3 0
-2 3 -2 5
-2 3 -1 5
-2 3 0 5
-2 3 1 5
-2 3 2 5
-2 3 3 3
-1 3 -3 0
-1 3 -2 5
-1 3 -1 5
-1 3 0 5
-1 3 1 5
-1 3 2 5
-1 3 3 1
0 3 -3 3
0 3 -2 7
0 3 -1 5
0 3 0 5
0 3 1 5
0 3 2 5
0 3 3 5
1 3 -3 1
1 3 -2 5
1 3 -1 5
1 3 0 5
1 3 1 10
1 3 2 5
1 3 3 0
2 3 -3 3
2 3 -2 5
2 3 -1 5
2 3 0 5
2 3 1 5
2 3 2 5
2 3 3 0
3 3 -3 4
3 3 -2 3
3 3 -1 3
3 3 0 5
3 3 1 3
3 3 2 1
3 3 3 4
-3 4 -3 4
-3 4 -2 0
-3 4 -1 0
-3 4 0 5
-3 4 1 0
-3 4 2 1
-3 4 3 4
-2 4 -3 0
-2 4 -2 11
-2 4 -1 11
-2 4 0 11
-2 4 1 11
-2 4 2 11
-2 4 3 1
-1 4 -3 3
-1 4 -2 11
-1 4 -1 11
-1 4 0 11
-1 4 1 11
-1 4 2 11
-1 4 3 0
0 4 -3 2
0 4 -2 7
0 4 -1 11
0 4 0 11
0 4 1 11
0 4 2 11
0 4 3 5
1 4 -3 0
1 4 -2 11
1 4 -1 11
1 4 0 11
1 4 1 11
1 4 2 11
1 4 3 3
2 4 -3 0
2 4 -2 11
2 4 -1 11
2 4 0 11
2 4 1 11
2 4 2 11
2 4 3 1
3 4 -3 4
3 4 -2 0
3 4 -1 0
3 4 0 5
3 4 1 0
3 4 2 0
3 4 3 4
-3 5 -3 4
-3 5 -2 3
-3 5 -1 2
-3 5 0 1
-3 5 1 0
-3 5 2 0
-3 5 3 4
-2 5 -3 0
-2 5 -2 5
-2 5 -1 5
-2 5 0 5
-2 5 1 5
-2 5 2 5
-2 5 3 0
-1 5 -3 1
-1 5 -2 5
-1 5 -1 5
-1 5 0 5
-1 5 1 5
-1 5 2 5
-1 5 3 0
0 5 -3 3
0 5 -2 7
0 5 -1 5
0 5 0 5
0 5 1 5
0 5 2 5
0 5 3 0
1 5 -3 0
1 5 -2 5
1 5 -1 5
1 5 0 5
1 5 1 5
1 5 2 5
1 5 3 1
2 5 -3 0
2 5 -2 5
2 5 -1 5
2 5 0 5
2 5 1 5
2 5 2 5
2 5 3 2
3 5 -3 4
3 5 -2 0
3 5 -1 0
3 5 0 3
3 5 1 2
3 5 2 0
3 5 3 4
-3 6 -3 4
-3 6 -2 0
-3 6 -1 0
-3 6 0 2
-3 6 1 2
-3 6 2 0
-3 6 3 4
-2 6 -3 0
-2 6 -2 5
-2 6 -1 5
-2 6 0 5
-2 6 1 5
-2 6 2 5
-2 6 3 0
-1 6 -3 3
-1 6 -2 5
-1 6 -1 5
-1 6 0 5
-1 6 1 5
-1 6 2 5
-1 6 3 0
0 6 -3 0
0 6 -2 7
0 6 -1 5
0 6 0 5
0 6 1 5
0 6 2 5
0 6 3 0
1 6 -3 0
1 6 -2 5
1 6 -1 5
1 6 0 5
1 6 1 5
1 6 2 5
1 6 3 3
2 6 -3 0
2 6 -2 5
2 6 -1 5
2 6 0 5
2 6 1 5
2 6 2 5
2 6 3 2
3 6 -3 4
3 6 -2 0
3 6 -1 2
3 6 0 0
3 6 1 0
3 6 2 0
3 6 3 4
-4 7 -4 12
-4 7 4 13
-3 7 -4 14
-3 7 -3 4
-3 7 -2 2
-3 7 -1 0
-3 7 0 0
-3 7 1 0
-3 7 2 1
-3 7 3 4
-3 7 4 15
-2 7 -4 14
-2 7 -3 3
-2 7 -2 5
-2 7 -1 5
-2 7 0 5
-2 7 1 5
-2 7 2 5
-2 7 3 3
-2 7 4 15
-1 7 -4 14
-1 7 -3 0
-1 7 -2 5
-1 7 -1 5
-1 7 0 5
-1 7 1 5
-1 7 2 5
-1 7 3 0
-1 7 4 15
0 7 -4 14
0 7 -3 1
0 7 -2 7
0 7 -1 5
0 7 0 5
0 7 1 5
0 7 2 5
0 7 3 0
0 7 4 15
1 7 -4 14
1 7 -3 0
1 7 -2 5
1 7 -1 5
1 7 0 5
1 7 1 5
1 7 2 5
1 7 3 0
1 7 4 15
2 7 -4 14
2 7 -3 3
2 7 -2 5
2 7 -1 5
2 7 0 5
2 7 1 5
2 7 2 5
2 7 3 3
2 7 4 15
3 7 -4 14
3 7 -3 4
3 7 -2 0
3 7 -1 0
3 7 0 1
3 7 1 0
3 7 2 3
3 7 3 4
3 7 4 15
4 7 -4 16
4 7 4 17
-4 8 -4 11
-4 8 -3 11
-4 8 -2 11
-4 8 -1 11
-4 8 0 11
-4 8 1 11
-4 8 2 11
-4 8 3 11
-4 8 4 11
-3 8 -4 11
-3 8 -3 11
-3 8 -2 11
-3 8 -1 11
-3 8 0 11
-3 8 1 11
-3 8 2 11
-3 8 3 11
-3 8 4 11
-2 8 -4 11
-2 8 -3 11
-2 8 -2 11
-2 8 -1 11
-2 8 0 11
-2 8 1 11
-2 8 2 11
-2 8 3 11
-2 8 4 11
-1 8 -4 11
-1 8 -3 11
-1 8 -2 11
-1 8 -1 11
-1 8 0 11
-1 8 1 11
-1 8 2 11
-1 8 3 11
-1 8 4 11
0 8 -4 11
0 8 -3 11
0 8 -2 7
0 8 -1 11
0 8 0 11
0 8 1 11
0 8 2 11
0 8 3 11
0 8 4 11
1 8 -4 11
1 8 -3 11
1 8 -2 11
1 8 -1 11
1 8 0 11
1 8 1 11
1 8 2 11
1 8 3 11
1 8 4 11
2 8 -4 11
2 8 -3 11
2 8 -2 11
2 8 -1 11
2 8 0 11
2 8 1 11
2 8 2 11
2 8 3 11
2 8 4 11
3 8 -4 11
3 8 -3 11
3 8 -2 11
3 8 -1 11
3 8 0 11
3 8 1 11
3 8 2 11
3 8 3 11
3 8 4 11
4 8 -4 11
4 8 -3 11
4 8 -2 11
4 8 -1 11
4 8 0 11
4 8 1 11
4 8 2 11
4 8 3 11
4 8 4 11
-4 9 -4 18
-4 9 -3 19
-4 9 -2 19
-4 9 -1 19
-4 9 0 19
-4 9 1 19
-4 9 2 19
-4 9 3 19
-4 9 4 18
-3 9 -4 20
-3 9 -3 5
-3 9 -2 5
-3 9 -1 5
-3 9 0 5
-3 9 1 5
-3 9 2 5
-3 9 3 5
-3 9 4 20
-2 9 -4 20
-2 9 -3 5
-2 9 -2 5
-2 9 -1 5
-2 9 0 5
-2 9 1 5
-2 9 2 5
-2 9 3 5
-2 9 4 20
-1 9 -4 20
-1 9 -3 5
-1 9 -2 5
-1 9 -1 5
-1 9 0 5
-1 9 1 5
-1 9 2 5
-1 9 3 5
-1 9 4 20
0 9 -4 20
0 9 -3 5
0 9 -2 5
0 9 -1 5
0 9 0 5
0 9 1 5
0 9 2 5
0 9 3 5
0 9 4 20
1 9 -4 20
1 9 -3 5
1 9 -2 5
1 9 -1 5
1 9 0 5
1 9 1 5
1 9 2 5
1 9 3 5
1 9 4 20
2 9 -4 20
2 9 -3 5
2 9 -2 5
2 9 -1 5
2 9 0 5
2 9 1 5
2 9 2 6
2 9 3 5
2 9 4 20
3 9 -4 20
3 9 -3 5
3 9 -2 5
3 9 -1 5
3 9 0 5
3 9 1 5
3 9 2 5
3 9 3 5
3 9 4 20
4 9 -4 18
4 9 -3 19
4 9 -2 19
4 9 -1 19
4 9 0 19
4 9 1 19
4 9 2 19
4 9 3 19
4 9 4 18
-4 10 -4 18
-4 10 -3 5
-4 10 -2 5
-4 10 -1 5
-4 10 0 5
-4 10 1 5
-4 10 2 5
-4 10 3 5
-4 10 4 18
-3 10 -4 5
-3 10 -3 5
-3 10 -2 5
-3 10 -1 5
-3 10 0 5
-3 10 1 5
-3 10 2 5
-3 10 3 5
-3 10 4 5
-2 10 -4 5
-2 10 -3 5
-2 10 -2 5
-2 10 -1 5
-2 10 0 5
-2 10 1 5
-2 10 2 5
-2 10 3 5
-2 10 4 5
-1 10 -4 5
-1 10 -3 5
-1 10 -2 5
-1 10 -1 5
-1 10 0 5
-1 10 1 5
-1 10 2 5
-1 10 3 5
-1 10 4 5
0 10 -4 5
0 10 -3 5
0 10 -2 5
0 10 -1 5
0 10 0 5
0 10 1 5
0 10 2 5
0 10 3 5
0 10 4 5
1 10 -4 5
1 10 -3 5
1 10 -2 5
1 10 -1 5
1 10 0 5
1 10 1 5
1 10 2 5
1 10 3 5
1 10 4 5
2 10 -4 5
2 10 -3 5
2 10 -2 5
2 10 -1 5
2 10 0 5
2 10 1 5
2 10 2 5
2 10 3 5
2 10 4 5
3 10 -4 5
3 10 -3 5
3 10 -2 5
3 10 -1 5
3 10 0 5
3 10 1 5
3 10 2 5
3 10 3 5
3 10 4 5
4 10 -4 18
4 10 -3 5
4 10 -2 5
4 10 -1 5
4 10 0 5
4 10 1 5
4 10 2 5
4 10 3 5
4 10 4 18
-4 11 -4 18
-4 11 -3 5
-4 11 -2 5
-4 11 -1 5
-4 11 0 5
-4 11 1 5
-4 11 2 5
-4 11 3 5
-4 11 4 18
-3 11 -4 5
-3 11 -3 5
-3 11 -2 5
-3 11 -1 5
-3 11 0 5
-3 11 1 5
-3 11 2 5
-3 11 3 5
-3 11 4 5
-2 11 -4 5
-2 11 -3 5
-2 11 -2 5
-2 11 -1 5
-2 11 0 5
-2 11 1 5
-2 11 2 5
-2 11 3 5
-2 11 4 5
-1 11 -4 5
-1 11 -3 5
-1 11 -2 5
-1 11 -1 5
-1 11 0 5
-1 11 1 5
-1 11 2 5
-1 11 3 5
-1 11 4 5
0 11 -4 5
0 11 -3 5
0 11 -2 5
0 11 -1 5
0 11 0 10
0 11 1 5
0 11 2 5
0 11 3 5
0 11 4 5
1 11 -4 5
1 11 -3 5
1 11 -2 5
1 11 -1 5
1 11 0 5
1 11 1 5
1 11 2 5
1 11 3 5
1 11 4 5
2 11 -4 5
2 11 -3 5
2 11 -2 5
2 11 -1 5
2 11 0 5
2 11 1 5
2 11 2 5
2 11 3 5
2 11 4 5
3 11 -4 5
3 11 -3 5
3 11 -2 5
3 11 -1 5
3 11 0 5
3 11 1 5
3 11 2 5
3 11 3 5
3 11 4 5
4 11 -4 18
4 11 -3 5
4 11 -2 5
4 11 -1 5
4 11 0 5
4 11 1 5
4 11 2 5
4 11 3 5
4 11 4 18
-5 12 -5 21
-5 12 -4 22
-5 12 -3 22
-5 12 -2 22
-5 12 -1 22
-5 12 0 22
-5 12 1 22
-5 12 2 22
-5 12 3 22
-5 12 4 22
-5 12 5 23
-4 12 -5 24
-4 12 5 25
-3 12 -5 24
-3 12 5 25
-2 12 -5 24
-2 12 5 25
-1 12 -5 24
-1 12 5 25
0 12 -5 24
0 12 5 25
1 12 -5 24
1 12 5 25
2 12 -5 24
2 12 5 25
3 12 -5 24
3 12 5 25
4 12 -5 24
4 12 5 25
5 12 -5 26
5 12 -4 27
5 12 -3 27
5 12 -2 27
5 12 -1 27
5 12 0 27
5 12 1 27
5 12 2 27
5 12 3 27
5 12 4 27
5 12 5 28
-4 13 -4 21
-4 13 -3 22
-4 13 -2 22
-4 13 -1 22
-4 13 0 22
-4 13 1 22
-4 13 2 22
-4 13 3 22
-4 13 4 23
-3 13 -4 24
-3 13 4 25
-2 13 -4 24
-2 13 4 25
-1 13 -4 24
-1 13 4 25
0 13 -4 24
0 13 4 25
1 13 -4 24
1 13 4 25
2 13 -4 24
2 13 4 25
3 13 -4 24
3 13 4 25
4 13 -4 26
4 13 -3 27
4 13 -2 27
4 13 -1 27
4 13 0 27
4 13 1 27
4 13 2 27
4 13 3 27
4 13 4 28
-3 14 -3 21
-3 14 -2 22
-3 14 -1 22
-3 14 0 22
-3 14 1 22
-3 14 2 22
-3 14 3 23
-2 14 -3 24
-2 14 3 25
-1 14 -3 24
-1 14 3 25
0 14 -3 24
0 14 3 25
1 14 -3 24
1 14 3 25
2 14 -3 24
2 14 3 25
3 14 -3 26
3 14 -2 27
3 14 -1 27
3 14 0 27
3 14 1 27
3 14 2 27
3 14 3 28
-2 15 -2 21
-2 15 -1 22
-2 15 0 22
-2 15 1 22
-2 15 2 23
-1 15 -2 24
-1 15 2 25
0 15 -2 24
0 15 2 25
1 15 -2 24
1 15 2 25
2 15 -2 26
2 15 -1 27
2 15 0 27
2 15 1 27
2 15 2 28
-1 16 -1 21
-1 16 0 22
-1 16 1 23
0 16 -1 24
0 16 1 25
1 16 -1 26
1 16 0 27
1 16 1 28
0 17 0 29
0 18 0 30
