core 0 1 7
P minecraft:cobblestone_stairs[facing=east,half=bottom,shape=straight,waterlogged=false]
P minecraft:cobblestone_stairs[facing=south,half=bottom,shape=straight,waterlogged=false]
P minecraft:stone_bricks
P minecraft:cracked_stone_bricks
P minecraft:cobblestone_stairs[facing=north,half=bottom,shape=straight,waterlogged=false]
P minecraft:spruce_planks
P minecraft:mossy_stone_bricks
P minecraft:cobblestone_stairs[facing=west,half=bottom,shape=straight,waterlogged=false]
P minecraft:spruce_stairs[facing=east,half=top,shape=straight,waterlogged=false]
P minecraft:bookshelf
P minecraft:air
P minecraft:spruce_stairs[facing=south,half=top,shape=straight,waterlogged=false]
P minecraft:dark_oak_stairs[facing=north,half=bottom,shape=straight,waterlogged=false]
P minecraft:dark_oak_slab[type=top,waterlogged=false]
P minecraft:spruce_stairs[facing=north,half=top,shape=straight,waterlogged=false]
P minecraft:dark_oak_planks
P minecraft:spruce_door[facing=north,half=lower,hinge=left,open=false,powered=false]
P minecraft:lectern[facing=west,has_book=false,powered=false]
P minecraft:spruce_stairs[facing=west,half=top,shape=straight,waterlogged=false]
P minecraft:spruce_trapdoor[facing=west,half=bottom,open=true,powered=false,waterlogged=false]
P minecraft:polished_andesite
P minecraft:glass_pane[east=false,north=true,south=true,waterlogged=false,west=false]
P minecraft:spruce_trapdoor[facing=north,half=bottom,open=true,powered=false,waterlogged=false]
P minecraft:spruce_trapdoor[facing=south,half=bottom,open=true,powered=false,waterlogged=false]
P minecraft:glass_pane[east=true,north=false,south=false,waterlogged=false,west=true]
P minecraft:candle[candles=3,lit=true,waterlogged=false]
P minecraft:spruce_door[facing=north,half=upper,hinge=left,open=false,powered=false]
P minecraft:lantern[hanging=true,waterlogged=false]
P minecraft:spruce_trapdoor[facing=east,half=bottom,open=true,powered=false,waterlogged=false]
P minecraft:spruce_slab[type=top,waterlogged=false]
P minecraft:dark_oak_fence[east=false,north=false,south=true,waterlogged=false,west=false]
P minecraft:dark_oak_fence[east=false,north=true,south=true,waterlogged=false,west=false]
P minecraft:dark_oak_fence[east=false,north=true,south=true,waterlogged=false,west=true]
P minecraft:dark_oak_fence[east=false,north=false,south=false,waterlogged=false,west=false]
P minecraft:dark_oak_fence[east=true,north=false,south=false,waterlogged=false,west=false]
P minecraft:dark_oak_fence[east=false,north=false,south=false,waterlogged=false,west=true]
P minecraft:dark_oak_fence[east=true,north=true,south=true,waterlogged=false,west=false]
P minecraft:chain[axis=y,waterlogged=false]
P minecraft:spruce_stairs[facing=south,half=bottom,shape=straight,waterlogged=false]
P minecraft:dark_oak_stairs[facing=south,half=bottom,shape=straight,waterlogged=false]
P minecraft:spruce_stairs[facing=north,half=bottom,shape=straight,waterlogged=false]
P minecraft:calcite
P minecraft:dark_oak_log[axis=y]
P minecraft:diorite
P minecraft:white_concrete
P minecraft:dark_oak_slab[type=bottom,waterlogged=false]
-7 0 -6 0
-7 0 -5 0
-7 0 -4 0
-7 0 -3 0
-7 0 -2 0
-7 0 -1 0
-7 0 0 0
-7 0 1 0
-7 0 2 0
-7 0 3 0
-7 0 4 0
-7 0 5 0
-7 0 6 0
-6 0 -7 1
-6 0 -6 2
-6 0 -5 2
-6 0 -4 2
-6 0 -3 2
-6 0 -2 2
-6 0 -1 2
-6 0 0 2
-6 0 1 3
-6 0 2 2
-6 0 3 3
-6 0 4 2
-6 0 5 2
-6 0 6 2
-6 0 7 4
-5 0 -7 1
-5 0 -6 2
-5 0 -5 5
-5 0 -4 5
-5 0 -3 5
-5 0 -2 5
-5 0 -1 5
-5 0 0 5
-5 0 1 5
-5 0 2 5
-5 0 3 5
-5 0 4 5
-5 0 5 5
-5 0 6 2
-5 0 7 4
-4 0 -7 1
-4 0 -6 2
-4 0 -5 5
-4 0 -4 5
-4 0 -3 5
-4 0 -2 5
-4 0 -1 5
-4 0 0 5
-4 0 1 5
-4 0 2 5
-4 0 3 5
-4 0 4 5
-4 0 5 5
-4 0 6 2
-4 0 7 4
-3 0 -7 1
-3 0 -6 2
-3 0 -5 5
-3 0 -4 5
-3 0 -3 5
-3 0 -2 5
-3 0 -1 5
-3 0 0 5
-3 0 1 5
-3 0 2 5
-3 0 3 5
-3 0 4 5
-3 0 5 5
-3 0 6 2
-3 0 7 4
-2 0 -7 1
-2 0 -6 2
-2 0 -5 5
-2 0 -4 5
-2 0 -3 5
-2 0 -2 5
-2 0 -1 5
-2 0 0 5
-2 0 1 5
-2 0 2 5
-2 0 3 5
-2 0 4 5
-2 0 5 5
-2 0 6 2
-2 0 7 4
-1 0 -7 1
-1 0 -6 2
-1 0 -5 5
-1 0 -4 5
-1 0 -3 5
-1 0 -2 5
-1 0 -1 5
-1 0 0 5
-1 0 1 5
-1 0 2 5
-1 0 3 5
-1 0 4 5
-1 0 5 5
-1 0 6 2
-1 0 7 4
0 0 -7 1
0 0 -6 2
0 0 -5 5
0 0 -4 5
0 0 -3 5
0 0 -2 5
0 0 -1 5
0 0 0 5
0 0 1 5
0 0 2 5
0 0 3 5
0 0 4 5
0 0 5 5
0 0 6 2
1 0 -7 1
1 0 -6 2
1 0 -5 5
1 0 -4 5
1 0 -3 5
1 0 -2 5
1 0 -1 5
1 0 0 5
1 0 1 5
1 0 2 5
1 0 3 5
1 0 4 5
1 0 5 5
1 0 6 2
1 0 7 4
2 0 -7 1
2 0 -6 2
2 0 -5 5
2 0 -4 5
2 0 -3 5
2 0 -2 5
2 0 -1 5
2 0 0 5
2 0 1 5
2 0 2 5
2 0 3 5
2 0 4 5
2 0 5 5
2 0 6 2
2 0 7 4
3 0 -7 1
3 0 -6 2
3 0 -5 5
3 0 -4 5
3 0 -3 5
3 0 -2 5
3 0 -1 5
3 0 0 5
3 0 1 5
3 0 2 5
3 0 3 5
3 0 4 5
3 0 5 5
3 0 6 2
3 0 7 4
4 0 -7 1
4 0 -6 2
4 0 -5 5
4 0 -4 5
4 0 -3 5
4 0 -2 5
4 0 -1 5
4 0 0 5
4 0 1 5
4 0 2 5
4 0 3 5
4 0 4 5
4 0 5 5
4 0 6 6
4 0 7 4
5 0 -7 1
5 0 -6 3
5 0 -5 5
5 0 -4 5
5 0 -3 5
5 0 -2 5
5 0 -1 5
5 0 0 5
5 0 1 5
5 0 2 5
5 0 3 5
5 0 4 5
5 0 5 5
5 0 6 2
5 0 7 4
6 0 -7 1
6 0 -6 2
6 0 -5 2
6 0 -4 2
6 0 -3 3
6 0 -2 2
6 0 -1 2
6 0 0 6
6 0 1 2
6 0 2 2
6 0 3 6
6 0 4 6
6 0 5 2
6 0 6 2
6 0 7 4
7 0 -6 7
7 0 -5 7
7 0 -4 7
7 0 -3 7
7 0 -2 7
7 0 -1 7
7 0 0 7
7 0 1 7
7 0 2 7
7 0 3 7
7 0 4 7
7 0 5 7
7 0 6 7
-7 1 -2 8
-7 1 2 8
-6 1 -6 2
-6 1 -5 2
-6 1 -4 2
-6 1 -3 2
-6 1 -2 2
-6 1 -1 2
-6 1 0 2
-6 1 1 2
-6 1 2 2
-6 1 3 2
-6 1 4 2
-6 1 5 3
-6 1 6 2
-5 1 -6 2
-5 1 -5 9
-5 1 -4 9
-5 1 -3 9
-5 1 -2 9
-5 1 -1 9
-5 1 0 9
-5 1 1 9
-5 1 2 9
-5 1 3 9
-5 1 4 9
-5 1 5 9
-5 1 6 2
-4 1 -6 3
-4 1 -5 9
-4 1 -4 10
-4 1 -3 10
-4 1 -2 10
-4 1 -1 10
-4 1 0 10
-4 1 1 10
-4 1 2 10
-4 1 3 10
-4 1 4 10
-4 1 5 9
-4 1 6 2
-3 1 -6 2
-3 1 -5 9
-3 1 -4 10
-3 1 -3 10
-3 1 -2 10
-3 1 -1 10
-3 1 0 10
-3 1 1 10
-3 1 2 10
-3 1 3 10
-3 1 4 10
-3 1 5 9
-3 1 6 2
-2 1 -7 11
-2 1 -6 6
-2 1 -5 9
-2 1 -4 10
-2 1 -3 10
-2 1 -2 10
-2 1 -1 10
-2 1 0 10
-2 1 1 10
-2 1 2 12
-2 1 3 13
-2 1 4 10
-2 1 5 9
-2 1 6 2
-2 1 7 14
-1 1 -6 2
-1 1 -5 9
-1 1 -4 10
-1 1 -3 10
-1 1 -2 15
-1 1 -1 15
-1 1 0 15
-1 1 1 12
-1 1 2 10
-1 1 3 10
-1 1 4 10
-1 1 5 10
-1 1 6 2
0 1 -6 2
0 1 -5 9
0 1 -4 10
0 1 -3 10
0 1 -2 15
0 1 -1 15
0 1 0 15
0 1 1 12
0 1 2 10
0 1 3 10
0 1 4 10
0 1 5 10
0 1 6 16
1 1 -6 2
1 1 -5 9
1 1 -4 10
1 1 -3 10
1 1 -2 10
1 1 -1 10
1 1 0 10
1 1 1 10
1 1 2 10
1 1 3 10
1 1 4 10
1 1 5 10
1 1 6 2
2 1 -7 11
2 1 -6 2
2 1 -5 9
2 1 -4 10
2 1 -3 10
2 1 -2 10
2 1 -1 10
2 1 0 10
2 1 1 10
2 1 2 17
2 1 3 13
2 1 4 10
2 1 5 9
2 1 6 6
2 1 7 14
3 1 -6 2
3 1 -5 9
3 1 -4 10
3 1 -3 10
3 1 -2 10
3 1 -1 10
3 1 0 10
3 1 1 10
3 1 2 10
3 1 3 10
3 1 4 10
3 1 5 9
3 1 6 2
4 1 -6 2
4 1 -5 9
4 1 -4 10
4 1 -3 10
4 1 -2 10
4 1 -1 10
4 1 0 10
4 1 1 10
4 1 2 10
4 1 3 10
4 1 4 10
4 1 5 9
4 1 6 2
5 1 -6 6
5 1 -5 9
5 1 -4 9
5 1 -3 9
5 1 -2 9
5 1 -1 9
5 1 0 9
5 1 1 9
5 1 2 9
5 1 3 9
5 1 4 9
5 1 5 9
5 1 6 3
6 1 -6 2
6 1 -5 3
6 1 -4 2
6 1 -3 2
6 1 -2 2
6 1 -1 6
6 1 0 2
6 1 1 6
6 1 2 2
6 1 3 2
6 1 4 2
6 1 5 2
6 1 6 2
7 1 -2 18
7 1 2 18
-7 2 -3 19
-7 2 -1 19
-7 2 1 19
-7 2 3 19
-6 2 -6 20
-6 2 -5 2
-6 2 -4 2
-6 2 -3 2
-6 2 -2 21
-6 2 -1 6
-6 2 0 2
-6 2 1 2
-6 2 2 21
-6 2 3 2
-6 2 4 2
-6 2 5 3
-6 2 6 20
-5 2 -6 3
-5 2 -5 9
-5 2 -4 9
-5 2 -3 9
-5 2 -2 10
-5 2 -1 9
-5 2 0 9
-5 2 1 9
-5 2 2 10
-5 2 3 9
-5 2 4 9
-5 2 5 9
-5 2 6 2
-4 2 -6 6
-4 2 -5 9
-4 2 -4 10
-4 2 -3 10
-4 2 -2 10
-4 2 -1 10
-4 2 0 10
-4 2 1 10
-4 2 2 10
-4 2 3 10
-4 2 4 10
-4 2 5 9
-4 2 6 2
-3 2 -7 22
-3 2 -6 2
-3 2 -5 9
-3 2 -4 10
-3 2 -3 10
-3 2 -2 10
-3 2 -1 10
-3 2 0 10
-3 2 1 10
-3 2 2 10
-3 2 3 10
-3 2 4 10
-3 2 5 9
-3 2 6 3
-3 2 7 23
-2 2 -6 24
-2 2 -5 10
-2 2 -4 10
-2 2 -3 10
-2 2 -2 10
-2 2 -1 10
-2 2 0 10
-2 2 1 10
-2 2 2 10
-2 2 3 25
-2 2 4 10
-2 2 5 10
-2 2 6 24
-1 2 -7 22
-1 2 -6 2
-1 2 -5 9
-1 2 -4 10
-1 2 -3 10
-1 2 -2 15
-1 2 -1 15
-1 2 0 12
-1 2 1 10
-1 2 2 10
-1 2 3 10
-1 2 4 10
-1 2 5 10
-1 2 6 2
-1 2 7 23
0 2 -6 2
0 2 -5 9
0 2 -4 10
0 2 -3 10
0 2 -2 15
0 2 -1 15
0 2 0 12
0 2 1 10
0 2 2 10
0 2 3 10
0 2 4 10
0 2 5 10
0 2 6 26
1 2 -7 22
1 2 -6 6
1 2 -5 9
1 2 -4 10
1 2 -3 10
1 2 -2 10
1 2 -1 10
1 2 0 10
1 2 1 10
1 2 2 10
1 2 3 10
1 2 4 10
1 2 5 10
1 2 6 2
1 2 7 27
2 2 -6 24
2 2 -5 10
2 2 -4 10
2 2 -3 10
2 2 -2 10
2 2 -1 10
2 2 0 10
2 2 1 10
2 2 2 10
2 2 3 25
2 2 4 10
2 2 5 10
2 2 6 24
3 2 -7 22
3 2 -6 2
3 2 -5 9
3 2 -4 10
3 2 -3 10
3 2 -2 10
3 2 -1 10
3 2 0 10
3 2 1 10
3 2 2 10
3 2 3 10
3 2 4 10
3 2 5 9
3 2 6 2
3 2 7 23
4 2 -6 2
4 2 -5 9
4 2 -4 10
4 2 -3 10
4 2 -2 10
4 2 -1 10
4 2 0 10
4 2 1 10
4 2 2 10
4 2 3 10
4 2 4 10
4 2 5 9
4 2 6 2
5 2 -6 2
5 2 -5 9
5 2 -4 9
5 2 -3 9
5 2 -2 10
5 2 -1 9
5 2 0 9
5 2 1 9
5 2 2 10
5 2 3 9
5 2 4 9
5 2 5 9
5 2 6 2
6 2 -6 20
6 2 -5 6
6 2 -4 3
6 2 -3 2
6 2 -2 21
6 2 -1 2
6 2 0 2
6 2 1 2
6 2 2 21
6 2 3 2
6 2 4 2
6 2 5 6
6 2 6 20
7 2 -3 28
7 2 -1 28
7 2 1 28
7 2 3 28
-7 3 -3 19
-7 3 -1 19
-7 3 1 19
-7 3 3 19
-6 3 -6 2
-6 3 -5 2
-6 3 -4 6
-6 3 -3 6
-6 3 -2 21
-6 3 -1 6
-6 3 0 2
-6 3 1 3
-6 3 2 21
-6 3 3 2
-6 3 4 2
-6 3 5 2
-6 3 6 6
-5 3 -6 2
-5 3 -5 9
-5 3 -4 9
-5 3 -3 9
-5 3 -2 10
-5 3 -1 9
-5 3 0 9
-5 3 1 9
-5 3 2 10
-5 3 3 9
-5 3 4 9
-5 3 5 9
-5 3 6 2
-4 3 -6 2
-4 3 -5 9
-4 3 -4 10
-4 3 -3 10
-4 3 -2 10
-4 3 -1 10
-4 3 0 10
-4 3 1 10
-4 3 2 10
-4 3 3 10
-4 3 4 10
-4 3 5 9
-4 3 6 2
-3 3 -7 22
-3 3 -6 2
-3 3 -5 9
-3 3 -4 10
-3 3 -3 10
-3 3 -2 10
-3 3 -1 10
-3 3 0 10
-3 3 1 10
-3 3 2 10
-3 3 3 10
-3 3 4 10
-3 3 5 9
-3 3 6 3
-3 3 7 23
-2 3 -6 24
-2 3 -5 10
-2 3 -4 10
-2 3 -3 10
-2 3 -2 10
-2 3 -1 10
-2 3 0 10
-2 3 1 10
-2 3 2 10
-2 3 3 10
-2 3 4 10
-2 3 5 10
-2 3 6 24
-1 3 -7 22
-1 3 -6 2
-1 3 -5 9
-1 3 -4 10
-1 3 -3 10
-1 3 -2 15
-1 3 -1 12
-1 3 0 10
-1 3 1 10
-1 3 2 10
-1 3 3 10
-1 3 4 10
-1 3 5 10
-1 3 6 2
-1 3 7 14
0 3 -6 3
0 3 -5 9
0 3 -4 10
0 3 -3 10
0 3 -2 15
0 3 -1 12
0 3 0 10
0 3 1 10
0 3 2 10
0 3 3 10
0 3 4 10
0 3 5 10
0 3 6 20
0 3 7 29
1 3 -7 22
1 3 -6 2
1 3 -5 9
1 3 -4 10
1 3 -3 10
1 3 -2 10
1 3 -1 10
1 3 0 10
1 3 1 10
1 3 2 10
1 3 3 10
1 3 4 10
1 3 5 10
1 3 6 2
1 3 7 14
2 3 -6 24
2 3 -5 10
2 3 -4 10
2 3 -3 10
2 3 -2 10
2 3 -1 10
2 3 0 10
2 3 1 10
2 3 2 10
2 3 3 10
2 3 4 10
2 3 5 10
2 3 6 24
3 3 -7 22
3 3 -6 3
3 3 -5 9
3 3 -4 10
3 3 -3 10
3 3 -2 10
3 3 -1 27
3 3 0 10
3 3 1 10
3 3 2 10
3 3 3 27
3 3 4 10
3 3 5 9
3 3 6 2
3 3 7 23
4 3 -6 2
4 3 -5 9
4 3 -4 10
4 3 -3 10
4 3 -2 10
4 3 -1 10
4 3 0 10
4 3 1 10
4 3 2 10
4 3 3 10
4 3 4 10
4 3 5 9
4 3 6 2
5 3 -6 2
5 3 -5 9
5 3 -4 9
5 3 -3 9
5 3 -2 10
5 3 -1 9
5 3 0 9
5 3 1 9
5 3 2 10
5 3 3 9
5 3 4 9
5 3 5 9
5 3 6 2
6 3 -6 6
6 3 -5 6
6 3 -4 2
6 3 -3 3
6 3 -2 21
6 3 -1 2
6 3 0 2
6 3 1 2
6 3 2 21
6 3 3 2
6 3 4 2
6 3 5 2
6 3 6 2
7 3 -3 28
7 3 -1 28
7 3 1 28
7 3 3 28
-6 4 -6 20
-6 4 -5 2
-6 4 -4 2
-6 4 -3 6
-6 4 -2 6
-6 4 -1 2
-6 4 0 2
-6 4 1 2
-6 4 2 2
-6 4 3 6
-6 4 4 2
-6 4 5 2
-6 4 6 20
-5 4 -6 2
-5 4 -5 15
-5 4 -4 15
-5 4 -3 15
-5 4 -2 15
-5 4 -1 15
-5 4 0 15
-5 4 1 15
-5 4 2 15
-5 4 3 15
-5 4 4 15
-5 4 5 15
-5 4 6 2
-4 4 -6 2
-4 4 -5 15
-4 4 -4 15
-4 4 -3 15
-4 4 -2 15
-4 4 -1 15
-4 4 0 15
-4 4 1 15
-4 4 2 15
-4 4 3 15
-4 4 4 15
-4 4 5 15
-4 4 6 2
-3 4 -6 2
-3 4 -5 15
-3 4 -4 15
-3 4 -3 15
-3 4 -2 15
-3 4 -1 15
-3 4 0 15
-3 4 1 15
-3 4 2 15
-3 4 3 15
-3 4 4 15
-3 4 5 15
-3 4 6 3
-2 4 -6 2
-2 4 -5 15
-2 4 -4 15
-2 4 -3 15
-2 4 -2 10
-2 4 -1 10
-2 4 0 10
-2 4 1 10
-2 4 2 10
-2 4 3 10
-2 4 4 10
-2 4 5 10
-2 4 6 3
-1 4 -6 6
-1 4 -5 15
-1 4 -4 15
-1 4 -3 15
-1 4 -2 12
-1 4 -1 10
-1 4 0 10
-1 4 1 10
-1 4 2 10
-1 4 3 10
-1 4 4 10
-1 4 5 10
-1 4 6 2
0 4 -6 2
0 4 -5 15
0 4 -4 15
0 4 -3 15
0 4 -2 12
0 4 -1 10
0 4 0 10
0 4 1 10
0 4 2 10
0 4 3 10
0 4 4 10
0 4 5 10
0 4 6 2
1 4 -6 2
1 4 -5 15
1 4 -4 15
1 4 -3 15
1 4 -2 10
1 4 -1 10
1 4 0 10
1 4 1 10
1 4 2 10
1 4 3 10
1 4 4 10
1 4 5 10
1 4 6 3
2 4 -6 3
2 4 -5 15
2 4 -4 15
2 4 -3 15
2 4 -2 10
2 4 -1 10
2 4 0 10
2 4 1 10
2 4 2 10
2 4 3 10
2 4 4 10
2 4 5 10
2 4 6 2
3 4 -6 3
3 4 -5 15
3 4 -4 15
3 4 -3 15
3 4 -2 15
3 4 -1 15
3 4 0 15
3 4 1 15
3 4 2 15
3 4 3 15
3 4 4 15
3 4 5 15
3 4 6 2
4 4 -6 2
4 4 -5 15
4 4 -4 15
4 4 -3 15
4 4 -2 15
4 4 -1 15
4 4 0 15
4 4 1 15
4 4 2 15
4 4 3 15
4 4 4 15
4 4 5 15
4 4 6 6
5 4 -6 6
5 4 -5 15
5 4 -4 15
5 4 -3 15
5 4 -2 15
5 4 -1 15
5 4 0 15
5 4 1 15
5 4 2 15
5 4 3 15
5 4 4 15
5 4 5 15
5 4 6 2
6 4 -6 20
6 4 -5 2
6 4 -4 3
6 4 -3 2
6 4 -2 2
6 4 -1 2
6 4 0 2
6 4 1 3
6 4 2 6
6 4 3 2
6 4 4 6
6 4 5 2
6 4 6 20
-6 5 -6 2
-6 5 -5 6
-6 5 -4 3
-6 5 -3 3
-6 5 -2 21
-6 5 -1 3
-6 5 0 2
-6 5 1 3
-6 5 2 21
-6 5 3 6
-6 5 4 2
-6 5 5 2
-6 5 6 2
-5 5 -6 2
-5 5 -5 9
-5 5 -4 9
-5 5 -3 9
-5 5 -2 10
-5 5 -1 9
-5 5 0 9
-5 5 1 9
-5 5 2 10
-5 5 3 9
-5 5 4 9
-5 5 5 9
-5 5 6 2
-4 5 -6 2
-4 5 -5 9
-4 5 -4 10
-4 5 -3 10
-4 5 -2 10
-4 5 -1 10
-4 5 0 10
-4 5 1 10
-4 5 2 10
-4 5 3 10
-4 5 4 10
-4 5 5 9
-4 5 6 2
-3 5 -6 2
-3 5 -5 9
-3 5 -4 10
-3 5 -3 10
-3 5 -2 30
-3 5 -1 31
-3 5 0 31
-3 5 1 31
-3 5 2 31
-3 5 3 31
-3 5 4 31
-3 5 5 32
-3 5 6 2
-2 5 -6 24
-2 5 -5 10
-2 5 -4 10
-2 5 -3 33
-2 5 -2 10
-2 5 -1 10
-2 5 0 10
-2 5 1 10
-2 5 2 10
-2 5 3 10
-2 5 4 10
-2 5 5 10
-2 5 6 24
-1 5 -6 2
-1 5 -5 9
-1 5 -4 10
-1 5 -3 10
-1 5 -2 10
-1 5 -1 10
-1 5 0 10
-1 5 1 10
-1 5 2 10
-1 5 3 10
-1 5 4 10
-1 5 5 10
-1 5 6 6
0 5 -6 2
0 5 -5 9
0 5 -4 10
0 5 -3 10
0 5 -2 10
0 5 -1 10
0 5 0 10
0 5 1 10
0 5 2 10
0 5 3 27
0 5 4 10
0 5 5 10
0 5 6 2
1 5 -6 2
1 5 -5 9
1 5 -4 10
1 5 -3 34
1 5 -2 10
1 5 -1 10
1 5 0 10
1 5 1 10
1 5 2 10
1 5 3 10
1 5 4 10
1 5 5 10
1 5 6 2
2 5 -6 24
2 5 -5 10
2 5 -4 10
2 5 -3 35
2 5 -2 10
2 5 -1 10
2 5 0 10
2 5 1 10
2 5 2 10
2 5 3 10
2 5 4 10
2 5 5 10
2 5 6 24
3 5 -6 3
3 5 -5 9
3 5 -4 10
3 5 -3 10
3 5 -2 30
3 5 -1 31
3 5 0 31
3 5 1 31
3 5 2 31
3 5 3 31
3 5 4 31
3 5 5 36
3 5 6 3
4 5 -6 2
4 5 -5 9
4 5 -4 10
4 5 -3 10
4 5 -2 10
4 5 -1 10
4 5 0 10
4 5 1 10
4 5 2 10
4 5 3 10
4 5 4 10
4 5 5 9
4 5 6 6
5 5 -6 2
5 5 -5 9
5 5 -4 9
5 5 -3 9
5 5 -2 10
5 5 -1 9
5 5 0 9
5 5 1 9
5 5 2 10
5 5 3 9
5 5 4 9
5 5 5 9
5 5 6 3
6 5 -6 2
6 5 -5 3
6 5 -4 2
6 5 -3 2
6 5 -2 21
6 5 -1 3
6 5 0 2
6 5 1 2
6 5 2 21
6 5 3 3
6 5 4 2
6 5 5 2
6 5 6 2
-6 6 -6 20
-6 6 -5 2
-6 6 -4 3
-6 6 -3 2
-6 6 -2 21
-6 6 -1 2
-6 6 0 3
-6 6 1 2
-6 6 2 21
-6 6 3 2
-6 6 4 2
-6 6 5 6
-6 6 6 20
-5 6 -6 2
-5 6 -5 9
-5 6 -4 9
-5 6 -3 9
-5 6 -2 10
-5 6 -1 9
-5 6 0 9
-5 6 1 9
-5 6 2 10
-5 6 3 9
-5 6 4 9
-5 6 5 9
-5 6 6 2
-4 6 -6 6
-4 6 -5 9
-4 6 -4 10
-4 6 -3 10
-4 6 -2 10
-4 6 -1 10
-4 6 0 10
-4 6 1 10
-4 6 2 10
-4 6 3 10
-4 6 4 10
-4 6 5 9
-4 6 6 2
-3 6 -6 3
-3 6 -5 9
-3 6 -4 10
-3 6 -3 10
-3 6 -2 10
-3 6 -1 10
-3 6 0 10
-3 6 1 10
-3 6 2 10
-3 6 3 10
-3 6 4 10
-3 6 5 10
-3 6 6 2
-2 6 -6 24
-2 6 -5 10
-2 6 -4 10
-2 6 -3 10
-2 6 -2 10
-2 6 -1 10
-2 6 0 10
-2 6 1 10
-2 6 2 10
-2 6 3 10
-2 6 4 10
-2 6 5 10
-2 6 6 24
-1 6 -6 2
-1 6 -5 9
-1 6 -4 10
-1 6 -3 10
-1 6 -2 10
-1 6 -1 10
-1 6 0 10
-1 6 1 10
-1 6 2 10
-1 6 3 10
-1 6 4 10
-1 6 5 10
-1 6 6 2
0 6 -6 2
0 6 -5 9
0 6 -4 10
0 6 -3 10
0 6 -2 10
0 6 -1 10
0 6 0 10
0 6 1 10
0 6 2 10
0 6 3 37
0 6 4 10
0 6 5 10
0 6 6 6
1 6 -6 2
1 6 -5 9
1 6 -4 10
1 6 -3 10
1 6 -2 10
1 6 -1 10
1 6 0 10
1 6 1 10
1 6 2 10
1 6 3 10
1 6 4 10
1 6 5 10
1 6 6 2
2 6 -6 24
2 6 -5 10
2 6 -4 10
2 6 -3 10
2 6 -2 10
2 6 -1 10
2 6 0 10
2 6 1 10
2 6 2 10
2 6 3 10
2 6 4 10
2 6 5 10
2 6 6 24
3 6 -6 2
3 6 -5 9
3 6 -4 10
3 6 -3 10
3 6 -2 10
3 6 -1 10
3 6 0 10
3 6 1 10
3 6 2 10
3 6 3 10
3 6 4 10
3 6 5 10
3 6 6 2
4 6 -6 6
4 6 -5 9
4 6 -4 10
4 6 -3 10
4 6 -2 10
4 6 -1 10
4 6 0 10
4 6 1 10
4 6 2 10
4 6 3 10
4 6 4 10
4 6 5 9
4 6 6 2
5 6 -6 2
5 6 -5 9
5 6 -4 9
5 6 -3 9
5 6 -2 10
5 6 -1 9
5 6 0 9
5 6 1 9
5 6 2 10
5 6 3 9
5 6 4 9
5 6 5 9
5 6 6 2
6 6 -6 20
6 6 -5 2
6 6 -4 3
6 6 -3 3
6 6 -2 21
6 6 -1 2
6 6 0 3
6 6 1 2
6 6 2 21
6 6 3 2
6 6 4 2
6 6 5 2
6 6 6 20
-6 7 -6 2
-6 7 -5 2
-6 7 -4 2
-6 7 -3 2
-6 7 -2 2
-6 7 -1 2
-6 7 0 2
-6 7 1 6
-6 7 2 6
-6 7 3 2
-6 7 4 2
-6 7 5 2
-6 7 6 6
-5 7 -6 3
-5 7 -5 9
-5 7 -4 9
-5 7 -3 9
-5 7 -2 9
-5 7 -1 9
-5 7 0 9
-5 7 1 9
-5 7 2 9
-5 7 3 9
-5 7 4 9
-5 7 5 9
-5 7 6 2
-4 7 -6 2
-4 7 -5 9
-4 7 -4 10
-4 7 -3 10
-4 7 -2 10
-4 7 -1 10
-4 7 0 10
-4 7 1 10
-4 7 2 10
-4 7 3 10
-4 7 4 10
-4 7 5 9
-4 7 6 3
-3 7 -6 2
-3 7 -5 9
-3 7 -4 10
-3 7 -3 10
-3 7 -2 10
-3 7 -1 10
-3 7 0 10
-3 7 1 10
-3 7 2 10
-3 7 3 10
-3 7 4 10
-3 7 5 10
-3 7 6 2
-2 7 -6 6
-2 7 -5 9
-2 7 -4 10
-2 7 -3 10
-2 7 -2 10
-2 7 -1 10
-2 7 0 10
-2 7 1 10
-2 7 2 10
-2 7 3 10
-2 7 4 10
-2 7 5 10
-2 7 6 2
-1 7 -6 2
-1 7 -5 9
-1 7 -4 10
-1 7 -3 10
-1 7 -2 10
-1 7 -1 10
-1 7 0 10
-1 7 1 10
-1 7 2 10
-1 7 3 10
-1 7 4 10
-1 7 5 10
-1 7 6 2
0 7 -6 2
0 7 -5 9
0 7 -4 10
0 7 -3 10
0 7 -2 10
0 7 -1 10
0 7 0 27
0 7 1 10
0 7 2 10
0 7 3 37
0 7 4 10
0 7 5 10
0 7 6 3
1 7 -6 6
1 7 -5 9
1 7 -4 10
1 7 -3 10
1 7 -2 10
1 7 -1 10
1 7 0 10
1 7 1 10
1 7 2 10
1 7 3 10
1 7 4 10
1 7 5 10
1 7 6 2
2 7 -6 2
2 7 -5 9
2 7 -4 10
2 7 -3 10
2 7 -2 10
2 7 -1 10
2 7 0 10
2 7 1 10
2 7 2 10
2 7 3 10
2 7 4 10
2 7 5 10
2 7 6 6
3 7 -6 2
3 7 -5 9
3 7 -4 10
3 7 -3 10
3 7 -2 10
3 7 -1 10
3 7 0 10
3 7 1 10
3 7 2 10
3 7 3 10
3 7 4 10
3 7 5 10
3 7 6 3
4 7 -6 2
4 7 -5 9
4 7 -4 10
4 7 -3 10
4 7 -2 10
4 7 -1 10
4 7 0 10
4 7 1 10
4 7 2 10
4 7 3 10
4 7 4 10
4 7 5 9
4 7 6 2
5 7 -6 2
5 7 -5 9
5 7 -4 9
5 7 -3 9
5 7 -2 9
5 7 -1 9
5 7 0 9
5 7 1 9
5 7 2 9
5 7 3 9
5 7 4 9
5 7 5 9
5 7 6 2
6 7 -6 6
6 7 -5 2
6 7 -4 2
6 7 -3 2
6 7 -2 6
6 7 -1 2
6 7 0 2
6 7 1 2
6 7 2 2
6 7 3 2
6 7 4 3
6 7 5 6
6 7 6 2
-7 8 -7 38
-7 8 7 12
-6 8 -7 39
-6 8 -6 20
-6 8 -5 6
-6 8 -4 2
-6 8 -3 3
-6 8 -2 2
-6 8 -1 2
-6 8 0 6
-6 8 1 6
-6 8 2 6
-6 8 3 2
-6 8 4 2
-6 8 5 2
-6 8 6 20
-6 8 7 12
-5 8 -7 39
-5 8 -6 6
-5 8 6 3
-5 8 7 12
-4 8 -7 39
-4 8 -6 2
-4 8 6 2
-4 8 7 12
-3 8 -7 39
-3 8 -6 2
-3 8 6 2
-3 8 7 12
-2 8 -7 39
-2 8 -6 3
-2 8 6 3
-2 8 7 12
-1 8 -7 38
-1 8 -6 2
-1 8 6 2
-1 8 7 12
0 8 -7 39
0 8 -6 6
0 8 6 2
0 8 7 12
1 8 -7 39
1 8 -6 2
1 8 6 2
1 8 7 40
2 8 -7 38
2 8 -6 3
2 8 6 3
2 8 7 12
3 8 -7 39
3 8 -6 2
3 8 6 2
3 8 7 12
4 8 -7 39
4 8 -6 3
4 8 6 3
4 8 7 12
5 8 -7 39
5 8 -6 2
5 8 6 2
5 8 7 12
6 8 -7 38
6 8 -6 20
6 8 -5 6
6 8 -4 2
6 8 -3 2
6 8 -2 6
6 8 -1 2
6 8 0 2
6 8 1 6
6 8 2 2
6 8 3 2
6 8 4 6
6 8 5 2
6 8 6 20
6 8 7 40
7 8 -7 39
7 8 7 40
-7 9 -6 39
-7 9 6 12
-6 9 -6 38
-6 9 -5 41
-6 9 -4 42
-6 9 -3 41
-6 9 -2 41
-6 9 -1 41
-6 9 0 42
-6 9 1 41
-6 9 2 43
-6 9 3 41
-6 9 4 42
-6 9 5 41
-6 9 6 12
-5 9 -6 39
-5 9 -5 10
-5 9 -4 10
-5 9 -3 10
-5 9 -2 10
-5 9 -1 10
-5 9 0 10
-5 9 1 10
-5 9 2 10
-5 9 3 10
-5 9 4 10
-5 9 5 10
-5 9 6 40
-4 9 -6 39
-4 9 -5 10
-4 9 -4 10
-4 9 -3 10
-4 9 -2 10
-4 9 -1 10
-4 9 0 10
-4 9 1 10
-4 9 2 10
-4 9 3 10
-4 9 4 10
-4 9 5 10
-4 9 6 12
-3 9 -6 39
-3 9 -5 10
-3 9 -4 10
-3 9 -3 10
-3 9 -2 10
-3 9 -1 10
-3 9 0 10
-3 9 1 10
-3 9 2 10
-3 9 3 10
-3 9 4 10
-3 9 5 10
-3 9 6 40
-2 9 -6 39
-2 9 -5 10
-2 9 -4 10
-2 9 -3 10
-2 9 -2 10
-2 9 -1 10
-2 9 0 10
-2 9 1 10
-2 9 2 10
-2 9 3 10
-2 9 4 10
-2 9 5 10
-2 9 6 12
-1 9 -6 39
-1 9 -5 10
-1 9 -4 10
-1 9 -3 10
-1 9 -2 10
-1 9 -1 10
-1 9 0 10
-1 9 1 10
-1 9 2 10
-1 9 3 10
-1 9 4 10
-1 9 5 10
-1 9 6 12
0 9 -6 39
0 9 -5 10
0 9 -4 10
0 9 -3 10
0 9 -2 10
0 9 -1 10
0 9 0 10
0 9 1 10
0 9 2 10
0 9 3 10
0 9 4 10
0 9 5 10
0 9 6 40
1 9 -6 39
1 9 -5 10
1 9 -4 10
1 9 -3 10
1 9 -2 10
1 9 -1 10
1 9 0 10
1 9 1 10
1 9 2 10
1 9 3 10
1 9 4 10
1 9 5 10
1 9 6 12
2 9 -6 39
2 9 -5 10
2 9 -4 10
2 9 -3 10
2 9 -2 10
2 9 -1 10
2 9 0 10
2 9 1 10
2 9 2 10
2 9 3 10
2 9 4 10
2 9 5 10
2 9 6 12
3 9 -6 39
3 9 -5 10
3 9 -4 10
3 9 -3 10
3 9 -2 10
3 9 -1 10
3 9 0 10
3 9 1 10
3 9 2 10
3 9 3 10
3 9 4 10
3 9 5 10
3 9 6 40
4 9 -6 39
4 9 -5 10
4 9 -4 10
4 9 -3 10
4 9 -2 10
4 9 -1 10
4 9 0 10
4 9 1 10
4 9 2 10
4 9 3 10
4 9 4 10
4 9 5 10
4 9 6 12
5 9 -6 39
5 9 -5 10
5 9 -4 10
5 9 -3 10
5 9 -2 10
5 9 -1 10
5 9 0 10
5 9 1 10
5 9 2 10
5 9 3 10
5 9 4 10
5 9 5 10
5 9 6 12
6 9 -6 39
6 9 -5 44
6 9 -4 42
6 9 -3 41
6 9 -2 43
6 9 -1 41
6 9 0 42
6 9 1 44
6 9 2 41
6 9 3 41
6 9 4 42
6 9 5 41
6 9 6 40
7 9 -6 39
7 9 6 12
-7 10 -5 38
-7 10 5 12
-6 10 -5 39
-6 10 -4 42
-6 10 -3 41
-6 10 -2 44
-6 10 -1 41
-6 10 0 42
-6 10 1 41
-6 10 2 41
-6 10 3 44
-6 10 4 42
-6 10 5 40
-5 10 -5 39
-5 10 -4 10
-5 10 -3 10
-5 10 -2 10
-5 10 -1 10
-5 10 0 10
-5 10 1 10
-5 10 2 10
-5 10 3 10
-5 10 4 10
-5 10 5 12
-4 10 -5 39
-4 10 -4 10
-4 10 -3 10
-4 10 -2 10
-4 10 -1 10
-4 10 0 10
-4 10 1 10
-4 10 2 10
-4 10 3 10
-4 10 4 10
-4 10 5 12
-3 10 -5 39
-3 10 -4 10
-3 10 -3 10
-3 10 -2 10
-3 10 -1 10
-3 10 0 10
-3 10 1 10
-3 10 2 10
-3 10 3 10
-3 10 4 10
-3 10 5 12
-2 10 -5 39
-2 10 -4 10
-2 10 -3 10
-2 10 -2 10
-2 10 -1 10
-2 10 0 10
-2 10 1 10
-2 10 2 10
-2 10 3 10
-2 10 4 10
-2 10 5 12
-1 10 -5 39
-1 10 -4 10
-1 10 -3 10
-1 10 -2 10
-1 10 -1 10
-1 10 0 10
-1 10 1 10
-1 10 2 10
-1 10 3 10
-1 10 4 10
-1 10 5 12
0 10 -5 39
0 10 -4 10
0 10 -3 10
0 10 -2 10
0 10 -1 10
0 10 0 10
0 10 1 10
0 10 2 10
0 10 3 10
0 10 4 10
0 10 5 40
1 10 -5 39
1 10 -4 10
1 10 -3 10
1 10 -2 10
1 10 -1 10
1 10 0 10
1 10 1 10
1 10 2 10
1 10 3 10
1 10 4 10
1 10 5 12
2 10 -5 38
2 10 -4 10
2 10 -3 10
2 10 -2 10
2 10 -1 10
2 10 0 10
2 10 1 10
2 10 2 10
2 10 3 10
2 10 4 10
2 10 5 12
3 10 -5 39
3 10 -4 10
3 10 -3 10
3 10 -2 10
3 10 -1 10
3 10 0 10
3 10 1 10
3 10 2 10
3 10 3 10
3 10 4 10
3 10 5 12
4 10 -5 39
4 10 -4 10
4 10 -3 10
4 10 -2 10
4 10 -1 10
4 10 0 10
4 10 1 10
4 10 2 10
4 10 3 10
4 10 4 10
4 10 5 40
5 10 -5 39
5 10 -4 10
5 10 -3 10
5 10 -2 10
5 10 -1 10
5 10 0 10
5 10 1 10
5 10 2 10
5 10 3 10
5 10 4 10
5 10 5 12
6 10 -5 39
6 10 -4 42
6 10 -3 41
6 10 -2 41
6 10 -1 41
6 10 0 42
6 10 1 43
6 10 2 44
6 10 3 44
6 10 4 42
6 10 5 12
7 10 -5 39
7 10 5 40
-7 11 -4 39
-7 11 4 12
-6 11 -4 39
-6 11 -3 43
-6 11 -2 41
-6 11 -1 41
-6 11 0 42
-6 11 1 44
-6 11 2 44
-6 11 3 41
-6 11 4 12
-5 11 -4 39
-5 11 -3 10
-5 11 -2 10
-5 11 -1 10
-5 11 0 10
-5 11 1 10
-5 11 2 10
-5 11 3 10
-5 11 4 12
-4 11 -4 39
-4 11 -3 10
-4 11 -2 10
-4 11 -1 10
-4 11 0 10
-4 11 1 10
-4 11 2 10
-4 11 3 10
-4 11 4 12
-3 11 -4 39
-3 11 -3 10
-3 11 -2 10
-3 11 -1 10
-3 11 0 10
-3 11 1 10
-3 11 2 10
-3 11 3 10
-3 11 4 40
-2 11 -4 38
-2 11 -3 10
-2 11 -2 10
-2 11 -1 10
-2 11 0 10
-2 11 1 10
-2 11 2 10
-2 11 3 10
-2 11 4 12
-1 11 -4 39
-1 11 -3 10
-1 11 -2 10
-1 11 -1 10
-1 11 0 10
-1 11 1 10
-1 11 2 10
-1 11 3 10
-1 11 4 12
0 11 -4 39
0 11 -3 10
0 11 -2 10
0 11 -1 10
0 11 0 10
0 11 1 10
0 11 2 10
0 11 3 10
0 11 4 12
1 11 -4 38
1 11 -3 10
1 11 -2 10
1 11 -1 10
1 11 0 10
1 11 1 10
1 11 2 10
1 11 3 10
1 11 4 40
2 11 -4 39
2 11 -3 10
2 11 -2 10
2 11 -1 10
2 11 0 10
2 11 1 10
2 11 2 10
2 11 3 10
2 11 4 12
3 11 -4 39
3 11 -3 10
3 11 -2 10
3 11 -1 10
3 11 0 10
3 11 1 10
3 11 2 10
3 11 3 10
3 11 4 12
4 11 -4 39
4 11 -3 10
4 11 -2 10
4 11 -1 10
4 11 0 10
4 11 1 10
4 11 2 10
4 11 3 10
4 11 4 12
5 11 -4 39
5 11 -3 10
5 11 -2 10
5 11 -1 10
5 11 0 10
5 11 1 10
5 11 2 10
5 11 3 10
5 11 4 12
6 11 -4 39
6 11 -3 41
6 11 -2 44
6 11 -1 43
6 11 0 42
6 11 1 41
6 11 2 41
6 11 3 44
6 11 4 12
7 11 -4 39
7 11 4 12
-7 12 -3 39
-7 12 3 12
-6 12 -3 39
-6 12 -2 41
-6 12 -1 41
-6 12 0 42
-6 12 1 41
-6 12 2 44
-6 12 3 12
-5 12 -3 39
-5 12 -2 10
-5 12 -1 10
-5 12 0 10
-5 12 1 10
-5 12 2 10
-5 12 3 12
-4 12 -3 38
-4 12 -2 10
-4 12 -1 10
-4 12 0 10
-4 12 1 10
-4 12 2 10
-4 12 3 12
-3 12 -3 39
-3 12 -2 10
-3 12 -1 10
-3 12 0 10
-3 12 1 10
-3 12 2 10
-3 12 3 12
-2 12 -3 38
-2 12 -2 10
-2 12 -1 10
-2 12 0 10
-2 12 1 10
-2 12 2 10
-2 12 3 12
-1 12 -3 39
-1 12 -2 10
-1 12 -1 10
-1 12 0 10
-1 12 1 10
-1 12 2 10
-1 12 3 12
0 12 -3 39
0 12 -2 10
0 12 -1 10
0 12 0 10
0 12 1 10
0 12 2 10
0 12 3 12
1 12 -3 39
1 12 -2 10
1 12 -1 10
1 12 0 10
1 12 1 10
1 12 2 10
1 12 3 12
2 12 -3 39
2 12 -2 10
2 12 -1 10
2 12 0 10
2 12 1 10
2 12 2 10
2 12 3 12
3 12 -3 39
3 12 -2 10
3 12 -1 10
3 12 0 10
3 12 1 10
3 12 2 10
3 12 3 12
4 12 -3 39
4 12 -2 10
4 12 -1 10
4 12 0 10
4 12 1 10
4 12 2 10
4 12 3 12
5 12 -3 39
5 12 -2 10
5 12 -1 10
5 12 0 10
5 12 1 10
5 12 2 10
5 12 3 12
6 12 -3 39
6 12 -2 44
6 12 -1 41
6 12 0 42
6 12 1 43
6 12 2 41
6 12 3 12
7 12 -3 39
7 12 3 12
-7 13 -2 39
-7 13 2 12
-6 13 -2 39
-6 13 -1 41
-6 13 0 21
-6 13 1 41
-6 13 2 40
-5 13 -2 39
-5 13 -1 10
-5 13 0 10
-5 13 1 10
-5 13 2 12
-4 13 -2 39
-4 13 -1 10
-4 13 0 10
-4 13 1 10
-4 13 2 12
-3 13 -2 39
-3 13 -1 10
-3 13 0 10
-3 13 1 10
-3 13 2 12
-2 13 -2 39
-2 13 -1 10
-2 13 0 10
-2 13 1 10
-2 13 2 12
-1 13 -2 39
-1 13 -1 10
-1 13 0 10
-1 13 1 10
-1 13 2 12
0 13 -2 39
0 13 -1 10
0 13 0 10
0 13 1 10
0 13 2 12
1 13 -2 39
1 13 -1 10
1 13 0 10
1 13 1 10
1 13 2 12
2 13 -2 39
2 13 -1 10
2 13 0 10
2 13 1 10
2 13 2 12
3 13 -2 39
3 13 -1 10
3 13 0 10
3 13 1 10
3 13 2 12
4 13 -2 39
4 13 -1 10
4 13 0 10
4 13 1 10
4 13 2 12
5 13 -2 39
5 13 -1 10
5 13 0 10
5 13 1 10
5 13 2 12
6 13 -2 38
6 13 -1 41
6 13 0 21
6 13 1 41
6 13 2 12
7 13 -2 39
7 13 2 12
-7 14 -1 39
-7 14 0 5
-7 14 1 12
-6 14 -1 38
-6 14 0 42
-6 14 1 12
-5 14 -1 39
-5 14 0 5
-5 14 1 12
-4 14 -1 39
-4 14 0 5
-4 14 1 12
-3 14 -1 39
-3 14 0 5
-3 14 1 12
-2 14 -1 39
-2 14 0 5
-2 14 1 12
-1 14 -1 39
-1 14 0 5
-1 14 1 12
0 14 -1 38
0 14 0 5
0 14 1 12
1 14 -1 39
1 14 0 5
1 14 1 12
2 14 -1 39
2 14 0 5
2 14 1 12
3 14 -1 39
3 14 0 5
3 14 1 12
4 14 -1 39
4 14 0 5
4 14 1 12
5 14 -1 39
5 14 0 5
5 14 1 12
6 14 -1 39
6 14 0 42
6 14 1 12
7 14 -1 39
7 14 0 5
7 14 1 12
-7 15 0 45
-6 15 0 45
-5 15 0 45
-4 15 0 45
-3 15 0 45
-2 15 0 45
-1 15 0 45
0 15 0 45
1 15 0 45
2 15 0 45
3 15 0 45
4 15 0 45
5 15 0 45
6 15 0 45
7 15 0 45
