core 0 1 4
P minecraft:cobblestone_stairs[facing=east,half=bottom,shape=straight,waterlogged=false]
P minecraft:cobblestone_stairs[facing=south,half=bottom,shape=straight,waterlogged=false]
P minecraft:andesite
P minecraft:mossy_cobblestone
P minecraft:stone
P minecraft:cobblestone
P minecraft:cobblestone_stairs[facing=north,half=bottom,shape=straight,waterlogged=false]
P minecraft:spruce_planks
P minecraft:cobblestone_stairs[facing=west,half=bottom,shape=straight,waterlogged=false]
P minecraft:spruce_stairs[facing=east,half=top,shape=straight,waterlogged=false]
P minecraft:water_cauldron[level=3]
P minecraft:air
P minecraft:crafting_table
P minecraft:spruce_stairs[facing=south,half=top,shape=straight,waterlogged=false]
P minecraft:barrel[facing=up,open=false]
P minecraft:spruce_log[axis=y]
P minecraft:bricks
P minecraft:campfire[facing=east,lit=true,signal_fire=false,waterlogged=false]
P minecraft:spruce_stairs[facing=west,half=bottom,shape=straight,waterlogged=false]
P minecraft:cartography_table
P minecraft:bookshelf
P minecraft:chest[facing=west,type=single,waterlogged=false]
P minecraft:furnace[facing=west,lit=false]
P minecraft:spruce_stairs[facing=west,half=top,shape=straight,waterlogged=false]
P minecraft:spruce_trapdoor[facing=west,half=bottom,open=true,powered=false,waterlogged=false]
P minecraft:stone_bricks
P minecraft:glass_pane[east=false,north=true,south=true,waterlogged=false,west=false]
P minecraft:spruce_trapdoor[facing=north,half=bottom,open=true,powered=false,waterlogged=false]
P minecraft:glass_pane[east=true,north=false,south=false,waterlogged=false,west=true]
P minecraft:potted_fern
P minecraft:spruce_trapdoor[facing=east,half=bottom,open=true,powered=false,waterlogged=false]
P minecraft:brick_stairs[facing=north,half=top,shape=straight,waterlogged=false]
P minecraft:spruce_log[axis=x]
P minecraft:lantern[hanging=true,waterlogged=false]
P minecraft:spruce_stairs[facing=north,half=top,shape=straight,waterlogged=false]
P minecraft:stripped_spruce_log[axis=x]
P minecraft:spruce_log[axis=z]
P minecraft:white_wool
P minecraft:light_blue_wool
P minecraft:mushroom_stem
P minecraft:calcite
P minecraft:chest[facing=east,type=single,waterlogged=false]
P minecraft:light_blue_carpet
P minecraft:spruce_fence[east=true,north=false,south=false,waterlogged=false,west=false]
P minecraft:spruce_fence[east=true,north=true,south=false,waterlogged=false,west=true]
P minecraft:spruce_fence[east=false,north=false,south=false,waterlogged=false,west=true]
P minecraft:spruce_fence[east=false,north=false,south=true,waterlogged=false,west=false]
P minecraft:spruce_fence[east=false,north=true,south=false,waterlogged=false,west=false]
P minecraft:light_blue_bed[facing=east,occupied=false,part=foot]
P minecraft:light_blue_bed[facing=east,occupied=false,part=head]
P minecraft:spruce_trapdoor[facing=south,half=bottom,open=true,powered=false,waterlogged=false]
P minecraft:dark_oak_stairs[facing=south,half=bottom,shape=straight,waterlogged=false]
P minecraft:dark_oak_stairs[facing=north,half=bottom,shape=straight,waterlogged=false]
P minecraft:mud_brick_stairs[facing=south,half=bottom,shape=straight,waterlogged=false]
P minecraft:mud_brick_stairs[facing=north,half=bottom,shape=straight,waterlogged=false]
P minecraft:dark_oak_slab[type=bottom,waterlogged=false]
-5 0 -4 0
-5 0 -3 0
-5 0 -2 0
-5 0 -1 0
-5 0 0 0
-5 0 1 0
-5 0 2 0
-5 0 3 0
-4 0 -5 1
-4 0 -4 2
-4 0 -3 3
-4 0 -2 4
-4 0 -1 5
-4 0 0 5
-4 0 1 3
-4 0 2 2
-4 0 3 5
-4 0 4 6
-3 0 -5 1
-3 0 -4 5
-3 0 -3 7
-3 0 -2 7
-3 0 -1 7
-3 0 0 7
-3 0 1 7
-3 0 2 7
-3 0 3 4
-3 0 4 6
-2 0 -5 1
-2 0 -4 5
-2 0 -3 7
-2 0 -2 7
-2 0 -1 7
-2 0 0 7
-2 0 1 7
-2 0 2 7
-2 0 3 3
-2 0 4 6
-1 0 -5 1
-1 0 -4 5
-1 0 -3 7
-1 0 -2 7
-1 0 -1 7
-1 0 0 7
-1 0 1 7
-1 0 2 7
-1 0 3 3
-1 0 4 6
0 0 -5 1
0 0 -4 5
0 0 -3 7
0 0 -2 7
0 0 -1 7
0 0 0 7
0 0 1 7
0 0 2 7
0 0 3 2
1 0 -5 1
1 0 -4 5
1 0 -3 7
1 0 -2 7
1 0 -1 7
1 0 0 7
1 0 1 7
1 0 2 7
1 0 3 3
1 0 4 6
2 0 -5 1
2 0 -4 5
2 0 -3 7
2 0 -2 7
2 0 -1 7
2 0 0 7
2 0 1 7
2 0 2 7
2 0 3 4
2 0 4 6
3 0 -5 1
3 0 -4 5
3 0 -3 7
3 0 -2 7
3 0 -1 7
3 0 0 7
3 0 1 7
3 0 2 7
3 0 3 5
3 0 4 6
4 0 -5 1
4 0 -4 2
4 0 -3 5
4 0 -2 5
4 0 -1 4
4 0 0 2
4 0 1 5
4 0 2 5
4 0 3 2
4 0 4 6
5 0 -4 8
5 0 -3 8
5 0 -2 8
5 0 -1 8
5 0 0 8
5 0 1 8
5 0 2 8
5 0 3 8
-5 1 -2 9
-4 1 -4 5
-4 1 -3 5
-4 1 -2 5
-4 1 -1 5
-4 1 0 5
-4 1 1 5
-4 1 2 5
-4 1 3 5
-3 1 -4 5
-3 1 -3 10
-3 1 -2 11
-3 1 -1 11
-3 1 0 11
-3 1 1 12
-3 1 2 11
-3 1 3 3
-2 1 -5 13
-2 1 -4 5
-2 1 -3 14
-2 1 -2 11
-2 1 -1 11
-2 1 0 7
-2 1 1 7
-2 1 2 11
-2 1 3 15
-1 1 -4 5
-1 1 -3 16
-1 1 -2 11
-1 1 -1 11
-1 1 0 7
-1 1 1 7
-1 1 2 11
-1 1 3 11
0 1 -4 16
0 1 -3 17
0 1 -2 11
0 1 -1 11
0 1 0 7
0 1 1 7
0 1 2 11
0 1 3 11
1 1 -4 5
1 1 -3 16
1 1 -2 11
1 1 -1 11
1 1 0 18
1 1 1 18
1 1 2 11
1 1 3 11
2 1 -5 13
2 1 -4 5
2 1 -3 19
2 1 -2 11
2 1 -1 11
2 1 0 11
2 1 1 11
2 1 2 11
2 1 3 15
3 1 -4 5
3 1 -3 20
3 1 -2 21
3 1 -1 14
3 1 0 22
3 1 1 11
3 1 2 11
3 1 3 2
4 1 -4 5
4 1 -3 2
4 1 -2 3
4 1 -1 5
4 1 0 4
4 1 1 3
4 1 2 3
4 1 3 2
5 1 -2 23
-5 2 -3 24
-5 2 -1 24
-4 2 -4 25
-4 2 -3 3
-4 2 -2 26
-4 2 -1 5
-4 2 0 5
-4 2 1 3
-4 2 2 5
-4 2 3 25
-3 2 -5 27
-3 2 -4 3
-3 2 -3 11
-3 2 -2 11
-3 2 -1 11
-3 2 0 11
-3 2 1 11
-3 2 2 11
-3 2 3 5
-2 2 -4 28
-2 2 -3 29
-2 2 -2 11
-2 2 -1 11
-2 2 0 7
-2 2 1 7
-2 2 2 11
-2 2 3 15
-1 2 -5 27
-1 2 -4 5
-1 2 -3 16
-1 2 -2 11
-1 2 -1 11
-1 2 0 7
-1 2 1 7
-1 2 2 11
-1 2 3 11
0 2 -4 16
0 2 -3 11
0 2 -2 11
0 2 -1 11
0 2 0 18
0 2 1 18
0 2 2 11
0 2 3 11
1 2 -5 27
1 2 -4 5
1 2 -3 16
1 2 -2 11
1 2 -1 11
1 2 0 11
1 2 1 11
1 2 2 11
1 2 3 11
2 2 -4 28
2 2 -3 11
2 2 -2 11
2 2 -1 11
2 2 0 11
2 2 1 11
2 2 2 11
2 2 3 15
3 2 -5 27
3 2 -4 2
3 2 -3 11
3 2 -2 11
3 2 -1 11
3 2 0 11
3 2 1 11
3 2 2 11
3 2 3 3
4 2 -4 25
4 2 -3 5
4 2 -2 26
4 2 -1 2
4 2 0 5
4 2 1 5
4 2 2 5
4 2 3 25
5 2 -3 30
5 2 -1 30
-5 3 -3 24
-5 3 -1 24
-4 3 -4 5
-4 3 -3 5
-4 3 -2 26
-4 3 -1 3
-4 3 0 2
-4 3 1 2
-4 3 2 3
-4 3 3 3
-3 3 -5 27
-3 3 -4 5
-3 3 -3 11
-3 3 -2 11
-3 3 -1 11
-3 3 0 11
-3 3 1 11
-3 3 2 11
-3 3 3 5
-2 3 -4 28
-2 3 -3 11
-2 3 -2 11
-2 3 -1 11
-2 3 0 7
-2 3 1 7
-2 3 2 11
-2 3 3 5
-1 3 -5 27
-1 3 -4 3
-1 3 -3 25
-1 3 -2 31
-1 3 -1 11
-1 3 0 18
-1 3 1 18
-1 3 2 11
-1 3 3 32
0 3 -5 13
0 3 -4 16
0 3 -3 11
0 3 -2 31
0 3 -1 33
0 3 0 11
0 3 1 11
0 3 2 11
0 3 3 32
0 3 4 34
1 3 -5 27
1 3 -4 5
1 3 -3 16
1 3 -2 31
1 3 -1 11
1 3 0 11
1 3 1 11
1 3 2 11
1 3 3 32
2 3 -4 28
2 3 -3 11
2 3 -2 11
2 3 -1 11
2 3 0 11
2 3 1 11
2 3 2 11
2 3 3 5
2 3 4 33
3 3 -5 27
3 3 -4 2
3 3 -3 11
3 3 -2 11
3 3 -1 11
3 3 0 11
3 3 1 11
3 3 2 11
3 3 3 3
4 3 -4 4
4 3 -3 2
4 3 -2 26
4 3 -1 5
4 3 0 2
4 3 1 4
4 3 2 5
4 3 3 5
5 3 -3 30
5 3 -1 30
-5 4 -2 35
-5 4 2 35
-4 4 -5 15
-4 4 -4 36
-4 4 -3 36
-4 4 -2 36
-4 4 -1 36
-4 4 0 36
-4 4 1 36
-4 4 2 36
-4 4 3 36
-4 4 4 15
-3 4 -5 32
-3 4 -4 7
-3 4 -3 7
-3 4 -2 7
-3 4 -1 7
-3 4 0 7
-3 4 1 7
-3 4 2 7
-3 4 3 7
-3 4 4 32
-2 4 -5 32
-2 4 -4 7
-2 4 -3 7
-2 4 -2 7
-2 4 -1 7
-2 4 0 18
-2 4 1 18
-2 4 2 7
-2 4 3 7
-2 4 4 37
-1 4 -5 32
-1 4 -4 7
-1 4 -3 16
-1 4 -2 7
-1 4 -1 7
-1 4 0 11
-1 4 1 11
-1 4 2 7
-1 4 3 7
-1 4 4 38
0 4 -5 32
0 4 -4 16
0 4 -3 11
0 4 -2 25
0 4 -1 7
0 4 0 11
0 4 1 11
0 4 2 7
0 4 3 7
0 4 4 37
1 4 -5 32
1 4 -4 7
1 4 -3 16
1 4 -2 7
1 4 -1 7
1 4 0 11
1 4 1 11
1 4 2 7
1 4 3 7
1 4 4 38
2 4 -5 32
2 4 -4 7
2 4 -3 7
2 4 -2 7
2 4 -1 7
2 4 0 7
2 4 1 7
2 4 2 7
2 4 3 7
2 4 4 37
3 4 -5 32
3 4 -4 7
3 4 -3 7
3 4 -2 7
3 4 -1 7
3 4 0 7
3 4 1 7
3 4 2 7
3 4 3 7
3 4 4 32
4 4 -5 15
4 4 -4 36
4 4 -3 36
4 4 -2 36
4 4 -1 36
4 4 0 36
4 4 1 36
4 4 2 36
4 4 3 36
4 4 4 15
5 4 -2 35
5 4 2 35
-5 5 -2 9
-5 5 2 9
-4 5 -5 15
-4 5 -4 15
-4 5 -3 39
-4 5 -2 39
-4 5 -1 39
-4 5 0 15
-4 5 1 40
-4 5 2 39
-4 5 3 40
-4 5 4 15
-3 5 -5 40
-3 5 -4 11
-3 5 -3 20
-3 5 -2 11
-3 5 -1 11
-3 5 0 11
-3 5 1 11
-3 5 2 41
-3 5 3 11
-3 5 4 39
-2 5 -6 13
-2 5 -5 40
-2 5 -4 11
-2 5 -3 11
-2 5 -2 11
-2 5 -1 11
-2 5 0 11
-2 5 1 11
-2 5 2 11
-2 5 3 11
-2 5 4 39
-2 5 5 34
-1 5 -5 39
-1 5 -4 11
-1 5 -3 16
-1 5 -2 42
-1 5 -1 43
-1 5 0 11
-1 5 1 11
-1 5 2 43
-1 5 3 11
-1 5 4 39
0 5 -5 15
0 5 -4 16
0 5 -3 11
0 5 -2 25
0 5 -1 44
0 5 0 11
0 5 1 11
0 5 2 45
0 5 3 11
0 5 4 15
1 5 -5 39
1 5 -4 11
1 5 -3 16
1 5 -2 42
1 5 -1 45
1 5 0 42
1 5 1 11
1 5 2 11
1 5 3 11
1 5 4 39
2 5 -6 13
2 5 -5 40
2 5 -4 11
2 5 -3 11
2 5 -2 11
2 5 -1 11
2 5 0 46
2 5 1 47
2 5 2 11
2 5 3 48
2 5 4 40
2 5 5 34
3 5 -5 39
3 5 -4 11
3 5 -3 11
3 5 -2 11
3 5 -1 11
3 5 0 11
3 5 1 11
3 5 2 11
3 5 3 49
3 5 4 40
4 5 -5 15
4 5 -4 15
4 5 -3 39
4 5 -2 39
4 5 -1 39
4 5 0 15
4 5 1 39
4 5 2 40
4 5 3 39
4 5 4 15
5 5 -2 23
5 5 2 23
-5 6 -3 24
-5 6 -1 24
-4 6 -5 15
-4 6 -4 15
-4 6 -3 39
-4 6 -2 26
-4 6 -1 39
-4 6 0 15
-4 6 1 39
-4 6 2 26
-4 6 3 40
-4 6 4 15
-3 6 -5 40
-3 6 -4 11
-3 6 -3 11
-3 6 -2 11
-3 6 -1 11
-3 6 0 11
-3 6 1 11
-3 6 2 11
-3 6 3 11
-3 6 4 39
-3 6 5 50
-2 6 -5 28
-2 6 -4 11
-2 6 -3 11
-2 6 -2 11
-2 6 -1 11
-2 6 0 11
-2 6 1 11
-2 6 2 11
-2 6 3 11
-2 6 4 28
-1 6 -5 39
-1 6 -4 11
-1 6 -3 16
-1 6 -2 11
-1 6 -1 11
-1 6 0 11
-1 6 1 11
-1 6 2 11
-1 6 3 11
-1 6 4 39
-1 6 5 50
0 6 -5 15
0 6 -4 16
0 6 -3 11
0 6 -2 16
0 6 -1 11
0 6 0 11
0 6 1 11
0 6 2 11
0 6 3 11
0 6 4 15
1 6 -5 39
1 6 -4 11
1 6 -3 16
1 6 -2 11
1 6 -1 11
1 6 0 11
1 6 1 11
1 6 2 11
1 6 3 11
1 6 4 40
2 6 -5 28
2 6 -4 11
2 6 -3 11
2 6 -2 11
2 6 -1 11
2 6 0 11
2 6 1 11
2 6 2 11
2 6 3 11
2 6 4 28
3 6 -5 39
3 6 -4 11
3 6 -3 11
3 6 -2 11
3 6 -1 11
3 6 0 11
3 6 1 11
3 6 2 11
3 6 3 11
3 6 4 40
4 6 -5 15
4 6 -4 15
4 6 -3 39
4 6 -2 26
4 6 -1 39
4 6 0 15
4 6 1 39
4 6 2 26
4 6 3 40
4 6 4 15
-5 7 -3 24
-5 7 -1 24
-4 7 -5 15
-4 7 -4 15
-4 7 -3 40
-4 7 -2 26
-4 7 -1 39
-4 7 0 15
-4 7 1 39
-4 7 2 26
-4 7 3 39
-4 7 4 15
-3 7 -5 40
-3 7 -4 11
-3 7 -3 11
-3 7 -2 11
-3 7 -1 11
-3 7 0 11
-3 7 1 11
-3 7 2 11
-3 7 3 11
-3 7 4 39
-3 7 5 50
-2 7 -5 28
-2 7 -4 11
-2 7 -3 11
-2 7 -2 11
-2 7 -1 11
-2 7 0 11
-2 7 1 11
-2 7 2 11
-2 7 3 11
-2 7 4 28
-1 7 -5 39
-1 7 -4 11
-1 7 -3 16
-1 7 -2 11
-1 7 -1 11
-1 7 0 11
-1 7 1 11
-1 7 2 11
-1 7 3 11
-1 7 4 39
-1 7 5 50
0 7 -5 15
0 7 -4 16
0 7 -3 11
0 7 -2 16
0 7 -1 33
0 7 0 11
0 7 1 11
0 7 2 11
0 7 3 11
0 7 4 15
1 7 -5 39
1 7 -4 11
1 7 -3 16
1 7 -2 11
1 7 -1 11
1 7 0 11
1 7 1 11
1 7 2 11
1 7 3 11
1 7 4 40
2 7 -5 28
2 7 -4 11
2 7 -3 11
2 7 -2 11
2 7 -1 11
2 7 0 11
2 7 1 11
2 7 2 11
2 7 3 11
2 7 4 28
3 7 -5 40
3 7 -4 11
3 7 -3 11
3 7 -2 11
3 7 -1 11
3 7 0 11
3 7 1 11
3 7 2 11
3 7 3 11
3 7 4 39
4 7 -5 15
4 7 -4 15
4 7 -3 39
4 7 -2 26
4 7 -1 39
4 7 0 15
4 7 1 39
4 7 2 26
4 7 3 39
4 7 4 15
-5 8 -6 51
-5 8 5 52
-4 8 -6 51
-4 8 -5 15
-4 8 -4 36
-4 8 -3 36
-4 8 -2 36
-4 8 -1 36
-4 8 0 36
-4 8 1 36
-4 8 2 36
-4 8 3 36
-4 8 4 15
-4 8 5 52
-3 8 -6 51
-3 8 -5 32
-3 8 4 32
-3 8 5 52
-2 8 -6 53
-2 8 -5 32
-2 8 4 32
-2 8 5 52
-1 8 -6 51
-1 8 -5 32
-1 8 -3 16
-1 8 4 32
-1 8 5 52
0 8 -6 51
0 8 -5 32
0 8 -4 16
0 8 -3 11
0 8 -2 16
0 8 4 32
0 8 5 52
1 8 -6 51
1 8 -5 32
1 8 -3 16
1 8 4 32
1 8 5 54
2 8 -6 51
2 8 -5 32
2 8 4 32
2 8 5 52
3 8 -6 51
3 8 -5 32
3 8 4 32
3 8 5 52
4 8 -6 51
4 8 -5 15
4 8 -4 36
4 8 -3 36
4 8 -2 36
4 8 -1 36
4 8 0 36
4 8 1 36
4 8 2 36
4 8 3 36
4 8 4 15
4 8 5 52
5 8 -6 51
5 8 5 52
-5 9 -5 51
-5 9 4 52
-4 9 -5 51
-4 9 -4 15
-4 9 -3 40
-4 9 -2 39
-4 9 -1 39
-4 9 0 15
-4 9 1 40
-4 9 2 39
-4 9 3 40
-4 9 4 52
-3 9 -5 51
-3 9 -4 11
-3 9 -3 11
-3 9 -2 11
-3 9 -1 11
-3 9 0 11
-3 9 1 11
-3 9 2 11
-3 9 3 11
-3 9 4 52
-2 9 -5 51
-2 9 -4 11
-2 9 -3 11
-2 9 -2 11
-2 9 -1 11
-2 9 0 11
-2 9 1 11
-2 9 2 11
-2 9 3 11
-2 9 4 52
-1 9 -5 51
-1 9 -4 11
-1 9 -3 16
-1 9 -2 11
-1 9 -1 11
-1 9 0 11
-1 9 1 11
-1 9 2 11
-1 9 3 11
-1 9 4 52
0 9 -5 51
0 9 -4 16
0 9 -3 11
0 9 -2 16
0 9 -1 11
0 9 0 11
0 9 1 11
0 9 2 11
0 9 3 11
0 9 4 52
1 9 -5 51
1 9 -4 11
1 9 -3 16
1 9 -2 11
1 9 -1 11
1 9 0 11
1 9 1 11
1 9 2 11
1 9 3 11
1 9 4 52
2 9 -5 51
2 9 -4 11
2 9 -3 11
2 9 -2 11
2 9 -1 11
2 9 0 11
2 9 1 11
2 9 2 11
2 9 3 11
2 9 4 52
3 9 -5 51
3 9 -4 11
3 9 -3 11
3 9 -2 11
3 9 -1 11
3 9 0 11
3 9 1 11
3 9 2 11
3 9 3 11
3 9 4 52
4 9 -5 51
4 9 -4 15
4 9 -3 39
4 9 -2 40
4 9 -1 39
4 9 0 15
4 9 1 39
4 9 2 40
4 9 3 39
4 9 4 52
5 9 -5 51
5 9 4 52
-5 10 -4 51
-5 10 3 52
-4 10 -4 51
-4 10 -3 39
-4 10 -2 40
-4 10 -1 39
-4 10 0 15
-4 10 1 39
-4 10 2 39
-4 10 3 52
-3 10 -4 51
-3 10 -3 11
-3 10 -2 11
-3 10 -1 11
-3 10 0 11
-3 10 1 11
-3 10 2 11
-3 10 3 52
-2 10 -4 53
-2 10 -3 11
-2 10 -2 11
-2 10 -1 11
-2 10 0 11
-2 10 1 11
-2 10 2 11
-2 10 3 52
-1 10 -4 51
-1 10 -3 16
-1 10 -2 11
-1 10 -1 11
-1 10 0 11
-1 10 1 11
-1 10 2 11
-1 10 3 52
0 10 -4 16
0 10 -3 11
0 10 -2 25
0 10 -1 11
0 10 0 11
0 10 1 11
0 10 2 11
0 10 3 52
1 10 -4 51
1 10 -3 16
1 10 -2 11
1 10 -1 11
1 10 0 11
1 10 1 11
1 10 2 11
1 10 3 52
2 10 -4 51
2 10 -3 11
2 10 -2 11
2 10 -1 11
2 10 0 11
2 10 1 11
2 10 2 11
2 10 3 52
3 10 -4 51
3 10 -3 11
3 10 -2 11
3 10 -1 11
3 10 0 11
3 10 1 11
3 10 2 11
3 10 3 52
4 10 -4 53
4 10 -3 39
4 10 -2 39
4 10 -1 40
4 10 0 15
4 10 1 39
4 10 2 39
4 10 3 52
5 10 -4 51
5 10 3 52
-5 11 -3 51
-5 11 2 54
-4 11 -3 51
-4 11 -2 39
-4 11 -1 26
-4 11 0 26
-4 11 1 39
-4 11 2 52
-3 11 -3 51
-3 11 -2 11
-3 11 -1 11
-3 11 0 11
-3 11 1 11
-3 11 2 54
-2 11 -3 51
-2 11 -2 11
-2 11 -1 11
-2 11 0 11
-2 11 1 11
-2 11 2 52
-1 11 -3 16
-1 11 -2 11
-1 11 -1 11
-1 11 0 11
-1 11 1 11
-1 11 2 52
0 11 -4 16
0 11 -3 11
0 11 -2 16
0 11 -1 11
0 11 0 11
0 11 1 11
0 11 2 52
1 11 -3 16
1 11 -2 11
1 11 -1 11
1 11 0 11
1 11 1 11
1 11 2 52
2 11 -3 51
2 11 -2 11
2 11 -1 11
2 11 0 11
2 11 1 11
2 11 2 52
3 11 -3 51
3 11 -2 11
3 11 -1 11
3 11 0 11
3 11 1 11
3 11 2 52
4 11 -3 51
4 11 -2 39
4 11 -1 26
4 11 0 26
4 11 1 40
4 11 2 52
5 11 -3 51
5 11 2 52
-5 12 -2 51
-5 12 -1 7
-5 12 0 7
-5 12 1 52
-4 12 -2 53
-4 12 -1 39
-4 12 0 15
-4 12 1 52
-3 12 -2 51
-3 12 -1 7
-3 12 0 7
-3 12 1 52
-2 12 -2 51
-2 12 -1 7
-2 12 0 7
-2 12 1 52
-1 12 -3 16
-1 12 -2 51
-1 12 -1 7
-1 12 0 7
-1 12 1 52
0 12 -4 16
0 12 -3 11
0 12 -2 16
0 12 -1 7
0 12 0 7
0 12 1 52
1 12 -3 16
1 12 -2 51
1 12 -1 7
1 12 0 7
1 12 1 52
2 12 -2 51
2 12 -1 7
2 12 0 7
2 12 1 54
3 12 -2 51
3 12 -1 7
3 12 0 7
3 12 1 52
4 12 -2 53
4 12 -1 40
4 12 0 15
4 12 1 52
5 12 -2 51
5 12 -1 7
5 12 0 7
5 12 1 52
-5 13 -1 55
-5 13 0 55
-4 13 -1 55
-4 13 0 55
-3 13 -1 55
-3 13 0 55
-2 13 -1 55
-2 13 0 55
-1 13 -3 16
-1 13 -1 55
-1 13 0 55
0 13 -4 16
0 13 -3 17
0 13 -2 16
0 13 -1 55
0 13 0 55
1 13 -3 16
1 13 -1 55
1 13 0 55
2 13 -1 55
2 13 0 55
3 13 -1 55
3 13 0 55
4 13 -1 55
4 13 0 55
5 13 -1 55
5 13 0 55
-1 14 -3 16
0 14 -4 16
0 14 -3 11
0 14 -2 25
1 14 -3 25
-1 15 -3 16
0 15 -4 16
0 15 -3 11
0 15 -2 25
1 15 -3 16
