core 0 1 10
P minecraft:stone_bricks
P minecraft:andesite
P minecraft:mossy_stone_bricks
P minecraft:polished_andesite
P minecraft:cracked_stone_bricks
P minecraft:air
P minecraft:dark_oak_stairs[facing=south,half=bottom,shape=straight,waterlogged=false]
P minecraft:stone_brick_slab[type=top,waterlogged=false]
P minecraft:stone_brick_wall[east=none,north=low,south=none,up=true,waterlogged=false,west=none]
P minecraft:quartz_pillar[axis=y]
P minecraft:dark_oak_door[facing=north,half=lower,hinge=right,open=false,powered=false]
P minecraft:gold_block
P minecraft:brewing_stand[has_bottle_0=false,has_bottle_1=false,has_bottle_2=false]
P minecraft:red_carpet
P minecraft:dark_oak_door[facing=north,half=lower,hinge=left,open=false,powered=false]
P minecraft:lantern[hanging=false,waterlogged=false]
P minecraft:candle[candles=3,lit=true,waterlogged=false]
P minecraft:dark_oak_door[facing=north,half=upper,hinge=right,open=false,powered=false]
P minecraft:candle[candles=4,lit=true,waterlogged=false]
P minecraft:dark_oak_door[facing=north,half=upper,hinge=left,open=false,powered=false]
P minecraft:white_stained_glass_pane[east=false,north=true,south=true,waterlogged=false,west=false]
P minecraft:light_blue_stained_glass_pane[east=true,north=false,south=false,waterlogged=false,west=true]
P minecraft:yellow_stained_glass_pane[east=false,north=true,south=true,waterlogged=false,west=false]
P minecraft:stone_brick_stairs[facing=east,half=top,shape=outer_right,waterlogged=false]
P minecraft:red_stained_glass_pane[east=true,north=false,south=false,waterlogged=false,west=true]
P minecraft:stone_brick_stairs[facing=south,half=top,shape=straight,waterlogged=false]
P minecraft:stone_brick_stairs[facing=west,half=top,shape=outer_left,waterlogged=false]
P minecraft:lantern[hanging=true,waterlogged=false]
P minecraft:stone_brick_stairs[facing=east,half=bottom,shape=straight,waterlogged=false]
P minecraft:chain[axis=y,waterlogged=false]
P minecraft:stone_brick_stairs[facing=west,half=bottom,shape=straight,waterlogged=false]
P minecraft:deepslate_tile_stairs[facing=east,half=bottom,shape=straight,waterlogged=false]
P minecraft:deepslate_tile_stairs[facing=west,half=bottom,shape=straight,waterlogged=false]
P minecraft:deepslate_tile_slab[type=bottom,waterlogged=false]
P minecraft:bell[attachment=ceiling,facing=south,powered=false]
P minecraft:deepslate_tiles
P minecraft:lightning_rod[facing=up,powered=false,waterlogged=false]
-5 0 -9 0
-5 0 -8 0
-5 0 -7 1
-5 0 -6 0
-5 0 -5 0
-5 0 -4 0
-5 0 -3 2
-5 0 -2 0
-5 0 -1 0
-5 0 0 0
-5 0 1 0
-5 0 2 0
-5 0 3 2
-5 0 4 0
-5 0 5 0
-5 0 6 1
-5 0 7 0
-5 0 8 0
-4 0 -9 0
-4 0 -8 0
-4 0 -7 3
-4 0 -6 0
-4 0 -5 3
-4 0 -4 0
-4 0 -3 3
-4 0 -2 0
-4 0 -1 3
-4 0 0 0
-4 0 1 3
-4 0 2 0
-4 0 3 3
-4 0 4 0
-4 0 5 3
-4 0 6 0
-4 0 7 3
-4 0 8 0
-3 0 -9 1
-3 0 -8 3
-3 0 -7 0
-3 0 -6 3
-3 0 -5 0
-3 0 -4 3
-3 0 -3 0
-3 0 -2 3
-3 0 -1 0
-3 0 0 3
-3 0 1 0
-3 0 2 3
-3 0 3 0
-3 0 4 3
-3 0 5 0
-3 0 6 3
-3 0 7 0
-3 0 8 2
-2 0 -9 0
-2 0 -8 0
-2 0 -7 3
-2 0 -6 0
-2 0 -5 3
-2 0 -4 0
-2 0 -3 3
-2 0 -2 0
-2 0 -1 3
-2 0 0 0
-2 0 1 3
-2 0 2 0
-2 0 3 3
-2 0 4 0
-2 0 5 3
-2 0 6 0
-2 0 7 3
-2 0 8 1
-1 0 -9 0
-1 0 -8 3
-1 0 -7 0
-1 0 -6 3
-1 0 -5 0
-1 0 -4 3
-1 0 -3 0
-1 0 -2 3
-1 0 -1 0
-1 0 0 3
-1 0 1 0
-1 0 2 3
-1 0 3 0
-1 0 4 3
-1 0 5 0
-1 0 6 3
-1 0 7 0
-1 0 8 2
0 0 -9 0
0 0 -8 0
0 0 -7 3
0 0 -6 0
0 0 -5 3
0 0 -4 0
0 0 -3 3
0 0 -2 0
0 0 -1 3
0 0 0 0
0 0 1 3
0 0 2 0
0 0 3 3
0 0 4 0
0 0 5 3
0 0 6 0
0 0 7 3
0 0 8 2
1 0 -9 0
1 0 -8 3
1 0 -7 0
1 0 -6 3
1 0 -5 0
1 0 -4 3
1 0 -3 0
1 0 -2 3
1 0 -1 0
1 0 0 3
1 0 1 0
1 0 2 3
1 0 3 0
1 0 4 3
1 0 5 0
1 0 6 3
1 0 7 0
1 0 8 0
2 0 -9 1
2 0 -8 0
2 0 -7 3
2 0 -6 0
2 0 -5 3
2 0 -4 0
2 0 -3 3
2 0 -2 0
2 0 -1 3
2 0 0 0
2 0 1 3
2 0 2 0
2 0 3 3
2 0 4 0
2 0 5 3
2 0 6 0
2 0 7 3
2 0 8 0
3 0 -9 0
3 0 -8 3
3 0 -7 0
3 0 -6 3
3 0 -5 0
3 0 -4 3
3 0 -3 0
3 0 -2 3
3 0 -1 0
3 0 0 3
3 0 1 0
3 0 2 3
3 0 3 0
3 0 4 3
3 0 5 0
3 0 6 3
3 0 7 0
3 0 8 0
4 0 -9 0
4 0 -8 0
4 0 -7 3
4 0 -6 0
4 0 -5 3
4 0 -4 0
4 0 -3 3
4 0 -2 0
4 0 -1 3
4 0 0 0
4 0 1 3
4 0 2 0
4 0 3 3
4 0 4 0
4 0 5 3
4 0 6 0
4 0 7 3
4 0 8 0
5 0 -9 4
5 0 -8 0
5 0 -7 0
5 0 -6 0
5 0 -5 0
5 0 -4 0
5 0 -3 2
5 0 -2 0
5 0 -1 0
5 0 0 0
5 0 1 0
5 0 2 0
5 0 3 2
5 0 4 0
5 0 5 0
5 0 6 2
5 0 7 1
5 0 8 0
-6 1 -7 0
-6 1 -3 0
-6 1 1 4
-6 1 5 2
-5 1 -9 0
-5 1 -8 0
-5 1 -7 1
-5 1 -6 4
-5 1 -5 2
-5 1 -4 2
-5 1 -3 0
-5 1 -2 0
-5 1 -1 1
-5 1 0 0
-5 1 1 1
-5 1 2 0
-5 1 3 0
-5 1 4 0
-5 1 5 0
-5 1 6 2
-5 1 7 1
-5 1 8 0
-4 1 -9 0
-4 1 -8 5
-4 1 -7 5
-4 1 -6 5
-4 1 -5 5
-4 1 -4 5
-4 1 -3 5
-4 1 -2 5
-4 1 -1 5
-4 1 0 5
-4 1 1 5
-4 1 2 5
-4 1 3 5
-4 1 4 5
-4 1 5 5
-4 1 6 5
-4 1 7 5
-4 1 8 0
-3 1 -9 0
-3 1 -8 5
-3 1 -7 5
-3 1 -6 5
-3 1 -5 5
-3 1 -4 6
-3 1 -3 5
-3 1 -2 6
-3 1 -1 5
-3 1 0 6
-3 1 1 5
-3 1 2 6
-3 1 3 5
-3 1 4 6
-3 1 5 5
-3 1 6 5
-3 1 7 5
-3 1 8 0
-2 1 -9 0
-2 1 -8 5
-2 1 -7 7
-2 1 -6 5
-2 1 -5 5
-2 1 -4 6
-2 1 -3 5
-2 1 -2 6
-2 1 -1 5
-2 1 0 6
-2 1 1 5
-2 1 2 6
-2 1 3 5
-2 1 4 6
-2 1 5 3
-2 1 6 0
-2 1 7 0
-2 1 8 1
-2 1 9 3
-2 1 10 8
-1 1 -9 0
-1 1 -8 9
-1 1 -7 5
-1 1 -6 5
-1 1 -5 5
-1 1 -4 5
-1 1 -3 5
-1 1 -2 5
-1 1 -1 5
-1 1 0 5
-1 1 1 5
-1 1 2 5
-1 1 3 5
-1 1 4 5
-1 1 5 4
-1 1 6 5
-1 1 7 5
-1 1 8 5
-1 1 9 10
0 1 -9 0
0 1 -8 11
0 1 -7 12
0 1 -6 13
0 1 -5 13
0 1 -4 13
0 1 -3 13
0 1 -2 13
0 1 -1 13
0 1 0 13
0 1 1 13
0 1 2 13
0 1 3 13
0 1 4 13
0 1 5 0
0 1 6 5
0 1 7 5
0 1 8 5
0 1 9 14
1 1 -9 0
1 1 -8 9
1 1 -7 5
1 1 -6 5
1 1 -5 5
1 1 -4 5
1 1 -3 5
1 1 -2 5
1 1 -1 5
1 1 0 5
1 1 1 5
1 1 2 5
1 1 3 5
1 1 4 5
1 1 5 2
1 1 6 5
1 1 7 5
1 1 8 5
1 1 9 14
2 1 -9 0
2 1 -8 5
2 1 -7 7
2 1 -6 5
2 1 -5 5
2 1 -4 6
2 1 -3 5
2 1 -2 6
2 1 -1 5
2 1 0 6
2 1 1 5
2 1 2 6
2 1 3 5
2 1 4 6
2 1 5 3
2 1 6 0
2 1 7 4
2 1 8 0
2 1 9 3
2 1 10 8
3 1 -9 0
3 1 -8 5
3 1 -7 5
3 1 -6 5
3 1 -5 5
3 1 -4 6
3 1 -3 5
3 1 -2 6
3 1 -1 5
3 1 0 6
3 1 1 5
3 1 2 6
3 1 3 5
3 1 4 6
3 1 5 5
3 1 6 5
3 1 7 5
3 1 8 0
4 1 -9 0
4 1 -8 5
4 1 -7 5
4 1 -6 5
4 1 -5 5
4 1 -4 5
4 1 -3 5
4 1 -2 5
4 1 -1 5
4 1 0 5
4 1 1 5
4 1 2 5
4 1 3 5
4 1 4 5
4 1 5 5
4 1 6 5
4 1 7 5
4 1 8 1
5 1 -9 1
5 1 -8 0
5 1 -7 1
5 1 -6 0
5 1 -5 0
5 1 -4 0
5 1 -3 0
5 1 -2 0
5 1 -1 1
5 1 0 4
5 1 1 1
5 1 2 0
5 1 3 0
5 1 4 0
5 1 5 2
5 1 6 2
5 1 7 1
5 1 8 4
6 1 -7 0
6 1 -3 0
6 1 1 1
6 1 5 0
-6 2 -7 0
-6 2 -3 0
-6 2 1 0
-6 2 5 4
-5 2 -9 0
-5 2 -8 0
-5 2 -7 1
-5 2 -6 4
-5 2 -5 0
-5 2 -4 0
-5 2 -3 0
-5 2 -2 2
-5 2 -1 0
-5 2 0 2
-5 2 1 0
-5 2 2 0
-5 2 3 1
-5 2 4 1
-5 2 5 2
-5 2 6 0
-5 2 7 0
-5 2 8 0
-4 2 -9 0
-4 2 -8 5
-4 2 -7 5
-4 2 -6 5
-4 2 -5 5
-4 2 -4 5
-4 2 -3 5
-4 2 -2 5
-4 2 -1 5
-4 2 0 5
-4 2 1 5
-4 2 2 5
-4 2 3 5
-4 2 4 5
-4 2 5 5
-4 2 6 5
-4 2 7 5
-4 2 8 0
-3 2 -9 0
-3 2 -8 5
-3 2 -7 5
-3 2 -6 5
-3 2 -5 5
-3 2 -4 5
-3 2 -3 5
-3 2 -2 5
-3 2 -1 5
-3 2 0 5
-3 2 1 5
-3 2 2 5
-3 2 3 5
-3 2 4 5
-3 2 5 5
-3 2 6 5
-3 2 7 5
-3 2 8 4
-2 2 -9 4
-2 2 -8 5
-2 2 -7 5
-2 2 -6 5
-2 2 -5 5
-2 2 -4 5
-2 2 -3 5
-2 2 -2 5
-2 2 -1 5
-2 2 0 5
-2 2 1 5
-2 2 2 5
-2 2 3 5
-2 2 4 5
-2 2 5 3
-2 2 6 2
-2 2 7 0
-2 2 8 0
-2 2 9 3
-2 2 10 15
-1 2 -9 4
-1 2 -8 16
-1 2 -7 5
-1 2 -6 5
-1 2 -5 5
-1 2 -4 5
-1 2 -3 5
-1 2 -2 5
-1 2 -1 5
-1 2 0 5
-1 2 1 5
-1 2 2 5
-1 2 3 5
-1 2 4 5
-1 2 5 1
-1 2 6 5
-1 2 7 5
-1 2 8 5
-1 2 9 17
0 2 -9 0
0 2 -8 18
0 2 -7 5
0 2 -6 5
0 2 -5 5
0 2 -4 5
0 2 -3 5
0 2 -2 5
0 2 -1 5
0 2 0 5
0 2 1 5
0 2 2 5
0 2 3 5
0 2 4 5
0 2 5 0
0 2 6 5
0 2 7 5
0 2 8 5
0 2 9 19
1 2 -9 0
1 2 -8 16
1 2 -7 5
1 2 -6 5
1 2 -5 5
1 2 -4 5
1 2 -3 5
1 2 -2 5
1 2 -1 5
1 2 0 5
1 2 1 5
1 2 2 5
1 2 3 5
1 2 4 5
1 2 5 0
1 2 6 5
1 2 7 5
1 2 8 5
1 2 9 19
2 2 -9 2
2 2 -8 5
2 2 -7 5
2 2 -6 5
2 2 -5 5
2 2 -4 5
2 2 -3 5
2 2 -2 5
2 2 -1 5
2 2 0 5
2 2 1 5
2 2 2 5
2 2 3 5
2 2 4 5
2 2 5 3
2 2 6 0
2 2 7 0
2 2 8 1
2 2 9 3
2 2 10 15
3 2 -9 0
3 2 -8 5
3 2 -7 5
3 2 -6 5
3 2 -5 5
3 2 -4 5
3 2 -3 5
3 2 -2 5
3 2 -1 5
3 2 0 5
3 2 1 5
3 2 2 5
3 2 3 5
3 2 4 5
3 2 5 5
3 2 6 5
3 2 7 5
3 2 8 0
4 2 -9 1
4 2 -8 5
4 2 -7 5
4 2 -6 5
4 2 -5 5
4 2 -4 5
4 2 -3 5
4 2 -2 5
4 2 -1 5
4 2 0 5
4 2 1 5
4 2 2 5
4 2 3 5
4 2 4 5
4 2 5 5
4 2 6 5
4 2 7 5
4 2 8 1
5 2 -9 0
5 2 -8 2
5 2 -7 0
5 2 -6 1
5 2 -5 2
5 2 -4 0
5 2 -3 1
5 2 -2 0
5 2 -1 0
5 2 0 0
5 2 1 0
5 2 2 0
5 2 3 0
5 2 4 0
5 2 5 0
5 2 6 0
5 2 7 1
5 2 8 0
6 2 -7 0
6 2 -3 0
6 2 1 4
6 2 5 1
-6 3 -7 4
-6 3 -3 2
-6 3 1 2
-6 3 5 0
-5 3 -9 0
-5 3 -8 2
-5 3 -7 2
-5 3 -6 0
-5 3 -5 20
-5 3 -4 1
-5 3 -3 0
-5 3 -2 0
-5 3 -1 20
-5 3 0 2
-5 3 1 1
-5 3 2 0
-5 3 3 20
-5 3 4 0
-5 3 5 2
-5 3 6 2
-5 3 7 2
-5 3 8 0
-4 3 -9 0
-4 3 -8 5
-4 3 -7 5
-4 3 -6 5
-4 3 -5 5
-4 3 -4 5
-4 3 -3 5
-4 3 -2 5
-4 3 -1 5
-4 3 0 5
-4 3 1 5
-4 3 2 5
-4 3 3 5
-4 3 4 5
-4 3 5 5
-4 3 6 5
-4 3 7 5
-4 3 8 0
-3 3 -9 1
-3 3 -8 5
-3 3 -7 5
-3 3 -6 5
-3 3 -5 5
-3 3 -4 5
-3 3 -3 5
-3 3 -2 5
-3 3 -1 5
-3 3 0 5
-3 3 1 5
-3 3 2 5
-3 3 3 5
-3 3 4 5
-3 3 5 5
-3 3 6 5
-3 3 7 5
-3 3 8 2
-2 3 -9 0
-2 3 -8 5
-2 3 -7 5
-2 3 -6 5
-2 3 -5 5
-2 3 -4 5
-2 3 -3 5
-2 3 -2 5
-2 3 -1 5
-2 3 0 5
-2 3 1 5
-2 3 2 5
-2 3 3 5
-2 3 4 5
-2 3 5 3
-2 3 6 0
-2 3 7 0
-2 3 8 4
-2 3 9 3
-1 3 -9 4
-1 3 -8 5
-1 3 -7 5
-1 3 -6 5
-1 3 -5 5
-1 3 -4 5
-1 3 -3 5
-1 3 -2 5
-1 3 -1 5
-1 3 0 5
-1 3 1 5
-1 3 2 5
-1 3 3 5
-1 3 4 5
-1 3 5 2
-1 3 6 5
-1 3 7 5
-1 3 8 5
-1 3 9 5
0 3 -9 21
0 3 -8 5
0 3 -7 5
0 3 -6 5
0 3 -5 5
0 3 -4 5
0 3 -3 5
0 3 -2 5
0 3 -1 5
0 3 0 5
0 3 1 5
0 3 2 5
0 3 3 5
0 3 4 5
0 3 5 0
0 3 6 5
0 3 7 5
0 3 8 5
0 3 9 5
1 3 -9 4
1 3 -8 5
1 3 -7 5
1 3 -6 5
1 3 -5 5
1 3 -4 5
1 3 -3 5
1 3 -2 5
1 3 -1 5
1 3 0 5
1 3 1 5
1 3 2 5
1 3 3 5
1 3 4 5
1 3 5 0
1 3 6 5
1 3 7 5
1 3 8 5
1 3 9 5
2 3 -9 0
2 3 -8 5
2 3 -7 5
2 3 -6 5
2 3 -5 5
2 3 -4 5
2 3 -3 5
2 3 -2 5
2 3 -1 5
2 3 0 5
2 3 1 5
2 3 2 5
2 3 3 5
2 3 4 5
2 3 5 3
2 3 6 0
2 3 7 2
2 3 8 0
2 3 9 3
3 3 -9 0
3 3 -8 5
3 3 -7 5
3 3 -6 5
3 3 -5 5
3 3 -4 5
3 3 -3 5
3 3 -2 5
3 3 -1 5
3 3 0 5
3 3 1 5
3 3 2 5
3 3 3 5
3 3 4 5
3 3 5 5
3 3 6 5
3 3 7 5
3 3 8 0
4 3 -9 0
4 3 -8 5
4 3 -7 5
4 3 -6 5
4 3 -5 5
4 3 -4 5
4 3 -3 5
4 3 -2 5
4 3 -1 5
4 3 0 5
4 3 1 5
4 3 2 5
4 3 3 5
4 3 4 5
4 3 5 5
4 3 6 5
4 3 7 5
4 3 8 0
5 3 -9 0
5 3 -8 2
5 3 -7 2
5 3 -6 0
5 3 -5 20
5 3 -4 0
5 3 -3 4
5 3 -2 0
5 3 -1 20
5 3 0 0
5 3 1 0
5 3 2 4
5 3 3 20
5 3 4 0
5 3 5 0
5 3 6 1
5 3 7 2
5 3 8 0
6 3 -7 0
6 3 -3 2
6 3 1 4
6 3 5 0
-6 4 -7 0
-6 4 -3 1
-6 4 1 0
-6 4 5 0
-5 4 -9 0
-5 4 -8 1
-5 4 -7 4
-5 4 -6 2
-5 4 -5 22
-5 4 -4 0
-5 4 -3 4
-5 4 -2 0
-5 4 -1 22
-5 4 0 0
-5 4 1 4
-5 4 2 1
-5 4 3 22
-5 4 4 0
-5 4 5 0
-5 4 6 4
-5 4 7 1
-5 4 8 0
-4 4 -9 0
-4 4 -8 5
-4 4 -7 5
-4 4 -6 5
-4 4 -5 5
-4 4 -4 5
-4 4 -3 5
-4 4 -2 5
-4 4 -1 5
-4 4 0 5
-4 4 1 5
-4 4 2 5
-4 4 3 5
-4 4 4 5
-4 4 5 5
-4 4 6 5
-4 4 7 5
-4 4 8 2
-3 4 -9 0
-3 4 -8 5
-3 4 -7 5
-3 4 -6 5
-3 4 -5 5
-3 4 -4 5
-3 4 -3 5
-3 4 -2 5
-3 4 -1 5
-3 4 0 5
-3 4 1 5
-3 4 2 5
-3 4 3 5
-3 4 4 5
-3 4 5 5
-3 4 6 5
-3 4 7 5
-3 4 8 0
-2 4 -9 0
-2 4 -8 5
-2 4 -7 5
-2 4 -6 5
-2 4 -5 5
-2 4 -4 5
-2 4 -3 5
-2 4 -2 5
-2 4 -1 5
-2 4 0 5
-2 4 1 5
-2 4 2 5
-2 4 3 5
-2 4 4 5
-2 4 5 3
-2 4 6 0
-2 4 7 0
-2 4 8 0
-2 4 9 3
-1 4 -9 21
-1 4 -8 5
-1 4 -7 5
-1 4 -6 5
-1 4 -5 5
-1 4 -4 5
-1 4 -3 5
-1 4 -2 5
-1 4 -1 5
-1 4 0 5
-1 4 1 5
-1 4 2 5
-1 4 3 5
-1 4 4 5
-1 4 5 0
-1 4 6 5
-1 4 7 5
-1 4 8 5
-1 4 9 23
0 4 -9 24
0 4 -8 5
0 4 -7 5
0 4 -6 5
0 4 -5 5
0 4 -4 5
0 4 -3 5
0 4 -2 5
0 4 -1 5
0 4 0 5
0 4 1 5
0 4 2 5
0 4 3 5
0 4 4 5
0 4 5 0
0 4 6 5
0 4 7 5
0 4 8 5
0 4 9 25
1 4 -9 21
1 4 -8 5
1 4 -7 5
1 4 -6 5
1 4 -5 5
1 4 -4 5
1 4 -3 5
1 4 -2 5
1 4 -1 5
1 4 0 5
1 4 1 5
1 4 2 5
1 4 3 5
1 4 4 5
1 4 5 0
1 4 6 5
1 4 7 5
1 4 8 5
1 4 9 26
2 4 -9 1
2 4 -8 5
2 4 -7 5
2 4 -6 5
2 4 -5 5
2 4 -4 5
2 4 -3 5
2 4 -2 5
2 4 -1 5
2 4 0 5
2 4 1 5
2 4 2 5
2 4 3 5
2 4 4 5
2 4 5 3
2 4 6 0
2 4 7 0
2 4 8 0
2 4 9 3
3 4 -9 2
3 4 -8 5
3 4 -7 5
3 4 -6 5
3 4 -5 5
3 4 -4 5
3 4 -3 5
3 4 -2 5
3 4 -1 5
3 4 0 5
3 4 1 5
3 4 2 5
3 4 3 5
3 4 4 5
3 4 5 5
3 4 6 5
3 4 7 5
3 4 8 0
4 4 -9 2
4 4 -8 5
4 4 -7 5
4 4 -6 5
4 4 -5 5
4 4 -4 5
4 4 -3 5
4 4 -2 5
4 4 -1 5
4 4 0 5
4 4 1 5
4 4 2 5
4 4 3 5
4 4 4 5
4 4 5 5
4 4 6 5
4 4 7 5
4 4 8 2
5 4 -9 0
5 4 -8 0
5 4 -7 1
5 4 -6 2
5 4 -5 22
5 4 -4 0
5 4 -3 4
5 4 -2 4
5 4 -1 22
5 4 0 0
5 4 1 0
5 4 2 2
5 4 3 22
5 4 4 0
5 4 5 4
5 4 6 0
5 4 7 4
5 4 8 0
6 4 -7 0
6 4 -3 0
6 4 1 2
6 4 5 0
-6 5 -7 0
-6 5 -3 2
-6 5 1 2
-6 5 5 0
-5 5 -9 1
-5 5 -8 4
-5 5 -7 0
-5 5 -6 0
-5 5 -5 22
-5 5 -4 0
-5 5 -3 0
-5 5 -2 0
-5 5 -1 22
-5 5 0 4
-5 5 1 0
-5 5 2 2
-5 5 3 22
-5 5 4 0
-5 5 5 2
-5 5 6 0
-5 5 7 2
-5 5 8 1
-4 5 -9 0
-4 5 -8 5
-4 5 -7 5
-4 5 -6 5
-4 5 -5 5
-4 5 -4 5
-4 5 -3 5
-4 5 -2 5
-4 5 -1 5
-4 5 0 5
-4 5 1 5
-4 5 2 5
-4 5 3 5
-4 5 4 5
-4 5 5 5
-4 5 6 5
-4 5 7 5
-4 5 8 0
-3 5 -9 1
-3 5 -8 5
-3 5 -7 5
-3 5 -6 5
-3 5 -5 5
-3 5 -4 5
-3 5 -3 5
-3 5 -2 5
-3 5 -1 5
-3 5 0 5
-3 5 1 5
-3 5 2 5
-3 5 3 5
-3 5 4 5
-3 5 5 5
-3 5 6 5
-3 5 7 5
-3 5 8 0
-2 5 -9 21
-2 5 -8 5
-2 5 -7 5
-2 5 -6 5
-2 5 -5 5
-2 5 -4 5
-2 5 -3 5
-2 5 -2 5
-2 5 -1 5
-2 5 0 5
-2 5 1 5
-2 5 2 5
-2 5 3 5
-2 5 4 5
-2 5 5 3
-2 5 6 0
-2 5 7 0
-2 5 8 0
-2 5 9 3
-1 5 -9 24
-1 5 -8 5
-1 5 -7 5
-1 5 -6 5
-1 5 -5 5
-1 5 -4 5
-1 5 -3 5
-1 5 -2 5
-1 5 -1 5
-1 5 0 5
-1 5 1 5
-1 5 2 5
-1 5 3 5
-1 5 4 5
-1 5 5 0
-1 5 6 5
-1 5 7 5
-1 5 8 5
-1 5 9 4
0 5 -9 21
0 5 -8 5
0 5 -7 5
0 5 -6 5
0 5 -5 5
0 5 -4 5
0 5 -3 5
0 5 -2 5
0 5 -1 5
0 5 0 5
0 5 1 5
0 5 2 5
0 5 3 5
0 5 4 5
0 5 5 4
0 5 6 5
0 5 7 5
0 5 8 5
0 5 9 0
1 5 -9 24
1 5 -8 5
1 5 -7 5
1 5 -6 5
1 5 -5 5
1 5 -4 5
1 5 -3 5
1 5 -2 5
1 5 -1 5
1 5 0 5
1 5 1 5
1 5 2 5
1 5 3 5
1 5 4 5
1 5 5 2
1 5 6 5
1 5 7 5
1 5 8 5
1 5 9 0
2 5 -9 21
2 5 -8 5
2 5 -7 5
2 5 -6 5
2 5 -5 5
2 5 -4 5
2 5 -3 5
2 5 -2 5
2 5 -1 5
2 5 0 5
2 5 1 5
2 5 2 5
2 5 3 5
2 5 4 5
2 5 5 3
2 5 6 1
2 5 7 0
2 5 8 0
2 5 9 3
3 5 -9 2
3 5 -8 5
3 5 -7 5
3 5 -6 5
3 5 -5 5
3 5 -4 5
3 5 -3 5
3 5 -2 5
3 5 -1 5
3 5 0 5
3 5 1 5
3 5 2 5
3 5 3 5
3 5 4 5
3 5 5 5
3 5 6 5
3 5 7 5
3 5 8 0
4 5 -9 0
4 5 -8 5
4 5 -7 5
4 5 -6 5
4 5 -5 5
4 5 -4 5
4 5 -3 5
4 5 -2 5
4 5 -1 5
4 5 0 5
4 5 1 5
4 5 2 5
4 5 3 5
4 5 4 5
4 5 5 5
4 5 6 5
4 5 7 5
4 5 8 4
5 5 -9 0
5 5 -8 0
5 5 -7 2
5 5 -6 0
5 5 -5 22
5 5 -4 2
5 5 -3 0
5 5 -2 0
5 5 -1 22
5 5 0 2
5 5 1 0
5 5 2 0
5 5 3 22
5 5 4 0
5 5 5 0
5 5 6 0
5 5 7 0
5 5 8 1
6 5 -7 0
6 5 -3 0
6 5 1 0
6 5 5 0
-6 6 -7 0
-6 6 -3 0
-6 6 1 0
-6 6 5 1
-5 6 -9 0
-5 6 -8 0
-5 6 -7 0
-5 6 -6 0
-5 6 -5 20
-5 6 -4 4
-5 6 -3 1
-5 6 -2 0
-5 6 -1 20
-5 6 0 0
-5 6 1 2
-5 6 2 1
-5 6 3 20
-5 6 4 0
-5 6 5 0
-5 6 6 0
-5 6 7 1
-5 6 8 0
-4 6 -9 0
-4 6 -8 5
-4 6 -7 5
-4 6 -6 5
-4 6 -5 5
-4 6 -4 5
-4 6 -3 5
-4 6 -2 5
-4 6 -1 5
-4 6 0 5
-4 6 1 5
-4 6 2 5
-4 6 3 5
-4 6 4 5
-4 6 5 5
-4 6 6 5
-4 6 7 5
-4 6 8 2
-3 6 -9 1
-3 6 -8 5
-3 6 -7 5
-3 6 -6 5
-3 6 -5 5
-3 6 -4 5
-3 6 -3 5
-3 6 -2 5
-3 6 -1 5
-3 6 0 5
-3 6 1 5
-3 6 2 5
-3 6 3 5
-3 6 4 5
-3 6 5 5
-3 6 6 5
-3 6 7 5
-3 6 8 0
-2 6 -9 1
-2 6 -8 5
-2 6 -7 5
-2 6 -6 5
-2 6 -5 5
-2 6 -4 5
-2 6 -3 5
-2 6 -2 5
-2 6 -1 5
-2 6 0 5
-2 6 1 5
-2 6 2 5
-2 6 3 5
-2 6 4 5
-2 6 5 3
-2 6 6 0
-2 6 7 0
-2 6 8 0
-2 6 9 3
-1 6 -9 21
-1 6 -8 5
-1 6 -7 5
-1 6 -6 5
-1 6 -5 5
-1 6 -4 5
-1 6 -3 5
-1 6 -2 5
-1 6 -1 5
-1 6 0 5
-1 6 1 5
-1 6 2 5
-1 6 3 5
-1 6 4 5
-1 6 5 0
-1 6 6 5
-1 6 7 5
-1 6 8 5
-1 6 9 0
0 6 -9 24
0 6 -8 5
0 6 -7 5
0 6 -6 5
0 6 -5 27
0 6 -4 5
0 6 -3 5
0 6 -2 5
0 6 -1 5
0 6 0 27
0 6 1 5
0 6 2 5
0 6 3 5
0 6 4 5
0 6 5 0
0 6 6 5
0 6 7 5
0 6 8 5
0 6 9 0
1 6 -9 21
1 6 -8 5
1 6 -7 5
1 6 -6 5
1 6 -5 5
1 6 -4 5
1 6 -3 5
1 6 -2 5
1 6 -1 5
1 6 0 5
1 6 1 5
1 6 2 5
1 6 3 5
1 6 4 5
1 6 5 0
1 6 6 5
1 6 7 5
1 6 8 5
1 6 9 0
2 6 -9 0
2 6 -8 5
2 6 -7 5
2 6 -6 5
2 6 -5 5
2 6 -4 5
2 6 -3 5
2 6 -2 5
2 6 -1 5
2 6 0 5
2 6 1 5
2 6 2 5
2 6 3 5
2 6 4 5
2 6 5 3
2 6 6 2
2 6 7 4
2 6 8 0
2 6 9 3
3 6 -9 2
3 6 -8 5
3 6 -7 5
3 6 -6 5
3 6 -5 5
3 6 -4 5
3 6 -3 5
3 6 -2 5
3 6 -1 5
3 6 0 5
3 6 1 5
3 6 2 5
3 6 3 5
3 6 4 5
3 6 5 5
3 6 6 5
3 6 7 5
3 6 8 2
4 6 -9 2
4 6 -8 5
4 6 -7 5
4 6 -6 5
4 6 -5 5
4 6 -4 5
4 6 -3 5
4 6 -2 5
4 6 -1 5
4 6 0 5
4 6 1 5
4 6 2 5
4 6 3 5
4 6 4 5
4 6 5 5
4 6 6 5
4 6 7 5
4 6 8 0
5 6 -9 0
5 6 -8 0
5 6 -7 1
5 6 -6 4
5 6 -5 20
5 6 -4 4
5 6 -3 0
5 6 -2 0
5 6 -1 20
5 6 0 2
5 6 1 0
5 6 2 2
5 6 3 20
5 6 4 0
5 6 5 0
5 6 6 1
5 6 7 0
5 6 8 0
6 6 -7 0
6 6 -3 2
6 6 1 0
6 6 5 0
-6 7 -7 28
-6 7 -3 28
-6 7 1 28
-6 7 5 28
-5 7 -9 4
-5 7 -8 0
-5 7 -7 0
-5 7 -6 1
-5 7 -5 25
-5 7 -4 1
-5 7 -3 0
-5 7 -2 0
-5 7 -1 25
-5 7 0 0
-5 7 1 2
-5 7 2 0
-5 7 3 25
-5 7 4 1
-5 7 5 0
-5 7 6 0
-5 7 7 0
-5 7 8 0
-4 7 -9 0
-4 7 -8 5
-4 7 -7 5
-4 7 -6 5
-4 7 -5 5
-4 7 -4 5
-4 7 -3 5
-4 7 -2 5
-4 7 -1 5
-4 7 0 5
-4 7 1 5
-4 7 2 5
-4 7 3 5
-4 7 4 5
-4 7 5 5
-4 7 6 5
-4 7 7 5
-4 7 8 2
-3 7 -9 0
-3 7 -8 5
-3 7 -7 5
-3 7 -6 5
-3 7 -5 5
-3 7 -4 5
-3 7 -3 5
-3 7 -2 5
-3 7 -1 5
-3 7 0 5
-3 7 1 5
-3 7 2 5
-3 7 3 5
-3 7 4 5
-3 7 5 5
-3 7 6 5
-3 7 7 5
-3 7 8 1
-2 7 -9 0
-2 7 -8 5
-2 7 -7 5
-2 7 -6 5
-2 7 -5 5
-2 7 -4 5
-2 7 -3 5
-2 7 -2 5
-2 7 -1 5
-2 7 0 5
-2 7 1 5
-2 7 2 5
-2 7 3 5
-2 7 4 5
-2 7 5 3
-2 7 6 0
-2 7 7 0
-2 7 8 4
-2 7 9 3
-1 7 -9 0
-1 7 -8 5
-1 7 -7 5
-1 7 -6 5
-1 7 -5 5
-1 7 -4 5
-1 7 -3 5
-1 7 -2 5
-1 7 -1 5
-1 7 0 5
-1 7 1 5
-1 7 2 5
-1 7 3 5
-1 7 4 5
-1 7 5 0
-1 7 6 5
-1 7 7 5
-1 7 8 5
-1 7 9 0
0 7 -9 21
0 7 -8 5
0 7 -7 5
0 7 -6 5
0 7 -5 29
0 7 -4 5
0 7 -3 5
0 7 -2 5
0 7 -1 5
0 7 0 29
0 7 1 5
0 7 2 5
0 7 3 5
0 7 4 5
0 7 5 2
0 7 6 5
0 7 7 5
0 7 8 5
0 7 9 0
1 7 -9 1
1 7 -8 5
1 7 -7 5
1 7 -6 5
1 7 -5 5
1 7 -4 5
1 7 -3 5
1 7 -2 5
1 7 -1 5
1 7 0 5
1 7 1 5
1 7 2 5
1 7 3 5
1 7 4 5
1 7 5 1
1 7 6 5
1 7 7 5
1 7 8 5
1 7 9 0
2 7 -9 0
2 7 -8 5
2 7 -7 5
2 7 -6 5
2 7 -5 5
2 7 -4 5
2 7 -3 5
2 7 -2 5
2 7 -1 5
2 7 0 5
2 7 1 5
2 7 2 5
2 7 3 5
2 7 4 5
2 7 5 3
2 7 6 0
2 7 7 2
2 7 8 1
2 7 9 3
3 7 -9 4
3 7 -8 5
3 7 -7 5
3 7 -6 5
3 7 -5 5
3 7 -4 5
3 7 -3 5
3 7 -2 5
3 7 -1 5
3 7 0 5
3 7 1 5
3 7 2 5
3 7 3 5
3 7 4 5
3 7 5 5
3 7 6 5
3 7 7 5
3 7 8 2
4 7 -9 2
4 7 -8 5
4 7 -7 5
4 7 -6 5
4 7 -5 5
4 7 -4 5
4 7 -3 5
4 7 -2 5
4 7 -1 5
4 7 0 5
4 7 1 5
4 7 2 5
4 7 3 5
4 7 4 5
4 7 5 5
4 7 6 5
4 7 7 5
4 7 8 0
5 7 -9 0
5 7 -8 1
5 7 -7 0
5 7 -6 0
5 7 -5 25
5 7 -4 0
5 7 -3 0
5 7 -2 0
5 7 -1 25
5 7 0 0
5 7 1 1
5 7 2 2
5 7 3 25
5 7 4 2
5 7 5 1
5 7 6 0
5 7 7 0
5 7 8 0
6 7 -7 30
6 7 -3 30
6 7 1 30
6 7 5 30
-6 8 -10 31
-6 8 -9 31
-6 8 -8 31
-6 8 -7 31
-6 8 -6 31
-6 8 -5 31
-6 8 -4 31
-6 8 -3 31
-6 8 -2 31
-6 8 -1 31
-6 8 0 31
-6 8 1 31
-6 8 2 31
-6 8 3 31
-6 8 4 31
-6 8 5 31
-6 8 6 31
-6 8 7 31
-6 8 8 31
-6 8 9 31
-5 8 -9 0
-5 8 -8 0
-5 8 -7 0
-5 8 -6 0
-5 8 -5 0
-5 8 -4 4
-5 8 -3 4
-5 8 -2 0
-5 8 -1 0
-5 8 0 0
-5 8 1 2
-5 8 2 2
-5 8 3 2
-5 8 4 0
-5 8 5 0
-5 8 6 2
-5 8 7 4
-5 8 8 0
-4 8 -9 2
-4 8 -8 5
-4 8 -7 5
-4 8 -6 5
-4 8 -5 5
-4 8 -4 5
-4 8 -3 5
-4 8 -2 5
-4 8 -1 5
-4 8 0 5
-4 8 1 5
-4 8 2 5
-4 8 3 5
-4 8 4 5
-4 8 5 5
-4 8 6 5
-4 8 7 5
-4 8 8 1
-3 8 -9 0
-3 8 -8 5
-3 8 -7 5
-3 8 -6 5
-3 8 -5 5
-3 8 -4 5
-3 8 -3 5
-3 8 -2 5
-3 8 -1 5
-3 8 0 5
-3 8 1 5
-3 8 2 5
-3 8 3 5
-3 8 4 5
-3 8 5 5
-3 8 6 5
-3 8 7 5
-3 8 8 0
-2 8 -9 1
-2 8 -8 5
-2 8 -7 5
-2 8 -6 5
-2 8 -5 5
-2 8 -4 5
-2 8 -3 5
-2 8 -2 5
-2 8 -1 5
-2 8 0 5
-2 8 1 5
-2 8 2 5
-2 8 3 5
-2 8 4 5
-2 8 5 3
-2 8 6 4
-2 8 7 0
-2 8 8 0
-2 8 9 3
-1 8 -9 0
-1 8 -8 5
-1 8 -7 5
-1 8 -6 5
-1 8 -5 5
-1 8 -4 5
-1 8 -3 5
-1 8 -2 5
-1 8 -1 5
-1 8 0 5
-1 8 1 5
-1 8 2 5
-1 8 3 5
-1 8 4 5
-1 8 5 0
-1 8 6 5
-1 8 7 5
-1 8 8 5
-1 8 9 1
0 8 -9 0
0 8 -8 5
0 8 -7 5
0 8 -6 5
0 8 -5 29
0 8 -4 5
0 8 -3 5
0 8 -2 5
0 8 -1 5
0 8 0 29
0 8 1 5
0 8 2 5
0 8 3 5
0 8 4 5
0 8 5 2
0 8 6 5
0 8 7 5
0 8 8 5
0 8 9 0
1 8 -9 0
1 8 -8 5
1 8 -7 5
1 8 -6 5
1 8 -5 5
1 8 -4 5
1 8 -3 5
1 8 -2 5
1 8 -1 5
1 8 0 5
1 8 1 5
1 8 2 5
1 8 3 5
1 8 4 5
1 8 5 0
1 8 6 5
1 8 7 5
1 8 8 5
1 8 9 0
2 8 -9 4
2 8 -8 5
2 8 -7 5
2 8 -6 5
2 8 -5 5
2 8 -4 5
2 8 -3 5
2 8 -2 5
2 8 -1 5
2 8 0 5
2 8 1 5
2 8 2 5
2 8 3 5
2 8 4 5
2 8 5 3
2 8 6 1
2 8 7 0
2 8 8 1
2 8 9 3
3 8 -9 0
3 8 -8 5
3 8 -7 5
3 8 -6 5
3 8 -5 5
3 8 -4 5
3 8 -3 5
3 8 -2 5
3 8 -1 5
3 8 0 5
3 8 1 5
3 8 2 5
3 8 3 5
3 8 4 5
3 8 5 5
3 8 6 5
3 8 7 5
3 8 8 1
4 8 -9 0
4 8 -8 5
4 8 -7 5
4 8 -6 5
4 8 -5 5
4 8 -4 5
4 8 -3 5
4 8 -2 5
4 8 -1 5
4 8 0 5
4 8 1 5
4 8 2 5
4 8 3 5
4 8 4 5
4 8 5 5
4 8 6 5
4 8 7 5
4 8 8 2
5 8 -9 1
5 8 -8 0
5 8 -7 4
5 8 -6 0
5 8 -5 0
5 8 -4 0
5 8 -3 2
5 8 -2 0
5 8 -1 2
5 8 0 0
5 8 1 0
5 8 2 2
5 8 3 4
5 8 4 1
5 8 5 0
5 8 6 4
5 8 7 0
5 8 8 0
6 8 -10 32
6 8 -9 32
6 8 -8 32
6 8 -7 32
6 8 -6 32
6 8 -5 32
6 8 -4 32
6 8 -3 32
6 8 -2 32
6 8 -1 32
6 8 0 32
6 8 1 32
6 8 2 32
6 8 3 32
6 8 4 32
6 8 5 32
6 8 6 32
6 8 7 32
6 8 8 32
6 8 9 32
-5 9 -10 31
-5 9 -9 31
-5 9 -8 31
-5 9 -7 31
-5 9 -6 31
-5 9 -5 31
-5 9 -4 31
-5 9 -3 31
-5 9 -2 31
-5 9 -1 31
-5 9 0 31
-5 9 1 31
-5 9 2 31
-5 9 3 31
-5 9 4 31
-5 9 5 31
-5 9 6 31
-5 9 7 31
-5 9 8 31
-5 9 9 31
-4 9 -9 0
-4 9 8 0
-3 9 -9 1
-3 9 -8 5
-3 9 -7 5
-3 9 -6 5
-3 9 -5 5
-3 9 -4 5
-3 9 -3 5
-3 9 -2 5
-3 9 -1 5
-3 9 0 5
-3 9 1 5
-3 9 2 5
-3 9 3 5
-3 9 4 5
-3 9 5 5
-3 9 6 5
-3 9 7 5
-3 9 8 4
-2 9 -9 0
-2 9 -8 5
-2 9 -7 5
-2 9 -6 5
-2 9 -5 5
-2 9 -4 5
-2 9 -3 5
-2 9 -2 5
-2 9 -1 5
-2 9 0 5
-2 9 1 5
-2 9 2 5
-2 9 3 5
-2 9 4 5
-2 9 5 3
-2 9 6 0
-2 9 7 1
-2 9 8 0
-2 9 9 3
-1 9 -9 0
-1 9 -8 5
-1 9 -7 5
-1 9 -6 5
-1 9 -5 5
-1 9 -4 5
-1 9 -3 5
-1 9 -2 5
-1 9 -1 5
-1 9 0 5
-1 9 1 5
-1 9 2 5
-1 9 3 5
-1 9 4 5
-1 9 5 0
-1 9 6 5
-1 9 7 5
-1 9 8 5
-1 9 9 1
0 9 -9 0
0 9 -8 5
0 9 -7 5
0 9 -6 5
0 9 -5 29
0 9 -4 5
0 9 -3 5
0 9 -2 5
0 9 -1 5
0 9 0 29
0 9 1 5
0 9 2 5
0 9 3 5
0 9 4 5
0 9 5 1
0 9 6 5
0 9 7 5
0 9 8 5
0 9 9 0
1 9 -9 0
1 9 -8 5
1 9 -7 5
1 9 -6 5
1 9 -5 5
1 9 -4 5
1 9 -3 5
1 9 -2 5
1 9 -1 5
1 9 0 5
1 9 1 5
1 9 2 5
1 9 3 5
1 9 4 5
1 9 5 0
1 9 6 5
1 9 7 5
1 9 8 5
1 9 9 2
2 9 -9 0
2 9 -8 5
2 9 -7 5
2 9 -6 5
2 9 -5 5
2 9 -4 5
2 9 -3 5
2 9 -2 5
2 9 -1 5
2 9 0 5
2 9 1 5
2 9 2 5
2 9 3 5
2 9 4 5
2 9 5 3
2 9 6 0
2 9 7 0
2 9 8 0
2 9 9 3
3 9 -9 0
3 9 -8 5
3 9 -7 5
3 9 -6 5
3 9 -5 5
3 9 -4 5
3 9 -3 5
3 9 -2 5
3 9 -1 5
3 9 0 5
3 9 1 5
3 9 2 5
3 9 3 5
3 9 4 5
3 9 5 5
3 9 6 5
3 9 7 5
3 9 8 0
4 9 -9 1
4 9 8 0
5 9 -10 32
5 9 -9 32
5 9 -8 32
5 9 -7 32
5 9 -6 32
5 9 -5 32
5 9 -4 32
5 9 -3 32
5 9 -2 32
5 9 -1 32
5 9 0 32
5 9 1 32
5 9 2 32
5 9 3 32
5 9 4 32
5 9 5 32
5 9 6 32
5 9 7 32
5 9 8 32
5 9 9 32
-4 10 -10 31
-4 10 -9 31
-4 10 -8 31
-4 10 -7 31
-4 10 -6 31
-4 10 -5 31
-4 10 -4 31
-4 10 -3 31
-4 10 -2 31
-4 10 -1 31
-4 10 0 31
-4 10 1 31
-4 10 2 31
-4 10 3 31
-4 10 4 31
-4 10 5 31
-4 10 6 31
-4 10 7 31
-4 10 8 31
-4 10 9 31
-3 10 -9 0
-3 10 8 2
-2 10 -9 0
-2 10 -8 5
-2 10 -7 5
-2 10 -6 5
-2 10 -5 5
-2 10 -4 5
-2 10 -3 5
-2 10 -2 5
-2 10 -1 5
-2 10 0 5
-2 10 1 5
-2 10 2 5
-2 10 3 5
-2 10 4 5
-2 10 5 3
-2 10 6 0
-2 10 7 2
-2 10 8 0
-2 10 9 3
-1 10 -9 2
-1 10 -8 5
-1 10 -7 5
-1 10 -6 5
-1 10 -5 5
-1 10 -4 5
-1 10 -3 5
-1 10 -2 5
-1 10 -1 5
-1 10 0 5
-1 10 1 5
-1 10 2 5
-1 10 3 5
-1 10 4 5
-1 10 5 1
-1 10 6 5
-1 10 7 5
-1 10 8 5
-1 10 9 0
0 10 -9 0
0 10 -8 5
0 10 -7 5
0 10 -6 5
0 10 -5 29
0 10 -4 5
0 10 -3 5
0 10 -2 5
0 10 -1 5
0 10 0 29
0 10 1 5
0 10 2 5
0 10 3 5
0 10 4 5
0 10 5 0
0 10 6 5
0 10 7 5
0 10 8 5
0 10 9 0
1 10 -9 0
1 10 -8 5
1 10 -7 5
1 10 -6 5
1 10 -5 5
1 10 -4 5
1 10 -3 5
1 10 -2 5
1 10 -1 5
1 10 0 5
1 10 1 5
1 10 2 5
1 10 3 5
1 10 4 5
1 10 5 0
1 10 6 5
1 10 7 5
1 10 8 5
1 10 9 4
2 10 -9 0
2 10 -8 5
2 10 -7 5
2 10 -6 5
2 10 -5 5
2 10 -4 5
2 10 -3 5
2 10 -2 5
2 10 -1 5
2 10 0 5
2 10 1 5
2 10 2 5
2 10 3 5
2 10 4 5
2 10 5 3
2 10 6 0
2 10 7 4
2 10 8 1
2 10 9 3
3 10 -9 2
3 10 8 0
4 10 -10 32
4 10 -9 32
4 10 -8 32
4 10 -7 32
4 10 -6 32
4 10 -5 32
4 10 -4 32
4 10 -3 32
4 10 -2 32
4 10 -1 32
4 10 0 32
4 10 1 32
4 10 2 32
4 10 3 32
4 10 4 32
4 10 5 32
4 10 6 32
4 10 7 32
4 10 8 32
4 10 9 32
-3 11 -10 31
-3 11 -9 31
-3 11 -8 31
-3 11 -7 31
-3 11 -6 31
-3 11 -5 31
-3 11 -4 31
-3 11 -3 31
-3 11 -2 31
-3 11 -1 31
-3 11 0 31
-3 11 1 31
-3 11 2 31
-3 11 3 31
-3 11 4 31
-3 11 5 31
-3 11 6 31
-3 11 7 31
-3 11 8 31
-3 11 9 31
-2 11 -9 0
-2 11 5 3
-2 11 6 0
-2 11 7 0
-2 11 8 4
-2 11 9 3
-1 11 -9 0
-1 11 -8 5
-1 11 -7 5
-1 11 -6 5
-1 11 -5 5
-1 11 -4 5
-1 11 -3 5
-1 11 -2 5
-1 11 -1 5
-1 11 0 5
-1 11 1 5
-1 11 2 5
-1 11 3 5
-1 11 4 5
-1 11 5 0
-1 11 6 5
-1 11 7 5
-1 11 8 5
-1 11 9 0
0 11 -9 0
0 11 -8 5
0 11 -7 5
0 11 -6 5
0 11 -5 29
0 11 -4 5
0 11 -3 5
0 11 -2 5
0 11 -1 5
0 11 0 29
0 11 1 5
0 11 2 5
0 11 3 5
0 11 4 5
0 11 5 1
0 11 6 5
0 11 7 5
0 11 8 5
0 11 9 0
1 11 -9 4
1 11 -8 5
1 11 -7 5
1 11 -6 5
1 11 -5 5
1 11 -4 5
1 11 -3 5
1 11 -2 5
1 11 -1 5
1 11 0 5
1 11 1 5
1 11 2 5
1 11 3 5
1 11 4 5
1 11 5 0
1 11 6 5
1 11 7 5
1 11 8 5
1 11 9 0
2 11 -9 0
2 11 5 3
2 11 6 0
2 11 7 2
2 11 8 2
2 11 9 3
3 11 -10 32
3 11 -9 32
3 11 -8 32
3 11 -7 32
3 11 -6 32
3 11 -5 32
3 11 -4 32
3 11 -3 32
3 11 -2 32
3 11 -1 32
3 11 0 32
3 11 1 32
3 11 2 32
3 11 3 32
3 11 4 32
3 11 5 32
3 11 6 32
3 11 7 32
3 11 8 32
3 11 9 32
-2 12 -10 31
-2 12 -9 31
-2 12 -8 31
-2 12 -7 31
-2 12 -6 31
-2 12 -5 31
-2 12 -4 31
-2 12 -3 31
-2 12 -2 31
-2 12 -1 31
-2 12 0 31
-2 12 1 31
-2 12 2 31
-2 12 3 31
-2 12 4 31
-2 12 5 3
-2 12 6 1
-2 12 7 0
-2 12 8 2
-2 12 9 3
-1 12 -9 0
-1 12 5 1
-1 12 6 5
-1 12 7 5
-1 12 8 5
-1 12 9 0
0 12 -9 0
0 12 -8 5
0 12 -7 5
0 12 -6 5
0 12 -5 5
0 12 -4 5
0 12 -3 5
0 12 -2 5
0 12 -1 5
0 12 0 5
0 12 1 5
0 12 2 5
0 12 3 5
0 12 4 5
0 12 5 4
0 12 6 5
0 12 7 5
0 12 8 5
0 12 9 2
1 12 -9 0
1 12 5 0
1 12 6 5
1 12 7 5
1 12 8 5
1 12 9 2
2 12 -10 32
2 12 -9 32
2 12 -8 32
2 12 -7 32
2 12 -6 32
2 12 -5 32
2 12 -4 32
2 12 -3 32
2 12 -2 32
2 12 -1 32
2 12 0 32
2 12 1 32
2 12 2 32
2 12 3 32
2 12 4 32
2 12 5 3
2 12 6 0
2 12 7 0
2 12 8 0
2 12 9 3
-2 13 5 3
-2 13 6 0
-2 13 7 2
-2 13 8 0
-2 13 9 3
-1 13 -10 31
-1 13 -9 31
-1 13 -8 31
-1 13 -7 31
-1 13 -6 31
-1 13 -5 31
-1 13 -4 31
-1 13 -3 31
-1 13 -2 31
-1 13 -1 31
-1 13 0 31
-1 13 1 31
-1 13 2 31
-1 13 3 31
-1 13 4 31
-1 13 5 1
-1 13 6 5
-1 13 7 5
-1 13 8 5
-1 13 9 0
0 13 -9 0
0 13 5 0
0 13 6 5
0 13 7 5
0 13 8 5
0 13 9 0
1 13 -10 32
1 13 -9 32
1 13 -8 32
1 13 -7 32
1 13 -6 32
1 13 -5 32
1 13 -4 32
1 13 -3 32
1 13 -2 32
1 13 -1 32
1 13 0 32
1 13 1 32
1 13 2 32
1 13 3 32
1 13 4 32
1 13 5 0
1 13 6 5
1 13 7 5
1 13 8 5
1 13 9 0
2 13 5 3
2 13 6 0
2 13 7 0
2 13 8 4
2 13 9 3
-2 14 5 3
-2 14 6 0
-2 14 7 0
-2 14 8 0
-2 14 9 3
-1 14 5 0
-1 14 6 5
-1 14 7 5
-1 14 8 5
-1 14 9 1
0 14 -10 33
0 14 -9 33
0 14 -8 33
0 14 -7 33
0 14 -6 33
0 14 -5 33
0 14 -4 33
0 14 -3 33
0 14 -2 33
0 14 -1 33
0 14 0 33
0 14 1 33
0 14 2 33
0 14 3 33
0 14 4 33
0 14 5 0
0 14 6 5
0 14 7 5
0 14 8 5
0 14 9 0
1 14 5 1
1 14 6 5
1 14 7 5
1 14 8 5
1 14 9 0
2 14 5 3
2 14 6 2
2 14 7 0
2 14 8 1
2 14 9 3
-2 15 5 3
-2 15 6 1
-2 15 7 0
-2 15 8 0
-2 15 9 3
-1 15 5 0
-1 15 6 5
-1 15 7 5
-1 15 8 5
-1 15 9 0
0 15 5 5
0 15 6 5
0 15 7 5
0 15 8 5
0 15 9 5
1 15 5 0
1 15 6 5
1 15 7 5
1 15 8 5
1 15 9 0
2 15 5 3
2 15 6 0
2 15 7 1
2 15 8 0
2 15 9 3
-2 16 5 3
-2 16 6 4
-2 16 7 0
-2 16 8 0
-2 16 9 3
-1 16 5 2
-1 16 6 5
-1 16 7 5
-1 16 8 5
-1 16 9 1
0 16 5 5
0 16 6 5
0 16 7 5
0 16 8 5
0 16 9 5
1 16 5 0
1 16 6 5
1 16 7 5
1 16 8 5
1 16 9 0
2 16 5 3
2 16 6 0
2 16 7 2
2 16 8 0
2 16 9 3
-2 17 5 3
-2 17 6 4
-2 17 7 0
-2 17 8 0
-2 17 9 3
-1 17 5 0
-1 17 6 5
-1 17 7 5
-1 17 8 5
-1 17 9 0
0 17 5 5
0 17 6 5
0 17 7 34
0 17 8 5
0 17 9 5
1 17 5 0
1 17 6 5
1 17 7 5
1 17 8 5
1 17 9 2
2 17 5 3
2 17 6 4
2 17 7 4
2 17 8 0
2 17 9 3
-2 18 5 3
-2 18 6 0
-2 18 7 0
-2 18 8 1
-2 18 9 3
-1 18 5 0
-1 18 6 0
-1 18 7 0
-1 18 8 0
-1 18 9 0
0 18 5 0
0 18 6 0
0 18 7 0
0 18 8 0
0 18 9 0
1 18 5 0
1 18 6 0
1 18 7 0
1 18 8 0
1 18 9 0
2 18 5 3
2 18 6 0
2 18 7 0
2 18 8 0
2 18 9 3
-3 19 4 35
-3 19 5 35
-3 19 6 35
-3 19 7 35
-3 19 8 35
-3 19 9 35
-3 19 10 35
-2 19 4 35
-2 19 10 35
-1 19 4 35
-1 19 10 35
0 19 4 35
0 19 10 35
1 19 4 35
1 19 10 35
2 19 4 35
2 19 10 35
3 19 4 35
3 19 5 35
3 19 6 35
3 19 7 35
3 19 8 35
3 19 9 35
3 19 10 35
-3 20 4 35
-3 20 5 35
-3 20 6 35
-3 20 7 35
-3 20 8 35
-3 20 9 35
-3 20 10 35
-2 20 4 35
-2 20 10 35
-1 20 4 35
-1 20 10 35
0 20 4 35
0 20 10 35
1 20 4 35
1 20 10 35
2 20 4 35
2 20 10 35
3 20 4 35
3 20 5 35
3 20 6 35
3 20 7 35
3 20 8 35
3 20 9 35
3 20 10 35
-3 21 4 35
-3 21 5 35
-3 21 6 35
-3 21 7 35
-3 21 8 35
-3 21 9 35
-3 21 10 35
-2 21 4 35
-2 21 10 35
-1 21 4 35
-1 21 10 35
0 21 4 35
0 21 10 35
1 21 4 35
1 21 10 35
2 21 4 35
2 21 10 35
3 21 4 35
3 21 5 35
3 21 6 35
3 21 7 35
3 21 8 35
3 21 9 35
3 21 10 35
-2 22 5 35
-2 22 6 35
-2 22 7 35
-2 22 8 35
-2 22 9 35
-1 22 5 35
-1 22 9 35
0 22 5 35
0 22 9 35
1 22 5 35
1 22 9 35
2 22 5 35
2 22 6 35
2 22 7 35
2 22 8 35
2 22 9 35
-2 23 5 35
-2 23 6 35
-2 23 7 35
-2 23 8 35
-2 23 9 35
-1 23 5 35
-1 23 9 35
0 23 5 35
0 23 9 35
1 23 5 35
1 23 9 35
2 23 5 35
2 23 6 35
2 23 7 35
2 23 8 35
2 23 9 35
-2 24 5 35
-2 24 6 35
-2 24 7 35
-2 24 8 35
-2 24 9 35
-1 24 5 35
-1 24 9 35
0 24 5 35
0 24 9 35
1 24 5 35
1 24 9 35
2 24 5 35
2 24 6 35
2 24 7 35
2 24 8 35
2 24 9 35
-1 25 6 35
-1 25 7 35
-1 25 8 35
0 25 6 35
0 25 8 35
1 25 6 35
1 25 7 35
1 25 8 35
-1 26 6 35
-1 26 7 35
-1 26 8 35
0 26 6 35
0 26 8 35
1 26 6 35
1 26 7 35
1 26 8 35
-1 27 6 35
-1 27 7 35
-1 27 8 35
0 27 6 35
0 27 8 35
1 27 6 35
1 27 7 35
1 27 8 35
0 28 7 36
