core 0 1 4
P minecraft:cobblestone_stairs[facing=east,half=bottom,shape=straight,waterlogged=false]
P minecraft:cobblestone_stairs[facing=south,half=bottom,shape=straight,waterlogged=false]
P minecraft:andesite
P minecraft:mossy_cobblestone
P minecraft:stone
P minecraft:cobblestone
P minecraft:cobblestone_stairs[facing=north,half=bottom,shape=straight,waterlogged=false]
P minecraft:dark_oak_planks
P minecraft:cobblestone_stairs[facing=west,half=bottom,shape=straight,waterlogged=false]
P minecraft:gravel
P minecraft:spruce_stairs[facing=east,half=top,shape=straight,waterlogged=false]
P minecraft:chest[facing=east,type=single,waterlogged=false]
P minecraft:bricks
P minecraft:campfire[facing=east,lit=true,signal_fire=false,waterlogged=false]
P minecraft:crafting_table
P minecraft:air
P minecraft:spruce_stairs[facing=south,half=top,shape=straight,waterlogged=false]
P minecraft:barrel[facing=up,open=false]
P minecraft:spruce_stairs[facing=north,half=top,shape=straight,waterlogged=false]
P minecraft:furnace[facing=south,lit=false]
P minecraft:grindstone[face=floor,facing=south]
P minecraft:spruce_door[facing=north,half=lower,hinge=left,open=false,powered=false]
P minecraft:smoker[facing=north,lit=false]
P minecraft:bookshelf
P minecraft:spruce_stairs[facing=west,half=bottom,shape=straight,waterlogged=false]
P minecraft:water_cauldron[level=3]
P minecraft:spruce_stairs[facing=west,half=top,shape=straight,waterlogged=false]
P minecraft:stone_bricks
P minecraft:blast_furnace[facing=south,lit=true]
P minecraft:anvil[facing=north]
P minecraft:grindstone[face=floor,facing=east]
P minecraft:dark_oak_log[axis=y]
P minecraft:smithing_table
P minecraft:chest[facing=west,type=single,waterlogged=false]
P minecraft:dark_oak_trapdoor[facing=west,half=bottom,open=true,powered=false,waterlogged=false]
P minecraft:glass_pane[east=true,north=true,south=true,waterlogged=false,west=false]
P minecraft:dark_oak_trapdoor[facing=north,half=bottom,open=true,powered=false,waterlogged=false]
P minecraft:dark_oak_trapdoor[facing=south,half=bottom,open=true,powered=false,waterlogged=false]
P minecraft:glass_pane[east=true,north=false,south=false,waterlogged=false,west=true]
P minecraft:potted_fern
P minecraft:spruce_door[facing=north,half=upper,hinge=left,open=false,powered=false]
P minecraft:lantern[hanging=true,waterlogged=false]
P minecraft:glass_pane[east=false,north=true,south=true,waterlogged=false,west=false]
P minecraft:dark_oak_trapdoor[facing=east,half=bottom,open=true,powered=false,waterlogged=false]
P minecraft:campfire[facing=south,lit=true,signal_fire=false,waterlogged=false]
P minecraft:brick_stairs[facing=west,half=top,shape=straight,waterlogged=false]
P minecraft:spruce_slab[type=top,waterlogged=false]
P minecraft:stone_brick_slab[type=bottom,waterlogged=false]
P minecraft:stripped_dark_oak_log[axis=x]
P minecraft:dark_oak_log[axis=z]
P minecraft:dark_oak_log[axis=x]
P minecraft:stripped_birch_wood
P minecraft:birch_planks
P minecraft:yellow_bed[facing=west,occupied=false,part=head]
P minecraft:yellow_bed[facing=west,occupied=false,part=foot]
P minecraft:yellow_carpet
P minecraft:spruce_fence[east=true,north=false,south=false,waterlogged=false,west=false]
P minecraft:spruce_fence[east=true,north=false,south=false,waterlogged=false,west=true]
P minecraft:spruce_fence[east=false,north=false,south=false,waterlogged=false,west=true]
P minecraft:yellow_bed[facing=south,occupied=false,part=foot]
P minecraft:yellow_bed[facing=south,occupied=false,part=head]
P minecraft:lantern[hanging=false,waterlogged=false]
P minecraft:spruce_stairs[facing=south,half=bottom,shape=straight,waterlogged=false]
P minecraft:spruce_stairs[facing=north,half=bottom,shape=straight,waterlogged=false]
P minecraft:dark_oak_stairs[facing=south,half=bottom,shape=straight,waterlogged=false]
P minecraft:dark_oak_stairs[facing=north,half=bottom,shape=straight,waterlogged=false]
P minecraft:dark_oak_slab[type=bottom,waterlogged=false]
-5 0 -4 0
-5 0 -3 0
-5 0 -2 0
-5 0 -1 0
-5 0 0 0
-5 0 1 0
-5 0 2 0
-5 0 3 0
-4 0 -5 1
-4 0 -4 2
-4 0 -3 3
-4 0 -2 4
-4 0 -1 5
-4 0 0 5
-4 0 1 3
-4 0 2 2
-4 0 3 5
-4 0 4 6
-3 0 -5 1
-3 0 -4 5
-3 0 -3 7
-3 0 -2 7
-3 0 -1 7
-3 0 0 7
-3 0 1 7
-3 0 2 7
-3 0 3 4
-3 0 4 6
-2 0 -5 1
-2 0 -4 5
-2 0 -3 7
-2 0 -2 7
-2 0 -1 7
-2 0 0 7
-2 0 1 7
-2 0 2 7
-2 0 3 3
-2 0 4 6
-1 0 -5 1
-1 0 -4 5
-1 0 -3 7
-1 0 -2 7
-1 0 -1 7
-1 0 0 7
-1 0 1 7
-1 0 2 7
-1 0 3 3
-1 0 4 6
0 0 -5 1
0 0 -4 5
0 0 -3 7
0 0 -2 7
0 0 -1 7
0 0 0 7
0 0 1 7
0 0 2 7
0 0 3 2
1 0 -5 1
1 0 -4 5
1 0 -3 7
1 0 -2 7
1 0 -1 7
1 0 0 7
1 0 1 7
1 0 2 7
1 0 3 3
1 0 4 6
2 0 -5 1
2 0 -4 5
2 0 -3 7
2 0 -2 7
2 0 -1 7
2 0 0 7
2 0 1 7
2 0 2 7
2 0 3 4
2 0 4 6
3 0 -5 1
3 0 -4 5
3 0 -3 7
3 0 -2 7
3 0 -1 7
3 0 0 7
3 0 1 7
3 0 2 7
3 0 3 5
3 0 4 6
4 0 -5 1
4 0 -4 2
4 0 -3 5
4 0 -2 5
4 0 -1 4
4 0 0 2
4 0 1 5
4 0 2 5
4 0 3 2
4 0 4 6
5 0 -4 8
5 0 -3 5
5 0 -2 5
5 0 -1 5
5 0 0 5
5 0 1 5
5 0 2 5
5 0 3 5
6 0 -3 5
6 0 -2 5
6 0 -1 5
6 0 0 5
6 0 1 9
6 0 2 5
6 0 3 5
7 0 -3 5
7 0 -2 9
7 0 -1 5
7 0 0 9
7 0 1 5
7 0 2 4
7 0 3 5
8 0 -3 5
8 0 -2 9
8 0 -1 5
8 0 0 5
8 0 1 5
8 0 2 4
8 0 3 5
9 0 -3 5
9 0 -2 4
9 0 -1 9
9 0 0 9
9 0 1 5
9 0 2 4
9 0 3 5
10 0 -3 5
10 0 -2 9
10 0 -1 5
10 0 0 5
10 0 1 5
10 0 2 5
10 0 3 9
-5 1 -2 10
-4 1 -4 5
-4 1 -3 5
-4 1 -2 5
-4 1 -1 5
-4 1 0 5
-4 1 1 5
-4 1 2 5
-4 1 3 5
-3 1 -4 5
-3 1 -3 11
-3 1 -2 12
-3 1 -1 13
-3 1 0 12
-3 1 1 14
-3 1 2 15
-3 1 3 3
-2 1 -5 16
-2 1 -4 5
-2 1 -3 17
-2 1 -2 15
-2 1 -1 15
-2 1 0 15
-2 1 1 15
-2 1 2 15
-2 1 3 5
-2 1 4 18
-1 1 -4 5
-1 1 -3 19
-1 1 -2 15
-1 1 -1 15
-1 1 0 15
-1 1 1 15
-1 1 2 15
-1 1 3 5
0 1 -4 5
0 1 -3 7
0 1 -2 15
0 1 -1 20
0 1 0 15
0 1 1 15
0 1 2 15
0 1 3 21
1 1 -4 5
1 1 -3 7
1 1 -2 15
1 1 -1 15
1 1 0 15
1 1 1 15
1 1 2 22
1 1 3 5
2 1 -5 16
2 1 -4 5
2 1 -3 7
2 1 -2 15
2 1 -1 15
2 1 0 15
2 1 1 15
2 1 2 23
2 1 3 2
2 1 4 18
3 1 -4 5
3 1 -3 24
3 1 -2 15
3 1 -1 17
3 1 0 25
3 1 1 15
3 1 2 15
3 1 3 2
4 1 -4 5
4 1 -3 2
4 1 -2 3
4 1 -1 5
4 1 0 4
4 1 1 3
4 1 2 3
4 1 3 2
5 1 -3 15
5 1 -2 26
5 1 -1 15
5 1 0 15
5 1 1 15
5 1 2 15
5 1 3 15
6 1 -3 15
6 1 -2 15
6 1 -1 15
6 1 0 15
6 1 1 15
6 1 2 17
6 1 3 15
7 1 -3 27
7 1 -2 27
7 1 -1 15
7 1 0 15
7 1 1 15
7 1 2 25
7 1 3 15
8 1 -3 27
8 1 -2 28
8 1 -1 15
8 1 0 15
8 1 1 15
8 1 2 15
8 1 3 15
9 1 -3 15
9 1 -2 15
9 1 -1 15
9 1 0 29
9 1 1 15
9 1 2 30
9 1 3 15
10 1 -3 31
10 1 -2 32
10 1 -1 15
10 1 0 31
10 1 1 15
10 1 2 15
10 1 3 33
-5 2 -3 34
-5 2 -1 34
-4 2 -4 27
-4 2 -3 3
-4 2 -2 35
-4 2 -1 5
-4 2 0 5
-4 2 1 3
-4 2 2 5
-4 2 3 27
-3 2 -5 36
-3 2 -4 3
-3 2 -3 15
-3 2 -2 12
-3 2 -1 12
-3 2 0 12
-3 2 1 15
-3 2 2 15
-3 2 3 5
-3 2 4 37
-2 2 -4 38
-2 2 -3 39
-2 2 -2 15
-2 2 -1 15
-2 2 0 15
-2 2 1 15
-2 2 2 15
-2 2 3 38
-1 2 -5 36
-1 2 -4 5
-1 2 -3 15
-1 2 -2 15
-1 2 -1 15
-1 2 0 15
-1 2 1 15
-1 2 2 15
-1 2 3 5
-1 2 4 37
0 2 -4 5
0 2 -3 7
0 2 -2 15
0 2 -1 15
0 2 0 15
0 2 1 15
0 2 2 15
0 2 3 40
1 2 -5 36
1 2 -4 5
1 2 -3 7
1 2 -2 15
1 2 -1 15
1 2 0 15
1 2 1 15
1 2 2 15
1 2 3 5
1 2 4 41
2 2 -4 38
2 2 -3 24
2 2 -2 15
2 2 -1 15
2 2 0 15
2 2 1 15
2 2 2 39
2 2 3 38
3 2 -5 36
3 2 -4 2
3 2 -3 15
3 2 -2 15
3 2 -1 15
3 2 0 15
3 2 1 15
3 2 2 15
3 2 3 3
3 2 4 37
4 2 -4 27
4 2 -3 5
4 2 -2 42
4 2 -1 2
4 2 0 5
4 2 1 5
4 2 2 5
4 2 3 27
5 2 -3 43
5 2 -2 15
5 2 -1 43
5 2 0 15
5 2 1 15
5 2 2 15
5 2 3 15
6 2 -3 15
6 2 -2 15
6 2 -1 15
6 2 0 15
6 2 1 15
6 2 2 15
6 2 3 15
7 2 -3 27
7 2 -2 44
7 2 -1 15
7 2 0 15
7 2 1 15
7 2 2 15
7 2 3 15
8 2 -3 27
8 2 -2 27
8 2 -1 15
8 2 0 15
8 2 1 15
8 2 2 15
8 2 3 15
9 2 -3 15
9 2 -2 15
9 2 -1 15
9 2 0 15
9 2 1 15
9 2 2 15
9 2 3 15
10 2 -3 31
10 2 -2 15
10 2 -1 15
10 2 0 31
10 2 1 15
10 2 2 15
10 2 3 31
-5 3 -3 34
-5 3 -1 34
-4 3 -4 5
-4 3 -3 5
-4 3 -2 42
-4 3 -1 3
-4 3 0 2
-4 3 1 2
-4 3 2 3
-4 3 3 3
-3 3 -5 36
-3 3 -4 5
-3 3 -3 15
-3 3 -2 15
-3 3 -1 12
-3 3 0 15
-3 3 1 15
-3 3 2 15
-3 3 3 5
-3 3 4 37
-2 3 -4 38
-2 3 -3 15
-2 3 -2 45
-2 3 -1 45
-2 3 0 45
-2 3 1 15
-2 3 2 15
-2 3 3 38
-1 3 -5 36
-1 3 -4 3
-1 3 -3 15
-1 3 -2 15
-1 3 -1 15
-1 3 0 15
-1 3 1 15
-1 3 2 15
-1 3 3 5
-1 3 4 18
0 3 -5 16
0 3 -4 5
0 3 -3 7
0 3 -2 15
0 3 -1 41
0 3 0 15
0 3 1 15
0 3 2 15
0 3 3 27
0 3 4 46
1 3 -5 36
1 3 -4 5
1 3 -3 24
1 3 -2 15
1 3 -1 15
1 3 0 15
1 3 1 15
1 3 2 15
1 3 3 2
1 3 4 18
2 3 -4 38
2 3 -3 15
2 3 -2 15
2 3 -1 15
2 3 0 15
2 3 1 15
2 3 2 15
2 3 3 38
3 3 -5 36
3 3 -4 2
3 3 -3 15
3 3 -2 15
3 3 -1 15
3 3 0 15
3 3 1 15
3 3 2 15
3 3 3 3
3 3 4 37
4 3 -4 4
4 3 -3 2
4 3 -2 42
4 3 -1 5
4 3 0 2
4 3 1 4
4 3 2 5
4 3 3 5
5 3 -3 43
5 3 -2 15
5 3 -1 43
5 3 0 15
5 3 1 15
5 3 2 15
5 3 3 15
6 3 -3 15
6 3 -2 15
6 3 -1 15
6 3 0 15
6 3 1 15
6 3 2 15
6 3 3 15
7 3 -3 27
7 3 -2 47
7 3 -1 15
7 3 0 15
7 3 1 15
7 3 2 15
7 3 3 15
8 3 -3 15
8 3 -2 15
8 3 -1 15
8 3 0 41
8 3 1 15
8 3 2 15
8 3 3 15
9 3 -4 24
9 3 -3 24
9 3 -2 24
9 3 -1 24
9 3 0 24
9 3 1 24
9 3 2 24
9 3 3 24
9 3 4 24
10 3 -4 46
10 3 -3 46
10 3 -2 46
10 3 -1 46
10 3 0 46
10 3 1 46
10 3 2 46
10 3 3 46
10 3 4 46
-5 4 -2 48
-5 4 2 48
-4 4 -5 31
-4 4 -4 49
-4 4 -3 49
-4 4 -2 49
-4 4 -1 49
-4 4 0 49
-4 4 1 49
-4 4 2 49
-4 4 3 49
-4 4 4 31
-3 4 -5 50
-3 4 -4 7
-3 4 -3 7
-3 4 -2 7
-3 4 -1 12
-3 4 0 7
-3 4 1 7
-3 4 2 7
-3 4 3 7
-3 4 4 50
-2 4 -5 50
-2 4 -4 7
-2 4 -3 7
-2 4 -2 7
-2 4 -1 7
-2 4 0 7
-2 4 1 7
-2 4 2 7
-2 4 3 7
-2 4 4 50
-1 4 -5 50
-1 4 -4 7
-1 4 -3 7
-1 4 -2 7
-1 4 -1 7
-1 4 0 7
-1 4 1 7
-1 4 2 7
-1 4 3 7
-1 4 4 50
0 4 -5 50
0 4 -4 7
0 4 -3 24
0 4 -2 7
0 4 -1 7
0 4 0 7
0 4 1 7
0 4 2 7
0 4 3 7
0 4 4 50
1 4 -5 50
1 4 -4 7
1 4 -3 15
1 4 -2 7
1 4 -1 7
1 4 0 7
1 4 1 7
1 4 2 7
1 4 3 7
1 4 4 50
2 4 -5 50
2 4 -4 7
2 4 -3 15
2 4 -2 7
2 4 -1 7
2 4 0 7
2 4 1 7
2 4 2 7
2 4 3 7
2 4 4 50
3 4 -5 50
3 4 -4 7
3 4 -3 7
3 4 -2 7
3 4 -1 7
3 4 0 7
3 4 1 7
3 4 2 7
3 4 3 7
3 4 4 50
4 4 -5 31
4 4 -4 49
4 4 -3 49
4 4 -2 49
4 4 -1 49
4 4 0 49
4 4 1 49
4 4 2 49
4 4 3 49
4 4 4 31
5 4 -3 15
5 4 -2 48
5 4 -1 15
5 4 0 15
5 4 1 15
5 4 2 48
5 4 3 15
6 4 -3 15
6 4 -2 15
6 4 -1 15
6 4 0 15
6 4 1 15
6 4 2 15
6 4 3 15
7 4 -4 24
7 4 -3 5
7 4 -2 24
7 4 -1 24
7 4 0 24
7 4 1 24
7 4 2 24
7 4 3 24
7 4 4 24
8 4 -4 46
8 4 -3 46
8 4 -2 46
8 4 -1 46
8 4 0 46
8 4 1 46
8 4 2 46
8 4 3 46
8 4 4 46
9 4 -3 15
9 4 -2 15
9 4 -1 15
9 4 0 15
9 4 1 15
9 4 2 15
9 4 3 15
10 4 -3 15
10 4 -2 15
10 4 -1 15
10 4 0 15
10 4 1 15
10 4 2 15
10 4 3 15
-5 5 -2 10
-5 5 2 10
-4 5 -5 31
-4 5 -4 31
-4 5 -3 51
-4 5 -2 51
-4 5 -1 51
-4 5 0 31
-4 5 1 52
-4 5 2 51
-4 5 3 51
-4 5 4 31
-3 5 -5 52
-3 5 -4 15
-3 5 -3 11
-3 5 -2 15
-3 5 -1 12
-3 5 0 15
-3 5 1 17
-3 5 2 53
-3 5 3 15
-3 5 4 51
-2 5 -6 16
-2 5 -5 51
-2 5 -4 15
-2 5 -3 15
-2 5 -2 15
-2 5 -1 15
-2 5 0 15
-2 5 1 15
-2 5 2 54
-2 5 3 15
-2 5 4 51
-2 5 5 18
-1 5 -5 51
-1 5 -4 15
-1 5 -3 15
-1 5 -2 55
-1 5 -1 55
-1 5 0 55
-1 5 1 15
-1 5 2 15
-1 5 3 15
-1 5 4 51
0 5 -5 31
0 5 -4 17
0 5 -3 15
0 5 -2 56
0 5 -1 55
0 5 0 55
0 5 1 15
0 5 2 15
0 5 3 15
0 5 4 31
1 5 -5 51
1 5 -4 15
1 5 -3 15
1 5 -2 57
1 5 -1 55
1 5 0 55
1 5 1 15
1 5 2 15
1 5 3 15
1 5 4 51
2 5 -6 16
2 5 -5 52
2 5 -4 15
2 5 -3 15
2 5 -2 58
2 5 -1 15
2 5 0 15
2 5 1 15
2 5 2 59
2 5 3 60
2 5 4 51
2 5 5 18
3 5 -5 51
3 5 -4 15
3 5 -3 15
3 5 -2 15
3 5 -1 23
3 5 0 15
3 5 1 15
3 5 2 15
3 5 3 17
3 5 4 52
4 5 -5 31
4 5 -4 31
4 5 -3 51
4 5 -2 51
4 5 -1 51
4 5 0 31
4 5 1 51
4 5 2 52
4 5 3 51
4 5 4 31
5 5 -4 24
5 5 -3 24
5 5 -2 24
5 5 -1 24
5 5 0 24
5 5 1 24
5 5 2 24
5 5 3 24
5 5 4 24
6 5 -4 46
6 5 -3 46
6 5 -2 46
6 5 -1 46
6 5 0 46
6 5 1 46
6 5 2 46
6 5 3 46
6 5 4 46
7 5 -3 5
-5 6 -3 34
-5 6 -1 34
-4 6 -5 31
-4 6 -4 31
-4 6 -3 51
-4 6 -2 42
-4 6 -1 51
-4 6 0 31
-4 6 1 51
-4 6 2 42
-4 6 3 51
-4 6 4 31
-3 6 -5 52
-3 6 -4 15
-3 6 -3 15
-3 6 -2 15
-3 6 -1 12
-3 6 0 15
-3 6 1 61
-3 6 2 15
-3 6 3 15
-3 6 4 51
-3 6 5 37
-2 6 -5 38
-2 6 -4 15
-2 6 -3 15
-2 6 -2 15
-2 6 -1 15
-2 6 0 15
-2 6 1 15
-2 6 2 15
-2 6 3 15
-2 6 4 38
-1 6 -5 51
-1 6 -4 15
-1 6 -3 15
-1 6 -2 15
-1 6 -1 15
-1 6 0 15
-1 6 1 15
-1 6 2 15
-1 6 3 15
-1 6 4 51
-1 6 5 37
0 6 -5 31
0 6 -4 15
0 6 -3 15
0 6 -2 15
0 6 -1 15
0 6 0 15
0 6 1 15
0 6 2 15
0 6 3 15
0 6 4 31
1 6 -5 51
1 6 -4 15
1 6 -3 15
1 6 -2 15
1 6 -1 15
1 6 0 15
1 6 1 15
1 6 2 15
1 6 3 15
1 6 4 52
2 6 -5 38
2 6 -4 15
2 6 -3 15
2 6 -2 15
2 6 -1 15
2 6 0 15
2 6 1 15
2 6 2 15
2 6 3 15
2 6 4 38
3 6 -5 51
3 6 -4 15
3 6 -3 15
3 6 -2 15
3 6 -1 15
3 6 0 15
3 6 1 15
3 6 2 15
3 6 3 61
3 6 4 52
4 6 -5 31
4 6 -4 31
4 6 -3 51
4 6 -2 42
4 6 -1 51
4 6 0 31
4 6 1 51
4 6 2 42
4 6 3 52
4 6 4 31
7 6 -3 27
-5 7 -3 34
-5 7 -1 34
-4 7 -5 31
-4 7 -4 31
-4 7 -3 52
-4 7 -2 42
-4 7 -1 51
-4 7 0 31
-4 7 1 51
-4 7 2 42
-4 7 3 51
-4 7 4 31
-3 7 -5 52
-3 7 -4 15
-3 7 -3 15
-3 7 -2 15
-3 7 -1 12
-3 7 0 15
-3 7 1 15
-3 7 2 15
-3 7 3 15
-3 7 4 51
-3 7 5 37
-2 7 -5 38
-2 7 -4 15
-2 7 -3 15
-2 7 -2 15
-2 7 -1 15
-2 7 0 15
-2 7 1 15
-2 7 2 15
-2 7 3 15
-2 7 4 38
-1 7 -5 51
-1 7 -4 15
-1 7 -3 15
-1 7 -2 15
-1 7 -1 15
-1 7 0 15
-1 7 1 15
-1 7 2 15
-1 7 3 15
-1 7 4 51
-1 7 5 37
0 7 -5 31
0 7 -4 15
0 7 -3 15
0 7 -2 15
0 7 -1 41
0 7 0 15
0 7 1 15
0 7 2 15
0 7 3 15
0 7 4 31
1 7 -5 51
1 7 -4 15
1 7 -3 15
1 7 -2 15
1 7 -1 15
1 7 0 15
1 7 1 15
1 7 2 15
1 7 3 15
1 7 4 52
2 7 -5 38
2 7 -4 15
2 7 -3 15
2 7 -2 15
2 7 -1 15
2 7 0 15
2 7 1 15
2 7 2 15
2 7 3 15
2 7 4 38
3 7 -5 51
3 7 -4 15
3 7 -3 15
3 7 -2 15
3 7 -1 15
3 7 0 15
3 7 1 15
3 7 2 15
3 7 3 15
3 7 4 51
4 7 -5 31
4 7 -4 31
4 7 -3 51
4 7 -2 42
4 7 -1 51
4 7 0 31
4 7 1 51
4 7 2 42
4 7 3 51
4 7 4 31
7 7 -3 5
-5 8 -6 62
-5 8 5 63
-4 8 -6 62
-4 8 -5 31
-4 8 -4 49
-4 8 -3 49
-4 8 -2 49
-4 8 -1 49
-4 8 0 49
-4 8 1 49
-4 8 2 49
-4 8 3 49
-4 8 4 31
-4 8 5 63
-3 8 -6 62
-3 8 -5 50
-3 8 -1 12
-3 8 4 50
-3 8 5 63
-2 8 -6 64
-2 8 -5 50
-2 8 4 50
-2 8 5 63
-1 8 -6 62
-1 8 -5 50
-1 8 4 50
-1 8 5 63
0 8 -6 62
0 8 -5 50
0 8 4 50
0 8 5 63
1 8 -6 62
1 8 -5 50
1 8 4 50
1 8 5 65
2 8 -6 62
2 8 -5 50
2 8 4 50
2 8 5 63
3 8 -6 62
3 8 -5 50
3 8 4 50
3 8 5 63
4 8 -6 62
4 8 -5 31
4 8 -4 49
4 8 -3 49
4 8 -2 49
4 8 -1 49
4 8 0 49
4 8 1 49
4 8 2 49
4 8 3 49
4 8 4 31
4 8 5 63
5 8 -6 62
5 8 5 63
7 8 -3 27
-5 9 -5 62
-5 9 4 63
-4 9 -5 62
-4 9 -4 31
-4 9 -3 51
-4 9 -2 51
-4 9 -1 51
-4 9 0 31
-4 9 1 52
-4 9 2 51
-4 9 3 52
-4 9 4 63
-3 9 -5 62
-3 9 -4 15
-3 9 -3 15
-3 9 -2 15
-3 9 -1 27
-3 9 0 15
-3 9 1 15
-3 9 2 15
-3 9 3 15
-3 9 4 63
-2 9 -5 62
-2 9 -4 15
-2 9 -3 15
-2 9 -2 15
-2 9 -1 15
-2 9 0 15
-2 9 1 15
-2 9 2 15
-2 9 3 15
-2 9 4 63
-1 9 -5 62
-1 9 -4 15
-1 9 -3 15
-1 9 -2 15
-1 9 -1 15
-1 9 0 15
-1 9 1 15
-1 9 2 15
-1 9 3 15
-1 9 4 63
0 9 -5 62
0 9 -4 15
0 9 -3 15
0 9 -2 15
0 9 -1 15
0 9 0 15
0 9 1 15
0 9 2 15
0 9 3 15
0 9 4 63
1 9 -5 62
1 9 -4 15
1 9 -3 15
1 9 -2 15
1 9 -1 15
1 9 0 15
1 9 1 15
1 9 2 15
1 9 3 15
1 9 4 63
2 9 -5 62
2 9 -4 15
2 9 -3 15
2 9 -2 15
2 9 -1 15
2 9 0 15
2 9 1 15
2 9 2 15
2 9 3 15
2 9 4 63
3 9 -5 62
3 9 -4 15
3 9 -3 15
3 9 -2 15
3 9 -1 15
3 9 0 15
3 9 1 15
3 9 2 15
3 9 3 15
3 9 4 63
4 9 -5 62
4 9 -4 31
4 9 -3 51
4 9 -2 51
4 9 -1 51
4 9 0 31
4 9 1 51
4 9 2 51
4 9 3 51
4 9 4 63
5 9 -5 62
5 9 4 63
7 9 -3 27
-5 10 -4 62
-5 10 3 63
-4 10 -4 62
-4 10 -3 51
-4 10 -2 51
-4 10 -1 51
-4 10 0 31
-4 10 1 51
-4 10 2 51
-4 10 3 63
-3 10 -4 62
-3 10 -3 15
-3 10 -2 15
-3 10 -1 27
-3 10 0 15
-3 10 1 15
-3 10 2 15
-3 10 3 63
-2 10 -4 64
-2 10 -3 15
-2 10 -2 15
-2 10 -1 15
-2 10 0 15
-2 10 1 15
-2 10 2 15
-2 10 3 63
-1 10 -4 62
-1 10 -3 15
-1 10 -2 15
-1 10 -1 15
-1 10 0 15
-1 10 1 15
-1 10 2 15
-1 10 3 63
0 10 -4 64
0 10 -3 15
0 10 -2 15
0 10 -1 15
0 10 0 15
0 10 1 15
0 10 2 15
0 10 3 63
1 10 -4 62
1 10 -3 15
1 10 -2 15
1 10 -1 15
1 10 0 15
1 10 1 15
1 10 2 15
1 10 3 63
2 10 -4 62
2 10 -3 15
2 10 -2 15
2 10 -1 15
2 10 0 15
2 10 1 15
2 10 2 15
2 10 3 63
3 10 -4 62
3 10 -3 15
3 10 -2 15
3 10 -1 15
3 10 0 15
3 10 1 15
3 10 2 15
3 10 3 63
4 10 -4 64
4 10 -3 51
4 10 -2 51
4 10 -1 51
4 10 0 31
4 10 1 51
4 10 2 51
4 10 3 63
5 10 -4 62
5 10 3 63
7 10 -3 44
-5 11 -3 62
-5 11 2 65
-4 11 -3 62
-4 11 -2 51
-4 11 -1 35
-4 11 0 42
-4 11 1 51
-4 11 2 63
-3 11 -3 62
-3 11 -2 15
-3 11 -1 12
-3 11 0 15
-3 11 1 15
-3 11 2 65
-2 11 -3 62
-2 11 -2 15
-2 11 -1 15
-2 11 0 15
-2 11 1 15
-2 11 2 63
-1 11 -3 62
-1 11 -2 15
-1 11 -1 15
-1 11 0 15
-1 11 1 15
-1 11 2 63
0 11 -3 62
0 11 -2 15
0 11 -1 15
0 11 0 15
0 11 1 15
0 11 2 63
1 11 -3 62
1 11 -2 15
1 11 -1 15
1 11 0 15
1 11 1 15
1 11 2 63
2 11 -3 62
2 11 -2 15
2 11 -1 15
2 11 0 15
2 11 1 15
2 11 2 63
3 11 -3 62
3 11 -2 15
3 11 -1 15
3 11 0 15
3 11 1 15
3 11 2 63
4 11 -3 62
4 11 -2 51
4 11 -1 42
4 11 0 42
4 11 1 52
4 11 2 63
5 11 -3 62
5 11 2 63
-5 12 -2 62
-5 12 -1 7
-5 12 0 7
-5 12 1 63
-4 12 -2 64
-4 12 -1 51
-4 12 0 31
-4 12 1 63
-3 12 -2 62
-3 12 -1 12
-3 12 0 7
-3 12 1 63
-2 12 -2 62
-2 12 -1 7
-2 12 0 7
-2 12 1 63
-1 12 -2 62
-1 12 -1 7
-1 12 0 7
-1 12 1 63
0 12 -2 62
0 12 -1 7
0 12 0 7
0 12 1 63
1 12 -2 62
1 12 -1 7
1 12 0 7
1 12 1 63
2 12 -2 62
2 12 -1 7
2 12 0 7
2 12 1 65
3 12 -2 62
3 12 -1 7
3 12 0 7
3 12 1 63
4 12 -2 64
4 12 -1 52
4 12 0 31
4 12 1 63
5 12 -2 62
5 12 -1 7
5 12 0 7
5 12 1 63
-5 13 -1 66
-5 13 0 66
-4 13 -1 66
-4 13 0 66
-3 13 -1 27
-3 13 0 66
-2 13 -1 66
-2 13 0 66
-1 13 -1 66
-1 13 0 66
0 13 -1 66
0 13 0 66
1 13 -1 66
1 13 0 66
2 13 -1 66
2 13 0 66
3 13 -1 66
3 13 0 66
4 13 -1 66
4 13 0 66
5 13 -1 66
5 13 0 66
-3 14 -1 12
-3 15 -1 27
-3 16 -1 13
