core 0 1 4
P minecraft:cobblestone_stairs[facing=east,half=bottom,shape=straight,waterlogged=false]
P minecraft:cobblestone_stairs[facing=south,half=bottom,shape=straight,waterlogged=false]
P minecraft:andesite
P minecraft:mossy_cobblestone
P minecraft:stone
P minecraft:cobblestone
P minecraft:cobblestone_stairs[facing=north,half=bottom,shape=straight,waterlogged=false]
P minecraft:spruce_planks
P minecraft:cobblestone_stairs[facing=west,half=bottom,shape=straight,waterlogged=false]
P minecraft:spruce_stairs[facing=east,half=top,shape=straight,waterlogged=false]
P minecraft:water_cauldron[level=3]
P minecraft:air
P minecraft:crafting_table
P minecraft:spruce_stairs[facing=south,half=top,shape=straight,waterlogged=false]
P minecraft:barrel[facing=up,open=false]
P minecraft:spruce_stairs[facing=north,half=top,shape=straight,waterlogged=false]
P minecraft:bricks
P minecraft:campfire[facing=east,lit=true,signal_fire=false,waterlogged=false]
P minecraft:spruce_door[facing=north,half=lower,hinge=left,open=false,powered=false]
P minecraft:spruce_stairs[facing=west,half=bottom,shape=straight,waterlogged=false]
P minecraft:cauldron
P minecraft:bookshelf
P minecraft:chest[facing=west,type=single,waterlogged=false]
P minecraft:furnace[facing=west,lit=false]
P minecraft:spruce_stairs[facing=west,half=top,shape=straight,waterlogged=false]
P minecraft:spruce_trapdoor[facing=west,half=bottom,open=true,powered=false,waterlogged=false]
P minecraft:stone_bricks
P minecraft:glass_pane[east=false,north=true,south=true,waterlogged=false,west=false]
P minecraft:spruce_trapdoor[facing=north,half=bottom,open=true,powered=false,waterlogged=false]
P minecraft:spruce_trapdoor[facing=south,half=bottom,open=true,powered=false,waterlogged=false]
P minecraft:glass_pane[east=true,north=false,south=false,waterlogged=false,west=true]
P minecraft:potted_red_tulip
P minecraft:spruce_door[facing=north,half=upper,hinge=left,open=false,powered=false]
P minecraft:lantern[hanging=true,waterlogged=false]
P minecraft:potted_dandelion
P minecraft:spruce_trapdoor[facing=east,half=bottom,open=true,powered=false,waterlogged=false]
P minecraft:brick_stairs[facing=north,half=top,shape=straight,waterlogged=false]
P minecraft:spruce_slab[type=top,waterlogged=false]
P minecraft:stripped_dark_oak_log[axis=x]
P minecraft:dark_oak_log[axis=y]
P minecraft:dark_oak_log[axis=z]
P minecraft:dark_oak_log[axis=x]
P minecraft:calcite
P minecraft:white_concrete
P minecraft:diorite
P minecraft:chest[facing=east,type=single,waterlogged=false]
P minecraft:red_carpet
P minecraft:spruce_fence[east=true,north=false,south=false,waterlogged=false,west=false]
P minecraft:spruce_fence[east=true,north=true,south=false,waterlogged=false,west=true]
P minecraft:spruce_fence[east=false,north=false,south=false,waterlogged=false,west=true]
P minecraft:spruce_fence[east=false,north=false,south=true,waterlogged=false,west=false]
P minecraft:spruce_fence[east=false,north=true,south=false,waterlogged=false,west=false]
P minecraft:red_bed[facing=east,occupied=false,part=foot]
P minecraft:red_bed[facing=east,occupied=false,part=head]
P minecraft:dark_oak_stairs[facing=south,half=bottom,shape=straight,waterlogged=false]
P minecraft:dark_oak_stairs[facing=north,half=bottom,shape=straight,waterlogged=false]
P minecraft:spruce_stairs[facing=south,half=bottom,shape=straight,waterlogged=false]
P minecraft:spruce_stairs[facing=north,half=bottom,shape=straight,waterlogged=false]
P minecraft:dark_oak_slab[type=bottom,waterlogged=false]
-5 0 -4 0
-5 0 -3 0
-5 0 -2 0
-5 0 -1 0
-5 0 0 0
-5 0 1 0
-5 0 2 0
-5 0 3 0
-4 0 -5 1
-4 0 -4 2
-4 0 -3 3
-4 0 -2 4
-4 0 -1 5
-4 0 0 5
-4 0 1 3
-4 0 2 2
-4 0 3 5
-4 0 4 6
-3 0 -5 1
-3 0 -4 5
-3 0 -3 7
-3 0 -2 7
-3 0 -1 7
-3 0 0 7
-3 0 1 7
-3 0 2 7
-3 0 3 4
-3 0 4 6
-2 0 -5 1
-2 0 -4 5
-2 0 -3 7
-2 0 -2 7
-2 0 -1 7
-2 0 0 7
-2 0 1 7
-2 0 2 7
-2 0 3 3
-2 0 4 6
-1 0 -5 1
-1 0 -4 5
-1 0 -3 7
-1 0 -2 7
-1 0 -1 7
-1 0 0 7
-1 0 1 7
-1 0 2 7
-1 0 3 3
-1 0 4 6
0 0 -5 1
0 0 -4 5
0 0 -3 7
0 0 -2 7
0 0 -1 7
0 0 0 7
0 0 1 7
0 0 2 7
0 0 3 2
1 0 -5 1
1 0 -4 5
1 0 -3 7
1 0 -2 7
1 0 -1 7
1 0 0 7
1 0 1 7
1 0 2 7
1 0 3 3
1 0 4 6
2 0 -5 1
2 0 -4 5
2 0 -3 7
2 0 -2 7
2 0 -1 7
2 0 0 7
2 0 1 7
2 0 2 7
2 0 3 4
2 0 4 6
3 0 -5 1
3 0 -4 5
3 0 -3 7
3 0 -2 7
3 0 -1 7
3 0 0 7
3 0 1 7
3 0 2 7
3 0 3 5
3 0 4 6
4 0 -5 1
4 0 -4 2
4 0 -3 5
4 0 -2 5
4 0 -1 4
4 0 0 2
4 0 1 5
4 0 2 5
4 0 3 2
4 0 4 6
5 0 -4 8
5 0 -3 8
5 0 -2 8
5 0 -1 8
5 0 0 8
5 0 1 8
5 0 2 8
5 0 3 8
-5 1 -2 9
-4 1 -4 5
-4 1 -3 5
-4 1 -2 5
-4 1 -1 5
-4 1 0 5
-4 1 1 5
-4 1 2 5
-4 1 3 5
-3 1 -4 5
-3 1 -3 10
-3 1 -2 11
-3 1 -1 11
-3 1 0 11
-3 1 1 12
-3 1 2 11
-3 1 3 3
-2 1 -5 13
-2 1 -4 5
-2 1 -3 14
-2 1 -2 11
-2 1 -1 11
-2 1 0 7
-2 1 1 7
-2 1 2 11
-2 1 3 5
-2 1 4 15
-1 1 -4 5
-1 1 -3 16
-1 1 -2 11
-1 1 -1 11
-1 1 0 7
-1 1 1 7
-1 1 2 11
-1 1 3 5
0 1 -4 16
0 1 -3 17
0 1 -2 11
0 1 -1 11
0 1 0 7
0 1 1 7
0 1 2 11
0 1 3 18
1 1 -4 5
1 1 -3 16
1 1 -2 11
1 1 -1 11
1 1 0 19
1 1 1 19
1 1 2 11
1 1 3 5
2 1 -5 13
2 1 -4 5
2 1 -3 20
2 1 -2 11
2 1 -1 11
2 1 0 11
2 1 1 11
2 1 2 11
2 1 3 2
2 1 4 15
3 1 -4 5
3 1 -3 21
3 1 -2 22
3 1 -1 14
3 1 0 23
3 1 1 11
3 1 2 11
3 1 3 2
4 1 -4 5
4 1 -3 2
4 1 -2 3
4 1 -1 5
4 1 0 4
4 1 1 3
4 1 2 3
4 1 3 2
5 1 -2 24
-5 2 -3 25
-5 2 -1 25
-4 2 -4 26
-4 2 -3 3
-4 2 -2 27
-4 2 -1 5
-4 2 0 5
-4 2 1 3
-4 2 2 5
-4 2 3 26
-3 2 -5 28
-3 2 -4 3
-3 2 -3 11
-3 2 -2 11
-3 2 -1 11
-3 2 0 11
-3 2 1 11
-3 2 2 11
-3 2 3 5
-3 2 4 29
-2 2 -4 30
-2 2 -3 31
-2 2 -2 11
-2 2 -1 11
-2 2 0 7
-2 2 1 7
-2 2 2 11
-2 2 3 30
-1 2 -5 28
-1 2 -4 5
-1 2 -3 16
-1 2 -2 11
-1 2 -1 11
-1 2 0 7
-1 2 1 7
-1 2 2 11
-1 2 3 5
-1 2 4 29
0 2 -4 16
0 2 -3 11
0 2 -2 11
0 2 -1 11
0 2 0 19
0 2 1 19
0 2 2 11
0 2 3 32
1 2 -5 28
1 2 -4 5
1 2 -3 16
1 2 -2 11
1 2 -1 11
1 2 0 11
1 2 1 11
1 2 2 11
1 2 3 5
1 2 4 33
2 2 -4 30
2 2 -3 11
2 2 -2 11
2 2 -1 11
2 2 0 11
2 2 1 11
2 2 2 11
2 2 3 30
3 2 -5 28
3 2 -4 2
3 2 -3 11
3 2 -2 11
3 2 -1 34
3 2 0 11
3 2 1 11
3 2 2 11
3 2 3 3
3 2 4 29
4 2 -4 26
4 2 -3 5
4 2 -2 27
4 2 -1 2
4 2 0 5
4 2 1 5
4 2 2 5
4 2 3 26
5 2 -3 35
5 2 -1 35
-5 3 -3 25
-5 3 -1 25
-4 3 -4 5
-4 3 -3 5
-4 3 -2 27
-4 3 -1 3
-4 3 0 2
-4 3 1 2
-4 3 2 3
-4 3 3 3
-3 3 -5 28
-3 3 -4 5
-3 3 -3 11
-3 3 -2 11
-3 3 -1 11
-3 3 0 11
-3 3 1 11
-3 3 2 11
-3 3 3 5
-3 3 4 29
-2 3 -4 30
-2 3 -3 11
-2 3 -2 11
-2 3 -1 11
-2 3 0 7
-2 3 1 7
-2 3 2 11
-2 3 3 30
-1 3 -5 28
-1 3 -4 3
-1 3 -3 26
-1 3 -2 36
-1 3 -1 11
-1 3 0 19
-1 3 1 19
-1 3 2 11
-1 3 3 5
-1 3 4 15
0 3 -5 13
0 3 -4 16
0 3 -3 11
0 3 -2 36
0 3 -1 33
0 3 0 11
0 3 1 11
0 3 2 11
0 3 3 26
0 3 4 37
1 3 -5 28
1 3 -4 5
1 3 -3 16
1 3 -2 36
1 3 -1 11
1 3 0 11
1 3 1 11
1 3 2 11
1 3 3 2
1 3 4 15
2 3 -4 30
2 3 -3 11
2 3 -2 11
2 3 -1 11
2 3 0 11
2 3 1 11
2 3 2 11
2 3 3 30
3 3 -5 28
3 3 -4 2
3 3 -3 11
3 3 -2 11
3 3 -1 11
3 3 0 11
3 3 1 11
3 3 2 11
3 3 3 3
3 3 4 29
4 3 -4 4
4 3 -3 2
4 3 -2 27
4 3 -1 5
4 3 0 2
4 3 1 4
4 3 2 5
4 3 3 5
5 3 -3 35
5 3 -1 35
-5 4 -2 38
-5 4 2 38
-4 4 -5 39
-4 4 -4 40
-4 4 -3 40
-4 4 -2 40
-4 4 -1 40
-4 4 0 40
-4 4 1 40
-4 4 2 40
-4 4 3 40
-4 4 4 39
-3 4 -5 41
-3 4 -4 7
-3 4 -3 7
-3 4 -2 7
-3 4 -1 7
-3 4 0 7
-3 4 1 7
-3 4 2 7
-3 4 3 7
-3 4 4 41
-2 4 -5 41
-2 4 -4 7
-2 4 -3 7
-2 4 -2 7
-2 4 -1 7
-2 4 0 19
-2 4 1 19
-2 4 2 7
-2 4 3 7
-2 4 4 41
-1 4 -5 41
-1 4 -4 7
-1 4 -3 16
-1 4 -2 7
-1 4 -1 7
-1 4 0 11
-1 4 1 11
-1 4 2 7
-1 4 3 7
-1 4 4 41
0 4 -5 41
0 4 -4 16
0 4 -3 11
0 4 -2 26
0 4 -1 7
0 4 0 11
0 4 1 11
0 4 2 7
0 4 3 7
0 4 4 41
1 4 -5 41
1 4 -4 7
1 4 -3 16
1 4 -2 7
1 4 -1 7
1 4 0 11
1 4 1 11
1 4 2 7
1 4 3 7
1 4 4 41
2 4 -5 41
2 4 -4 7
2 4 -3 7
2 4 -2 7
2 4 -1 7
2 4 0 7
2 4 1 7
2 4 2 7
2 4 3 7
2 4 4 41
3 4 -5 41
3 4 -4 7
3 4 -3 7
3 4 -2 7
3 4 -1 7
3 4 0 7
3 4 1 7
3 4 2 7
3 4 3 7
3 4 4 41
4 4 -5 39
4 4 -4 40
4 4 -3 40
4 4 -2 40
4 4 -1 40
4 4 0 40
4 4 1 40
4 4 2 40
4 4 3 40
4 4 4 39
5 4 -2 38
5 4 2 38
-5 5 -2 9
-5 5 2 9
-4 5 -5 39
-4 5 -4 39
-4 5 -3 42
-4 5 -2 42
-4 5 -1 42
-4 5 0 39
-4 5 1 43
-4 5 2 42
-4 5 3 43
-4 5 4 39
-3 5 -5 44
-3 5 -4 11
-3 5 -3 21
-3 5 -2 11
-3 5 -1 11
-3 5 0 11
-3 5 1 11
-3 5 2 45
-3 5 3 11
-3 5 4 42
-2 5 -6 13
-2 5 -5 43
-2 5 -4 11
-2 5 -3 11
-2 5 -2 11
-2 5 -1 11
-2 5 0 11
-2 5 1 11
-2 5 2 11
-2 5 3 11
-2 5 4 42
-2 5 5 15
-1 5 -5 43
-1 5 -4 11
-1 5 -3 16
-1 5 -2 46
-1 5 -1 47
-1 5 0 11
-1 5 1 11
-1 5 2 47
-1 5 3 11
-1 5 4 42
0 5 -5 39
0 5 -4 16
0 5 -3 11
0 5 -2 26
0 5 -1 48
0 5 0 11
0 5 1 11
0 5 2 49
0 5 3 11
0 5 4 39
1 5 -5 42
1 5 -4 11
1 5 -3 16
1 5 -2 46
1 5 -1 49
1 5 0 46
1 5 1 11
1 5 2 11
1 5 3 11
1 5 4 42
2 5 -6 13
2 5 -5 44
2 5 -4 11
2 5 -3 11
2 5 -2 11
2 5 -1 11
2 5 0 50
2 5 1 51
2 5 2 11
2 5 3 52
2 5 4 43
2 5 5 15
3 5 -5 42
3 5 -4 11
3 5 -3 11
3 5 -2 11
3 5 -1 11
3 5 0 11
3 5 1 11
3 5 2 11
3 5 3 53
3 5 4 44
4 5 -5 39
4 5 -4 39
4 5 -3 42
4 5 -2 42
4 5 -1 42
4 5 0 39
4 5 1 42
4 5 2 44
4 5 3 42
4 5 4 39
5 5 -2 24
5 5 2 24
-5 6 -3 25
-5 6 -1 25
-4 6 -5 39
-4 6 -4 39
-4 6 -3 42
-4 6 -2 27
-4 6 -1 42
-4 6 0 39
-4 6 1 42
-4 6 2 27
-4 6 3 43
-4 6 4 39
-3 6 -5 44
-3 6 -4 11
-3 6 -3 11
-3 6 -2 11
-3 6 -1 11
-3 6 0 11
-3 6 1 11
-3 6 2 11
-3 6 3 11
-3 6 4 42
-3 6 5 29
-2 6 -5 30
-2 6 -4 11
-2 6 -3 11
-2 6 -2 11
-2 6 -1 11
-2 6 0 11
-2 6 1 11
-2 6 2 11
-2 6 3 11
-2 6 4 30
-1 6 -5 42
-1 6 -4 11
-1 6 -3 16
-1 6 -2 11
-1 6 -1 11
-1 6 0 11
-1 6 1 11
-1 6 2 11
-1 6 3 11
-1 6 4 42
-1 6 5 29
0 6 -5 39
0 6 -4 16
0 6 -3 11
0 6 -2 16
0 6 -1 11
0 6 0 11
0 6 1 11
0 6 2 11
0 6 3 11
0 6 4 39
1 6 -5 42
1 6 -4 11
1 6 -3 16
1 6 -2 11
1 6 -1 11
1 6 0 11
1 6 1 11
1 6 2 11
1 6 3 11
1 6 4 44
2 6 -5 30
2 6 -4 11
2 6 -3 11
2 6 -2 11
2 6 -1 11
2 6 0 11
2 6 1 11
2 6 2 11
2 6 3 11
2 6 4 30
3 6 -5 42
3 6 -4 11
3 6 -3 11
3 6 -2 11
3 6 -1 11
3 6 0 11
3 6 1 11
3 6 2 11
3 6 3 11
3 6 4 44
4 6 -5 39
4 6 -4 39
4 6 -3 43
4 6 -2 27
4 6 -1 42
4 6 0 39
4 6 1 42
4 6 2 27
4 6 3 44
4 6 4 39
-5 7 -3 25
-5 7 -1 25
-4 7 -5 39
-4 7 -4 39
-4 7 -3 44
-4 7 -2 27
-4 7 -1 42
-4 7 0 39
-4 7 1 42
-4 7 2 27
-4 7 3 42
-4 7 4 39
-3 7 -5 43
-3 7 -4 11
-3 7 -3 11
-3 7 -2 11
-3 7 -1 11
-3 7 0 11
-3 7 1 11
-3 7 2 11
-3 7 3 11
-3 7 4 42
-3 7 5 29
-2 7 -5 30
-2 7 -4 11
-2 7 -3 11
-2 7 -2 11
-2 7 -1 11
-2 7 0 11
-2 7 1 11
-2 7 2 11
-2 7 3 11
-2 7 4 30
-1 7 -5 42
-1 7 -4 11
-1 7 -3 16
-1 7 -2 11
-1 7 -1 11
-1 7 0 11
-1 7 1 11
-1 7 2 11
-1 7 3 11
-1 7 4 42
-1 7 5 29
0 7 -5 39
0 7 -4 16
0 7 -3 11
0 7 -2 16
0 7 -1 33
0 7 0 11
0 7 1 11
0 7 2 11
0 7 3 11
0 7 4 39
1 7 -5 42
1 7 -4 11
1 7 -3 16
1 7 -2 11
1 7 -1 11
1 7 0 11
1 7 1 11
1 7 2 11
1 7 3 11
1 7 4 44
2 7 -5 30
2 7 -4 11
2 7 -3 11
2 7 -2 11
2 7 -1 11
2 7 0 11
2 7 1 11
2 7 2 11
2 7 3 11
2 7 4 30
3 7 -5 43
3 7 -4 11
3 7 -3 11
3 7 -2 11
3 7 -1 11
3 7 0 11
3 7 1 11
3 7 2 11
3 7 3 11
3 7 4 42
4 7 -5 39
4 7 -4 39
4 7 -3 42
4 7 -2 27
4 7 -1 42
4 7 0 39
4 7 1 42
4 7 2 27
4 7 3 43
4 7 4 39
-5 8 -6 54
-5 8 5 55
-4 8 -6 54
-4 8 -5 39
-4 8 -4 40
-4 8 -3 40
-4 8 -2 40
-4 8 -1 40
-4 8 0 40
-4 8 1 40
-4 8 2 40
-4 8 3 40
-4 8 4 39
-4 8 5 55
-3 8 -6 54
-3 8 -5 41
-3 8 4 41
-3 8 5 55
-2 8 -6 56
-2 8 -5 41
-2 8 4 41
-2 8 5 55
-1 8 -6 54
-1 8 -5 41
-1 8 -3 16
-1 8 4 41
-1 8 5 55
0 8 -6 54
0 8 -5 41
0 8 -4 16
0 8 -3 11
0 8 -2 16
0 8 4 41
0 8 5 55
1 8 -6 54
1 8 -5 41
1 8 -3 16
1 8 4 41
1 8 5 57
2 8 -6 54
2 8 -5 41
2 8 4 41
2 8 5 55
3 8 -6 54
3 8 -5 41
3 8 4 41
3 8 5 55
4 8 -6 54
4 8 -5 39
4 8 -4 40
4 8 -3 40
4 8 -2 40
4 8 -1 40
4 8 0 40
4 8 1 40
4 8 2 40
4 8 3 40
4 8 4 39
4 8 5 55
5 8 -6 54
5 8 5 55
-5 9 -5 54
-5 9 4 55
-4 9 -5 54
-4 9 -4 39
-4 9 -3 43
-4 9 -2 42
-4 9 -1 43
-4 9 0 39
-4 9 1 44
-4 9 2 42
-4 9 3 44
-4 9 4 55
-3 9 -5 54
-3 9 -4 11
-3 9 -3 11
-3 9 -2 11
-3 9 -1 11
-3 9 0 11
-3 9 1 11
-3 9 2 11
-3 9 3 11
-3 9 4 55
-2 9 -5 54
-2 9 -4 11
-2 9 -3 11
-2 9 -2 11
-2 9 -1 11
-2 9 0 11
-2 9 1 11
-2 9 2 11
-2 9 3 11
-2 9 4 55
-1 9 -5 54
-1 9 -4 11
-1 9 -3 16
-1 9 -2 11
-1 9 -1 11
-1 9 0 11
-1 9 1 11
-1 9 2 11
-1 9 3 11
-1 9 4 55
0 9 -5 54
0 9 -4 16
0 9 -3 11
0 9 -2 16
0 9 -1 11
0 9 0 11
0 9 1 11
0 9 2 11
0 9 3 11
0 9 4 55
1 9 -5 54
1 9 -4 11
1 9 -3 16
1 9 -2 11
1 9 -1 11
1 9 0 11
1 9 1 11
1 9 2 11
1 9 3 11
1 9 4 55
2 9 -5 54
2 9 -4 11
2 9 -3 11
2 9 -2 11
2 9 -1 11
2 9 0 11
2 9 1 11
2 9 2 11
2 9 3 11
2 9 4 55
3 9 -5 54
3 9 -4 11
3 9 -3 11
3 9 -2 11
3 9 -1 11
3 9 0 11
3 9 1 11
3 9 2 11
3 9 3 11
3 9 4 55
4 9 -5 54
4 9 -4 39
4 9 -3 43
4 9 -2 43
4 9 -1 42
4 9 0 39
4 9 1 42
4 9 2 43
4 9 3 42
4 9 4 55
5 9 -5 54
5 9 4 55
-5 10 -4 54
-5 10 3 55
-4 10 -4 54
-4 10 -3 42
-4 10 -2 43
-4 10 -1 42
-4 10 0 39
-4 10 1 42
-4 10 2 42
-4 10 3 55
-3 10 -4 54
-3 10 -3 11
-3 10 -2 11
-3 10 -1 11
-3 10 0 11
-3 10 1 11
-3 10 2 11
-3 10 3 55
-2 10 -4 56
-2 10 -3 11
-2 10 -2 11
-2 10 -1 11
-2 10 0 11
-2 10 1 11
-2 10 2 11
-2 10 3 55
-1 10 -4 54
-1 10 -3 16
-1 10 -2 11
-1 10 -1 11
-1 10 0 11
-1 10 1 11
-1 10 2 11
-1 10 3 55
0 10 -4 16
0 10 -3 11
0 10 -2 26
0 10 -1 11
0 10 0 11
0 10 1 11
0 10 2 11
0 10 3 55
1 10 -4 54
1 10 -3 16
1 10 -2 11
1 10 -1 11
1 10 0 11
1 10 1 11
1 10 2 11
1 10 3 55
2 10 -4 54
2 10 -3 11
2 10 -2 11
2 10 -1 11
2 10 0 11
2 10 1 11
2 10 2 11
2 10 3 55
3 10 -4 54
3 10 -3 11
3 10 -2 11
3 10 -1 11
3 10 0 11
3 10 1 11
3 10 2 11
3 10 3 55
4 10 -4 56
4 10 -3 43
4 10 -2 42
4 10 -1 43
4 10 0 39
4 10 1 42
4 10 2 42
4 10 3 55
5 10 -4 54
5 10 3 55
-5 11 -3 54
-5 11 2 57
-4 11 -3 54
-4 11 -2 42
-4 11 -1 27
-4 11 0 27
-4 11 1 42
-4 11 2 55
-3 11 -3 54
-3 11 -2 11
-3 11 -1 11
-3 11 0 11
-3 11 1 11
-3 11 2 57
-2 11 -3 54
-2 11 -2 11
-2 11 -1 11
-2 11 0 11
-2 11 1 11
-2 11 2 55
-1 11 -3 16
-1 11 -2 11
-1 11 -1 11
-1 11 0 11
-1 11 1 11
-1 11 2 55
0 11 -4 16
0 11 -3 11
0 11 -2 16
0 11 -1 11
0 11 0 11
0 11 1 11
0 11 2 55
1 11 -3 16
1 11 -2 11
1 11 -1 11
1 11 0 11
1 11 1 11
1 11 2 55
2 11 -3 54
2 11 -2 11
2 11 -1 11
2 11 0 11
2 11 1 11
2 11 2 55
3 11 -3 54
3 11 -2 11
3 11 -1 11
3 11 0 11
3 11 1 11
3 11 2 55
4 11 -3 54
4 11 -2 42
4 11 -1 27
4 11 0 27
4 11 1 44
4 11 2 55
5 11 -3 54
5 11 2 55
-5 12 -2 54
-5 12 -1 7
-5 12 0 7
-5 12 1 55
-4 12 -2 56
-4 12 -1 42
-4 12 0 39
-4 12 1 55
-3 12 -2 54
-3 12 -1 7
-3 12 0 7
-3 12 1 55
-2 12 -2 54
-2 12 -1 7
-2 12 0 7
-2 12 1 55
-1 12 -3 16
-1 12 -2 54
-1 12 -1 7
-1 12 0 7
-1 12 1 55
0 12 -4 16
0 12 -3 11
0 12 -2 16
0 12 -1 7
0 12 0 7
0 12 1 55
1 12 -3 16
1 12 -2 54
1 12 -1 7
1 12 0 7
1 12 1 55
2 12 -2 54
2 12 -1 7
2 12 0 7
2 12 1 57
3 12 -2 54
3 12 -1 7
3 12 0 7
3 12 1 55
4 12 -2 56
4 12 -1 44
4 12 0 39
4 12 1 55
5 12 -2 54
5 12 -1 7
5 12 0 7
5 12 1 55
-5 13 -1 58
-5 13 0 58
-4 13 -1 58
-4 13 0 58
-3 13 -1 58
-3 13 0 58
-2 13 -1 58
-2 13 0 58
-1 13 -3 16
-1 13 -1 58
-1 13 0 58
0 13 -4 16
0 13 -3 17
0 13 -2 16
0 13 -1 58
0 13 0 58
1 13 -3 16
1 13 -1 58
1 13 0 58
2 13 -1 58
2 13 0 58
3 13 -1 58
3 13 0 58
4 13 -1 58
4 13 0 58
5 13 -1 58
5 13 0 58
-1 14 -3 16
0 14 -4 16
0 14 -3 11
0 14 -2 26
1 14 -3 26
-1 15 -3 16
0 15 -4 16
0 15 -3 11
0 15 -2 26
1 15 -3 16
