core 0 1 4
P minecraft:cobblestone
P minecraft:oak_planks
P minecraft:oak_log[axis=y]
P minecraft:potted_red_tulip
P minecraft:furnace[facing=east,lit=false]
P minecraft:anvil[facing=east]
P minecraft:air
P minecraft:crafting_table
P minecraft:blue_carpet
P minecraft:smithing_table
P minecraft:oak_door[facing=north,half=lower,hinge=left,open=false,powered=false]
P minecraft:lantern[hanging=false,waterlogged=false]
P minecraft:blue_bed[facing=north,occupied=false,part=head]
P minecraft:blue_bed[facing=north,occupied=false,part=foot]
P minecraft:barrel[facing=up,open=false]
P minecraft:blast_furnace[facing=south,lit=false]
P minecraft:stone_bricks
P minecraft:campfire[facing=south,lit=true,signal_fire=false,waterlogged=false]
P minecraft:grindstone[face=floor,facing=south]
P minecraft:glass_pane[east=false,north=true,south=true,waterlogged=false,west=false]
P minecraft:glass_pane[east=true,north=false,south=false,waterlogged=false,west=true]
P minecraft:oak_door[facing=north,half=upper,hinge=left,open=false,powered=false]
P minecraft:oak_log[axis=x]
P minecraft:spruce_stairs[facing=south,half=bottom,shape=straight,waterlogged=false]
P minecraft:spruce_stairs[facing=north,half=bottom,shape=straight,waterlogged=false]
P minecraft:oak_log[axis=z]
P minecraft:cobblestone_slab[type=bottom,waterlogged=false]
P minecraft:spruce_slab[type=bottom,waterlogged=false]
P minecraft:spruce_planks
P minecraft:cobblestone_wall
-3 0 -3 0
-3 0 -2 0
-3 0 -1 0
-3 0 0 0
-3 0 1 0
-3 0 2 0
-3 0 3 0
-2 0 -3 0
-2 0 -2 1
-2 0 -1 1
-2 0 0 1
-2 0 1 1
-2 0 2 1
-2 0 3 0
-1 0 -3 0
-1 0 -2 1
-1 0 -1 1
-1 0 0 1
-1 0 1 1
-1 0 2 1
-1 0 3 0
0 0 -3 0
0 0 -2 1
0 0 -1 1
0 0 0 1
0 0 1 1
0 0 2 1
0 0 3 0
1 0 -3 0
1 0 -2 1
1 0 -1 1
1 0 0 1
1 0 1 1
1 0 2 1
1 0 3 0
2 0 -3 0
2 0 -2 1
2 0 -1 1
2 0 0 1
2 0 1 1
2 0 2 1
2 0 3 0
3 0 -3 0
3 0 -2 0
3 0 -1 0
3 0 0 0
3 0 1 0
3 0 2 0
3 0 3 0
4 0 -3 0
4 0 -2 0
4 0 -1 0
4 0 0 0
4 0 1 0
4 0 2 0
4 0 3 0
5 0 -3 0
5 0 -2 0
5 0 -1 0
5 0 0 0
5 0 1 0
5 0 2 0
5 0 3 0
6 0 -3 0
6 0 -2 0
6 0 -1 0
6 0 0 0
6 0 1 0
6 0 2 0
6 0 3 0
7 0 -3 0
7 0 -2 0
7 0 -1 0
7 0 0 0
7 0 1 0
7 0 2 0
7 0 3 0
-3 1 -3 2
-3 1 -2 0
-3 1 -1 0
-3 1 0 2
-3 1 1 0
-3 1 2 0
-3 1 3 2
-2 1 -3 0
-2 1 -2 3
-2 1 -1 4
-2 1 0 5
-2 1 1 6
-2 1 2 7
-2 1 3 0
-1 1 -3 0
-1 1 -2 6
-1 1 -1 8
-1 1 0 8
-1 1 1 8
-1 1 2 6
-1 1 3 0
0 1 -3 2
0 1 -2 9
0 1 -1 8
0 1 0 8
0 1 1 8
0 1 2 6
0 1 3 10
1 1 -3 0
1 1 -2 6
1 1 -1 8
1 1 0 8
1 1 1 8
1 1 2 6
1 1 3 0
1 1 4 11
2 1 -3 0
2 1 -2 12
2 1 -1 13
2 1 0 6
2 1 1 6
2 1 2 14
2 1 3 0
3 1 -3 2
3 1 -2 0
3 1 -1 0
3 1 0 2
3 1 1 0
3 1 2 0
3 1 3 2
4 1 -3 6
4 1 -2 6
4 1 -1 6
4 1 0 6
4 1 1 6
4 1 2 14
4 1 3 6
5 1 -3 6
5 1 -2 15
5 1 -1 6
5 1 0 6
5 1 1 5
5 1 2 9
5 1 3 6
6 1 -3 6
6 1 -2 16
6 1 -1 17
6 1 0 6
6 1 1 6
6 1 2 18
6 1 3 6
7 1 -3 2
7 1 -2 6
7 1 -1 6
7 1 0 2
7 1 1 6
7 1 2 6
7 1 3 2
-3 2 -3 2
-3 2 -2 19
-3 2 -1 1
-3 2 0 2
-3 2 1 1
-3 2 2 19
-3 2 3 2
-2 2 -3 20
-2 2 -2 6
-2 2 -1 6
-2 2 0 6
-2 2 1 6
-2 2 2 6
-2 2 3 20
-1 2 -3 1
-1 2 -2 6
-1 2 -1 6
-1 2 0 6
-1 2 1 6
-1 2 2 6
-1 2 3 1
0 2 -3 2
0 2 -2 6
0 2 -1 6
0 2 0 6
0 2 1 6
0 2 2 6
0 2 3 21
1 2 -3 1
1 2 -2 6
1 2 -1 6
1 2 0 6
1 2 1 6
1 2 2 6
1 2 3 1
2 2 -3 20
2 2 -2 6
2 2 -1 6
2 2 0 6
2 2 1 6
2 2 2 11
2 2 3 20
3 2 -3 2
3 2 -2 19
3 2 -1 1
3 2 0 2
3 2 1 1
3 2 2 19
3 2 3 2
4 2 -3 6
4 2 -2 6
4 2 -1 6
4 2 0 6
4 2 1 6
4 2 2 6
4 2 3 6
5 2 -3 6
5 2 -2 6
5 2 -1 6
5 2 0 6
5 2 1 6
5 2 2 6
5 2 3 6
6 2 -3 6
6 2 -2 0
6 2 -1 6
6 2 0 6
6 2 1 6
6 2 2 6
6 2 3 6
7 2 -3 2
7 2 -2 6
7 2 -1 6
7 2 0 2
7 2 1 6
7 2 2 6
7 2 3 2
-3 3 -3 2
-3 3 -2 1
-3 3 -1 1
-3 3 0 2
-3 3 1 1
-3 3 2 1
-3 3 3 2
-2 3 -3 1
-2 3 -2 6
-2 3 -1 6
-2 3 0 6
-2 3 1 6
-2 3 2 6
-2 3 3 1
-1 3 -3 1
-1 3 -2 6
-1 3 -1 6
-1 3 0 6
-1 3 1 6
-1 3 2 6
-1 3 3 1
0 3 -3 2
0 3 -2 6
0 3 -1 6
0 3 0 6
0 3 1 6
0 3 2 6
0 3 3 22
1 3 -3 1
1 3 -2 6
1 3 -1 6
1 3 0 6
1 3 1 6
1 3 2 6
1 3 3 1
2 3 -3 1
2 3 -2 6
2 3 -1 6
2 3 0 6
2 3 1 6
2 3 2 6
2 3 3 1
3 3 -3 2
3 3 -2 1
3 3 -1 1
3 3 0 2
3 3 1 1
3 3 2 1
3 3 3 2
4 3 -3 6
4 3 -2 6
4 3 -1 6
4 3 0 6
4 3 1 6
4 3 2 6
4 3 3 6
5 3 -3 6
5 3 -2 6
5 3 -1 6
5 3 0 6
5 3 1 6
5 3 2 6
5 3 3 6
6 3 -3 6
6 3 -2 0
6 3 -1 6
6 3 0 6
6 3 1 6
6 3 2 6
6 3 3 6
7 3 -3 2
7 3 -2 6
7 3 -1 6
7 3 0 11
7 3 1 6
7 3 2 6
7 3 3 2
-4 4 -4 23
-4 4 4 24
-3 4 -4 23
-3 4 -3 2
-3 4 -2 25
-3 4 -1 25
-3 4 0 25
-3 4 1 25
-3 4 2 25
-3 4 3 2
-3 4 4 24
-2 4 -4 23
-2 4 -3 22
-2 4 -2 6
-2 4 -1 6
-2 4 0 6
-2 4 1 6
-2 4 2 6
-2 4 3 22
-2 4 4 24
-1 4 -4 23
-1 4 -3 22
-1 4 -2 6
-1 4 -1 6
-1 4 0 6
-1 4 1 6
-1 4 2 6
-1 4 3 22
-1 4 4 24
0 4 -4 23
0 4 -3 22
0 4 -2 6
0 4 -1 6
0 4 0 6
0 4 1 6
0 4 2 6
0 4 3 22
0 4 4 24
1 4 -4 23
1 4 -3 22
1 4 -2 6
1 4 -1 6
1 4 0 6
1 4 1 6
1 4 2 6
1 4 3 22
1 4 4 24
2 4 -4 23
2 4 -3 22
2 4 -2 6
2 4 -1 6
2 4 0 6
2 4 1 6
2 4 2 6
2 4 3 22
2 4 4 24
3 4 -4 23
3 4 -3 2
3 4 -2 25
3 4 -1 25
3 4 0 25
3 4 1 25
3 4 2 25
3 4 3 2
3 4 4 24
4 4 -4 26
4 4 -3 26
4 4 -2 26
4 4 -1 26
4 4 0 26
4 4 1 26
4 4 2 26
4 4 3 26
4 4 4 26
5 4 -4 26
5 4 -3 26
5 4 -2 26
5 4 -1 26
5 4 0 26
5 4 1 26
5 4 2 26
5 4 3 26
5 4 4 26
6 4 -4 26
6 4 -3 26
6 4 -2 0
6 4 -1 26
6 4 0 26
6 4 1 26
6 4 2 26
6 4 3 26
6 4 4 26
7 4 -4 26
7 4 -3 26
7 4 -2 26
7 4 -1 26
7 4 0 26
7 4 1 26
7 4 2 26
7 4 3 26
7 4 4 26
8 4 -4 27
8 4 -3 27
8 4 -2 27
8 4 -1 27
8 4 0 27
8 4 1 27
8 4 2 27
8 4 3 27
8 4 4 27
-4 5 -3 23
-4 5 3 24
-3 5 -3 23
-3 5 -2 1
-3 5 -1 1
-3 5 0 1
-3 5 1 1
-3 5 2 1
-3 5 3 24
-2 5 -3 23
-2 5 -1 6
-2 5 0 6
-2 5 1 6
-2 5 3 24
-1 5 -3 23
-1 5 -1 6
-1 5 0 6
-1 5 1 6
-1 5 3 24
0 5 -3 23
0 5 -1 6
0 5 0 6
0 5 1 6
0 5 3 24
1 5 -3 23
1 5 -1 6
1 5 0 6
1 5 1 6
1 5 3 24
2 5 -3 23
2 5 -1 6
2 5 0 6
2 5 1 6
2 5 3 24
3 5 -3 23
3 5 -2 1
3 5 -1 1
3 5 0 1
3 5 1 1
3 5 2 1
3 5 3 24
4 5 -3 23
4 5 3 24
6 5 -2 0
-4 6 -2 23
-4 6 2 24
-3 6 -2 23
-3 6 -1 1
-3 6 0 1
-3 6 1 1
-3 6 2 24
-2 6 -2 23
-2 6 0 6
-2 6 2 24
-1 6 -2 23
-1 6 0 6
-1 6 2 24
0 6 -2 23
0 6 0 6
0 6 2 24
1 6 -2 23
1 6 0 6
1 6 2 24
2 6 -2 23
2 6 0 6
2 6 2 24
3 6 -2 23
3 6 -1 1
3 6 0 1
3 6 1 1
3 6 2 24
4 6 -2 23
4 6 2 24
6 6 -2 0
-4 7 -1 23
-4 7 0 28
-4 7 1 24
-3 7 -1 23
-3 7 0 28
-3 7 1 24
-2 7 -1 23
-2 7 0 28
-2 7 1 24
-1 7 -1 23
-1 7 0 28
-1 7 1 24
0 7 -1 23
0 7 0 28
0 7 1 24
1 7 -1 23
1 7 0 28
1 7 1 24
2 7 -1 23
2 7 0 28
2 7 1 24
3 7 -1 23
3 7 0 28
3 7 1 24
4 7 -1 23
4 7 0 28
4 7 1 24
6 7 -2 29
-4 8 0 27
-3 8 0 27
-2 8 0 27
-1 8 0 27
0 8 0 27
1 8 0 27
2 8 0 27
3 8 0 27
4 8 0 27
