core 0 1 4
P minecraft:cobblestone_stairs[facing=east,half=bottom,shape=straight,waterlogged=false]
P minecraft:cobblestone_stairs[facing=south,half=bottom,shape=straight,waterlogged=false]
P minecraft:cobblestone
P minecraft:mossy_cobblestone
P minecraft:andesite
P minecraft:stone
P minecraft:cobblestone_stairs[facing=north,half=bottom,shape=straight,waterlogged=false]
P minecraft:spruce_planks
P minecraft:cobblestone_stairs[facing=west,half=bottom,shape=straight,waterlogged=false]
P minecraft:spruce_stairs[facing=east,half=top,shape=straight,waterlogged=false]
P minecraft:bricks
P minecraft:chest[facing=east,type=single,waterlogged=false]
P minecraft:campfire[facing=east,lit=true,signal_fire=false,waterlogged=false]
P minecraft:crafting_table
P minecraft:air
P minecraft:water_cauldron[level=3]
P minecraft:spruce_stairs[facing=south,half=top,shape=straight,waterlogged=false]
P minecraft:barrel[facing=up,open=false]
P minecraft:spruce_stairs[facing=north,half=top,shape=straight,waterlogged=false]
P minecraft:spruce_door[facing=north,half=lower,hinge=left,open=false,powered=false]
P minecraft:spruce_stairs[facing=west,half=bottom,shape=straight,waterlogged=false]
P minecraft:composter
P minecraft:bookshelf
P minecraft:furnace[facing=west,lit=false]
P minecraft:smoker[facing=west,lit=false]
P minecraft:spruce_stairs[facing=west,half=top,shape=straight,waterlogged=false]
P minecraft:hay_block[axis=y]
P minecraft:spruce_trapdoor[facing=west,half=bottom,open=true,powered=false,waterlogged=false]
P minecraft:stone_bricks
P minecraft:glass_pane[east=true,north=true,south=true,waterlogged=false,west=false]
P minecraft:flower_pot
P minecraft:spruce_trapdoor[facing=north,half=bottom,open=true,powered=false,waterlogged=false]
P minecraft:spruce_trapdoor[facing=south,half=bottom,open=true,powered=false,waterlogged=false]
P minecraft:glass_pane[east=true,north=false,south=false,waterlogged=false,west=true]
P minecraft:potted_dandelion
P minecraft:spruce_door[facing=north,half=upper,hinge=left,open=false,powered=false]
P minecraft:lantern[hanging=true,waterlogged=false]
P minecraft:glass_pane[east=false,north=true,south=true,waterlogged=false,west=false]
P minecraft:spruce_trapdoor[facing=east,half=bottom,open=true,powered=false,waterlogged=false]
P minecraft:hay_block[axis=x]
P minecraft:brick_stairs[facing=west,half=top,shape=straight,waterlogged=false]
P minecraft:spruce_slab[type=top,waterlogged=false]
P minecraft:stripped_dark_oak_log[axis=x]
P minecraft:dark_oak_log[axis=y]
P minecraft:dark_oak_log[axis=z]
P minecraft:dark_oak_log[axis=x]
P minecraft:white_concrete
P minecraft:calcite
P minecraft:diorite
P minecraft:red_bed[facing=west,occupied=false,part=head]
P minecraft:red_bed[facing=west,occupied=false,part=foot]
P minecraft:red_carpet
P minecraft:spruce_fence[east=true,north=true,south=false,waterlogged=false,west=false]
P minecraft:spruce_fence[east=true,north=false,south=false,waterlogged=false,west=false]
P minecraft:spruce_fence[east=true,north=true,south=false,waterlogged=false,west=true]
P minecraft:spruce_fence[east=true,north=false,south=false,waterlogged=false,west=true]
P minecraft:spruce_fence[east=false,north=true,south=false,waterlogged=false,west=true]
P minecraft:spruce_fence[east=false,north=false,south=false,waterlogged=false,west=true]
P minecraft:red_bed[facing=east,occupied=false,part=foot]
P minecraft:chest[facing=west,type=single,waterlogged=false]
P minecraft:red_bed[facing=east,occupied=false,part=head]
P minecraft:spruce_stairs[facing=south,half=bottom,shape=straight,waterlogged=false]
P minecraft:dark_oak_stairs[facing=north,half=bottom,shape=straight,waterlogged=false]
P minecraft:dark_oak_stairs[facing=south,half=bottom,shape=straight,waterlogged=false]
P minecraft:spruce_stairs[facing=north,half=bottom,shape=straight,waterlogged=false]
P minecraft:dark_oak_slab[type=bottom,waterlogged=false]
-6 0 -4 0
-6 0 -3 0
-6 0 -2 0
-6 0 -1 0
-6 0 0 0
-6 0 1 0
-6 0 2 0
-6 0 3 0
-5 0 -5 1
-5 0 -4 2
-5 0 -3 2
-5 0 -2 3
-5 0 -1 4
-5 0 0 5
-5 0 1 2
-5 0 2 5
-5 0 3 4
-5 0 4 6
-4 0 -5 1
-4 0 -4 4
-4 0 -3 7
-4 0 -2 7
-4 0 -1 7
-4 0 0 7
-4 0 1 7
-4 0 2 7
-4 0 3 2
-4 0 4 6
-3 0 -5 1
-3 0 -4 2
-3 0 -3 7
-3 0 -2 7
-3 0 -1 7
-3 0 0 7
-3 0 1 7
-3 0 2 7
-3 0 3 5
-3 0 4 6
-2 0 -5 1
-2 0 -4 2
-2 0 -3 7
-2 0 -2 7
-2 0 -1 7
-2 0 0 7
-2 0 1 7
-2 0 2 7
-2 0 3 3
-2 0 4 6
-1 0 -5 1
-1 0 -4 2
-1 0 -3 7
-1 0 -2 7
-1 0 -1 7
-1 0 0 7
-1 0 1 7
-1 0 2 7
-1 0 3 3
-1 0 4 6
0 0 -5 1
0 0 -4 2
0 0 -3 7
0 0 -2 7
0 0 -1 7
0 0 0 7
0 0 1 7
0 0 2 7
0 0 3 4
1 0 -5 1
1 0 -4 2
1 0 -3 7
1 0 -2 7
1 0 -1 7
1 0 0 7
1 0 1 7
1 0 2 7
1 0 3 3
1 0 4 6
2 0 -5 1
2 0 -4 2
2 0 -3 7
2 0 -2 7
2 0 -1 7
2 0 0 7
2 0 1 7
2 0 2 7
2 0 3 5
2 0 4 6
3 0 -5 1
3 0 -4 2
3 0 -3 7
3 0 -2 7
3 0 -1 7
3 0 0 7
3 0 1 7
3 0 2 7
3 0 3 2
3 0 4 6
4 0 -5 1
4 0 -4 4
4 0 -3 7
4 0 -2 7
4 0 -1 7
4 0 0 7
4 0 1 7
4 0 2 7
4 0 3 4
4 0 4 6
5 0 -5 1
5 0 -4 3
5 0 -3 4
5 0 -2 3
5 0 -1 2
5 0 0 5
5 0 1 4
5 0 2 2
5 0 3 2
5 0 4 6
6 0 -4 8
6 0 -3 8
6 0 -2 8
6 0 -1 8
6 0 0 8
6 0 1 8
6 0 2 8
6 0 3 8
-6 1 -2 9
-5 1 -4 4
-5 1 -3 2
-5 1 -2 2
-5 1 -1 10
-5 1 0 2
-5 1 1 3
-5 1 2 2
-5 1 3 2
-4 1 -4 2
-4 1 -3 11
-4 1 -2 10
-4 1 -1 12
-4 1 0 10
-4 1 1 13
-4 1 2 14
-4 1 3 2
-3 1 -4 2
-3 1 -3 15
-3 1 -2 14
-3 1 -1 14
-3 1 0 14
-3 1 1 14
-3 1 2 14
-3 1 3 3
-2 1 -5 16
-2 1 -4 2
-2 1 -3 17
-2 1 -2 14
-2 1 -1 14
-2 1 0 14
-2 1 1 14
-2 1 2 14
-2 1 3 2
-2 1 4 18
-1 1 -4 2
-1 1 -3 7
-1 1 -2 7
-1 1 -1 14
-1 1 0 14
-1 1 1 14
-1 1 2 14
-1 1 3 2
0 1 -4 2
0 1 -3 7
0 1 -2 7
0 1 -1 14
0 1 0 14
0 1 1 14
0 1 2 14
0 1 3 19
1 1 -4 2
1 1 -3 7
1 1 -2 7
1 1 -1 14
1 1 0 14
1 1 1 14
1 1 2 14
1 1 3 2
2 1 -5 16
2 1 -4 2
2 1 -3 20
2 1 -2 20
2 1 -1 14
2 1 0 14
2 1 1 14
2 1 2 14
2 1 3 4
2 1 4 18
3 1 -4 2
3 1 -3 14
3 1 -2 14
3 1 -1 14
3 1 0 14
3 1 1 14
3 1 2 14
3 1 3 4
4 1 -4 2
4 1 -3 21
4 1 -2 22
4 1 -1 14
4 1 0 23
4 1 1 17
4 1 2 24
4 1 3 2
5 1 -4 3
5 1 -3 5
5 1 -2 3
5 1 -1 3
5 1 0 2
5 1 1 4
5 1 2 4
5 1 3 3
6 1 -2 25
7 1 -3 26
7 1 -2 26
7 1 1 26
8 1 -3 26
-6 2 -3 27
-6 2 -1 27
-5 2 -4 28
-5 2 -3 3
-5 2 -2 29
-5 2 -1 28
-5 2 0 3
-5 2 1 2
-5 2 2 4
-5 2 3 28
-4 2 -4 2
-4 2 -3 14
-4 2 -2 10
-4 2 -1 14
-4 2 0 10
-4 2 1 30
-4 2 2 14
-4 2 3 2
-3 2 -5 31
-3 2 -4 3
-3 2 -3 14
-3 2 -2 14
-3 2 -1 14
-3 2 0 14
-3 2 1 14
-3 2 2 14
-3 2 3 2
-3 2 4 32
-2 2 -4 33
-2 2 -3 34
-2 2 -2 14
-2 2 -1 14
-2 2 0 14
-2 2 1 14
-2 2 2 14
-2 2 3 33
-1 2 -5 31
-1 2 -4 2
-1 2 -3 7
-1 2 -2 7
-1 2 -1 14
-1 2 0 14
-1 2 1 14
-1 2 2 14
-1 2 3 2
-1 2 4 32
0 2 -4 2
0 2 -3 7
0 2 -2 7
0 2 -1 14
0 2 0 14
0 2 1 14
0 2 2 14
0 2 3 35
1 2 -5 31
1 2 -4 2
1 2 -3 20
1 2 -2 20
1 2 -1 14
1 2 0 14
1 2 1 14
1 2 2 14
1 2 3 2
1 2 4 36
2 2 -4 33
2 2 -3 14
2 2 -2 14
2 2 -1 14
2 2 0 14
2 2 1 14
2 2 2 14
2 2 3 33
3 2 -5 31
3 2 -4 4
3 2 -3 14
3 2 -2 14
3 2 -1 14
3 2 0 14
3 2 1 14
3 2 2 14
3 2 3 3
3 2 4 32
4 2 -4 2
4 2 -3 14
4 2 -2 14
4 2 -1 14
4 2 0 14
4 2 1 14
4 2 2 14
4 2 3 2
5 2 -4 28
5 2 -3 4
5 2 -2 37
5 2 -1 2
5 2 0 2
5 2 1 2
5 2 2 5
5 2 3 28
6 2 -3 38
6 2 -1 38
7 2 -3 39
-6 3 -3 27
-6 3 -1 27
-5 3 -4 5
-5 3 -3 3
-5 3 -2 29
-5 3 -1 10
-5 3 0 2
-5 3 1 2
-5 3 2 2
-5 3 3 3
-4 3 -5 16
-4 3 -4 2
-4 3 -3 14
-4 3 -2 10
-4 3 -1 14
-4 3 0 10
-4 3 1 14
-4 3 2 14
-4 3 3 2
-4 3 4 18
-3 3 -5 31
-3 3 -4 2
-3 3 -3 14
-3 3 -2 40
-3 3 -1 40
-3 3 0 40
-3 3 1 14
-3 3 2 14
-3 3 3 2
-3 3 4 32
-2 3 -4 33
-2 3 -3 14
-2 3 -2 14
-2 3 -1 14
-2 3 0 14
-2 3 1 14
-2 3 2 14
-2 3 3 33
-1 3 -5 31
-1 3 -4 3
-1 3 -3 7
-1 3 -2 7
-1 3 -1 14
-1 3 0 14
-1 3 1 14
-1 3 2 14
-1 3 3 2
-1 3 4 18
0 3 -5 16
0 3 -4 2
0 3 -3 20
0 3 -2 20
0 3 -1 36
0 3 0 14
0 3 1 14
0 3 2 14
0 3 3 28
0 3 4 41
1 3 -5 31
1 3 -4 2
1 3 -3 14
1 3 -2 14
1 3 -1 14
1 3 0 14
1 3 1 14
1 3 2 14
1 3 3 4
1 3 4 18
2 3 -4 33
2 3 -3 14
2 3 -2 14
2 3 -1 14
2 3 0 14
2 3 1 14
2 3 2 14
2 3 3 33
3 3 -5 31
3 3 -4 4
3 3 -3 14
3 3 -2 14
3 3 -1 14
3 3 0 14
3 3 1 14
3 3 2 14
3 3 3 3
3 3 4 32
4 3 -5 16
4 3 -4 2
4 3 -3 14
4 3 -2 14
4 3 -1 14
4 3 0 14
4 3 1 14
4 3 2 14
4 3 3 3
4 3 4 18
5 3 -4 2
5 3 -3 5
5 3 -2 37
5 3 -1 2
5 3 0 2
5 3 1 4
5 3 2 4
5 3 3 2
6 3 -3 38
6 3 -1 38
-6 4 -2 42
-6 4 2 42
-5 4 -5 43
-5 4 -4 44
-5 4 -3 44
-5 4 -2 44
-5 4 -1 10
-5 4 0 44
-5 4 1 44
-5 4 2 44
-5 4 3 44
-5 4 4 43
-4 4 -5 45
-4 4 -4 7
-4 4 -3 7
-4 4 -2 10
-4 4 -1 14
-4 4 0 28
-4 4 1 7
-4 4 2 7
-4 4 3 7
-4 4 4 45
-3 4 -5 45
-3 4 -4 7
-3 4 -3 7
-3 4 -2 7
-3 4 -1 10
-3 4 0 7
-3 4 1 7
-3 4 2 7
-3 4 3 7
-3 4 4 45
-2 4 -5 45
-2 4 -4 7
-2 4 -3 7
-2 4 -2 7
-2 4 -1 7
-2 4 0 7
-2 4 1 7
-2 4 2 7
-2 4 3 7
-2 4 4 45
-1 4 -5 45
-1 4 -4 7
-1 4 -3 20
-1 4 -2 20
-1 4 -1 7
-1 4 0 7
-1 4 1 7
-1 4 2 7
-1 4 3 7
-1 4 4 45
0 4 -5 45
0 4 -4 7
0 4 -3 14
0 4 -2 14
0 4 -1 7
0 4 0 7
0 4 1 7
0 4 2 7
0 4 3 7
0 4 4 45
1 4 -5 45
1 4 -4 7
1 4 -3 14
1 4 -2 14
1 4 -1 7
1 4 0 7
1 4 1 7
1 4 2 7
1 4 3 7
1 4 4 45
2 4 -5 45
2 4 -4 7
2 4 -3 14
2 4 -2 14
2 4 -1 7
2 4 0 7
2 4 1 7
2 4 2 7
2 4 3 7
2 4 4 45
3 4 -5 45
3 4 -4 7
3 4 -3 7
3 4 -2 7
3 4 -1 7
3 4 0 7
3 4 1 7
3 4 2 7
3 4 3 7
3 4 4 45
4 4 -5 45
4 4 -4 7
4 4 -3 7
4 4 -2 7
4 4 -1 7
4 4 0 7
4 4 1 7
4 4 2 7
4 4 3 7
4 4 4 45
5 4 -5 43
5 4 -4 44
5 4 -3 44
5 4 -2 44
5 4 -1 44
5 4 0 44
5 4 1 44
5 4 2 44
5 4 3 44
5 4 4 43
6 4 -2 42
6 4 2 42
-6 5 -2 9
-6 5 2 9
-5 5 -5 43
-5 5 -4 43
-5 5 -3 46
-5 5 -2 46
-5 5 -1 10
-5 5 0 43
-5 5 1 47
-5 5 2 48
-5 5 3 47
-5 5 4 43
-4 5 -5 43
-4 5 -4 14
-4 5 -3 14
-4 5 -2 10
-4 5 -1 22
-4 5 0 10
-4 5 1 49
-4 5 2 14
-4 5 3 14
-4 5 4 43
-3 5 -5 48
-3 5 -4 14
-3 5 -3 14
-3 5 -2 14
-3 5 -1 10
-3 5 0 14
-3 5 1 50
-3 5 2 14
-3 5 3 14
-3 5 4 47
-2 5 -6 16
-2 5 -5 46
-2 5 -4 14
-2 5 -3 14
-2 5 -2 14
-2 5 -1 14
-2 5 0 14
-2 5 1 14
-2 5 2 14
-2 5 3 14
-2 5 4 47
-2 5 5 18
-1 5 -5 46
-1 5 -4 14
-1 5 -3 14
-1 5 -2 14
-1 5 -1 51
-1 5 0 51
-1 5 1 14
-1 5 2 14
-1 5 3 14
-1 5 4 47
0 5 -5 43
0 5 -4 52
0 5 -3 14
0 5 -2 14
0 5 -1 53
0 5 0 51
0 5 1 14
0 5 2 14
0 5 3 14
0 5 4 43
1 5 -5 47
1 5 -4 54
1 5 -3 14
1 5 -2 14
1 5 -1 55
1 5 0 51
1 5 1 14
1 5 2 14
1 5 3 14
1 5 4 47
2 5 -6 16
2 5 -5 48
2 5 -4 56
2 5 -3 14
2 5 -2 14
2 5 -1 57
2 5 0 14
2 5 1 14
2 5 2 14
2 5 3 14
2 5 4 46
2 5 5 18
3 5 -5 47
3 5 -4 14
3 5 -3 14
3 5 -2 14
3 5 -1 14
3 5 0 14
3 5 1 14
3 5 2 14
3 5 3 58
3 5 4 48
4 5 -5 43
4 5 -4 59
4 5 -3 14
4 5 -2 14
4 5 -1 17
4 5 0 14
4 5 1 14
4 5 2 14
4 5 3 60
4 5 4 43
5 5 -5 43
5 5 -4 43
5 5 -3 47
5 5 -2 46
5 5 -1 47
5 5 0 43
5 5 1 47
5 5 2 46
5 5 3 46
5 5 4 43
6 5 -2 25
6 5 2 25
-6 6 -3 27
-6 6 -1 27
-5 6 -5 43
-5 6 -4 43
-5 6 -3 47
-5 6 -2 29
-5 6 -1 10
-5 6 0 43
-5 6 1 46
-5 6 2 37
-5 6 3 47
-5 6 4 43
-4 6 -5 43
-4 6 -4 14
-4 6 -3 14
-4 6 -2 10
-4 6 -1 14
-4 6 0 10
-4 6 1 14
-4 6 2 14
-4 6 3 14
-4 6 4 43
-3 6 -5 48
-3 6 -4 14
-3 6 -3 14
-3 6 -2 14
-3 6 -1 10
-3 6 0 14
-3 6 1 14
-3 6 2 14
-3 6 3 14
-3 6 4 47
-3 6 5 32
-2 6 -5 33
-2 6 -4 14
-2 6 -3 14
-2 6 -2 14
-2 6 -1 14
-2 6 0 14
-2 6 1 14
-2 6 2 14
-2 6 3 14
-2 6 4 33
-1 6 -5 47
-1 6 -4 14
-1 6 -3 14
-1 6 -2 14
-1 6 -1 14
-1 6 0 14
-1 6 1 14
-1 6 2 14
-1 6 3 14
-1 6 4 47
-1 6 5 32
0 6 -5 43
0 6 -4 14
0 6 -3 14
0 6 -2 14
0 6 -1 14
0 6 0 14
0 6 1 14
0 6 2 14
0 6 3 14
0 6 4 43
1 6 -5 47
1 6 -4 14
1 6 -3 14
1 6 -2 14
1 6 -1 14
1 6 0 14
1 6 1 14
1 6 2 14
1 6 3 14
1 6 4 48
2 6 -5 33
2 6 -4 14
2 6 -3 14
2 6 -2 14
2 6 -1 14
2 6 0 14
2 6 1 14
2 6 2 14
2 6 3 14
2 6 4 33
3 6 -5 47
3 6 -4 14
3 6 -3 14
3 6 -2 14
3 6 -1 14
3 6 0 14
3 6 1 14
3 6 2 14
3 6 3 14
3 6 4 48
4 6 -5 43
4 6 -4 14
4 6 -3 14
4 6 -2 14
4 6 -1 14
4 6 0 14
4 6 1 14
4 6 2 14
4 6 3 14
4 6 4 43
5 6 -5 43
5 6 -4 43
5 6 -3 47
5 6 -2 37
5 6 -1 46
5 6 0 43
5 6 1 46
5 6 2 37
5 6 3 47
5 6 4 43
-6 7 -3 27
-6 7 -1 27
-5 7 -5 43
-5 7 -4 43
-5 7 -3 46
-5 7 -2 29
-5 7 -1 10
-5 7 0 43
-5 7 1 47
-5 7 2 37
-5 7 3 47
-5 7 4 43
-4 7 -5 43
-4 7 -4 14
-4 7 -3 14
-4 7 -2 10
-4 7 -1 14
-4 7 0 10
-4 7 1 14
-4 7 2 14
-4 7 3 14
-4 7 4 43
-3 7 -5 46
-3 7 -4 14
-3 7 -3 14
-3 7 -2 14
-3 7 -1 10
-3 7 0 14
-3 7 1 14
-3 7 2 14
-3 7 3 14
-3 7 4 47
-3 7 5 32
-2 7 -5 33
-2 7 -4 14
-2 7 -3 14
-2 7 -2 14
-2 7 -1 14
-2 7 0 14
-2 7 1 14
-2 7 2 14
-2 7 3 14
-2 7 4 33
-1 7 -5 47
-1 7 -4 14
-1 7 -3 14
-1 7 -2 14
-1 7 -1 14
-1 7 0 14
-1 7 1 14
-1 7 2 14
-1 7 3 14
-1 7 4 47
-1 7 5 32
0 7 -5 43
0 7 -4 14
0 7 -3 14
0 7 -2 14
0 7 -1 36
0 7 0 14
0 7 1 14
0 7 2 14
0 7 3 14
0 7 4 43
1 7 -5 47
1 7 -4 14
1 7 -3 14
1 7 -2 14
1 7 -1 14
1 7 0 14
1 7 1 14
1 7 2 14
1 7 3 14
1 7 4 48
2 7 -5 33
2 7 -4 14
2 7 -3 14
2 7 -2 14
2 7 -1 14
2 7 0 14
2 7 1 14
2 7 2 14
2 7 3 14
2 7 4 33
3 7 -5 46
3 7 -4 14
3 7 -3 14
3 7 -2 14
3 7 -1 14
3 7 0 14
3 7 1 14
3 7 2 14
3 7 3 14
3 7 4 47
4 7 -5 43
4 7 -4 14
4 7 -3 14
4 7 -2 14
4 7 -1 14
4 7 0 14
4 7 1 14
4 7 2 14
4 7 3 14
4 7 4 43
5 7 -5 43
5 7 -4 43
5 7 -3 47
5 7 -2 37
5 7 -1 47
5 7 0 43
5 7 1 47
5 7 2 37
5 7 3 46
5 7 4 43
-6 8 -6 61
-6 8 5 62
-5 8 -6 63
-5 8 -5 43
-5 8 -4 44
-5 8 -3 44
-5 8 -2 44
-5 8 -1 10
-5 8 0 44
-5 8 1 44
-5 8 2 44
-5 8 3 44
-5 8 4 43
-5 8 5 62
-4 8 -6 63
-4 8 -5 45
-4 8 -2 10
-4 8 -1 14
-4 8 0 10
-4 8 4 45
-4 8 5 62
-3 8 -6 63
-3 8 -5 45
-3 8 -1 10
-3 8 4 45
-3 8 5 62
-2 8 -6 61
-2 8 -5 45
-2 8 4 45
-2 8 5 62
-1 8 -6 63
-1 8 -5 45
-1 8 4 45
-1 8 5 62
0 8 -6 63
0 8 -5 45
0 8 4 45
0 8 5 62
1 8 -6 63
1 8 -5 45
1 8 4 45
1 8 5 64
2 8 -6 63
2 8 -5 45
2 8 4 45
2 8 5 62
3 8 -6 63
3 8 -5 45
3 8 4 45
3 8 5 62
4 8 -6 63
4 8 -5 45
4 8 4 45
4 8 5 62
5 8 -6 63
5 8 -5 43
5 8 -4 44
5 8 -3 44
5 8 -2 44
5 8 -1 44
5 8 0 44
5 8 1 44
5 8 2 44
5 8 3 44
5 8 4 43
5 8 5 62
6 8 -6 63
6 8 5 62
-6 9 -5 63
-6 9 4 62
-5 9 -5 63
-5 9 -4 43
-5 9 -3 46
-5 9 -2 47
-5 9 -1 10
-5 9 0 43
-5 9 1 47
-5 9 2 46
-5 9 3 47
-5 9 4 62
-4 9 -5 63
-4 9 -4 14
-4 9 -3 14
-4 9 -2 10
-4 9 -1 14
-4 9 0 10
-4 9 1 14
-4 9 2 14
-4 9 3 14
-4 9 4 62
-3 9 -5 63
-3 9 -4 14
-3 9 -3 14
-3 9 -2 14
-3 9 -1 28
-3 9 0 14
-3 9 1 14
-3 9 2 14
-3 9 3 14
-3 9 4 62
-2 9 -5 63
-2 9 -4 14
-2 9 -3 14
-2 9 -2 14
-2 9 -1 14
-2 9 0 14
-2 9 1 14
-2 9 2 14
-2 9 3 14
-2 9 4 62
-1 9 -5 63
-1 9 -4 14
-1 9 -3 14
-1 9 -2 14
-1 9 -1 14
-1 9 0 14
-1 9 1 14
-1 9 2 14
-1 9 3 14
-1 9 4 62
0 9 -5 63
0 9 -4 14
0 9 -3 14
0 9 -2 14
0 9 -1 14
0 9 0 14
0 9 1 14
0 9 2 14
0 9 3 14
0 9 4 62
1 9 -5 63
1 9 -4 14
1 9 -3 14
1 9 -2 14
1 9 -1 14
1 9 0 14
1 9 1 14
1 9 2 14
1 9 3 14
1 9 4 62
2 9 -5 63
2 9 -4 14
2 9 -3 14
2 9 -2 14
2 9 -1 14
2 9 0 14
2 9 1 14
2 9 2 14
2 9 3 14
2 9 4 62
3 9 -5 63
3 9 -4 14
3 9 -3 14
3 9 -2 14
3 9 -1 14
3 9 0 14
3 9 1 14
3 9 2 14
3 9 3 14
3 9 4 62
4 9 -5 63
4 9 -4 14
4 9 -3 14
4 9 -2 14
4 9 -1 14
4 9 0 14
4 9 1 14
4 9 2 14
4 9 3 14
4 9 4 62
5 9 -5 63
5 9 -4 43
5 9 -3 47
5 9 -2 47
5 9 -1 47
5 9 0 43
5 9 1 47
5 9 2 47
5 9 3 46
5 9 4 62
6 9 -5 63
6 9 4 62
-6 10 -4 61
-6 10 3 62
-5 10 -4 63
-5 10 -3 47
-5 10 -2 47
-5 10 -1 10
-5 10 0 43
-5 10 1 47
-5 10 2 46
-5 10 3 62
-4 10 -4 63
-4 10 -3 14
-4 10 -2 10
-4 10 -1 14
-4 10 0 10
-4 10 1 14
-4 10 2 14
-4 10 3 62
-3 10 -4 63
-3 10 -3 14
-3 10 -2 14
-3 10 -1 28
-3 10 0 14
-3 10 1 14
-3 10 2 14
-3 10 3 62
-2 10 -4 61
-2 10 -3 14
-2 10 -2 14
-2 10 -1 14
-2 10 0 14
-2 10 1 14
-2 10 2 14
-2 10 3 62
-1 10 -4 63
-1 10 -3 14
-1 10 -2 14
-1 10 -1 14
-1 10 0 14
-1 10 1 14
-1 10 2 14
-1 10 3 62
0 10 -4 61
0 10 -3 14
0 10 -2 14
0 10 -1 14
0 10 0 14
0 10 1 14
0 10 2 14
0 10 3 62
1 10 -4 63
1 10 -3 14
1 10 -2 14
1 10 -1 14
1 10 0 14
1 10 1 14
1 10 2 14
1 10 3 62
2 10 -4 63
2 10 -3 14
2 10 -2 14
2 10 -1 14
2 10 0 14
2 10 1 14
2 10 2 14
2 10 3 62
3 10 -4 63
3 10 -3 14
3 10 -2 14
3 10 -1 14
3 10 0 14
3 10 1 14
3 10 2 14
3 10 3 62
4 10 -4 61
4 10 -3 14
4 10 -2 14
4 10 -1 14
4 10 0 14
4 10 1 14
4 10 2 14
4 10 3 62
5 10 -4 63
5 10 -3 46
5 10 -2 48
5 10 -1 47
5 10 0 43
5 10 1 47
5 10 2 47
5 10 3 62
6 10 -4 63
6 10 3 62
-6 11 -3 63
-6 11 2 62
-5 11 -3 63
-5 11 -2 47
-5 11 -1 10
-5 11 0 29
-5 11 1 47
-5 11 2 64
-4 11 -3 63
-4 11 -2 10
-4 11 -1 14
-4 11 0 28
-4 11 1 14
-4 11 2 62
-3 11 -3 63
-3 11 -2 14
-3 11 -1 10
-3 11 0 14
-3 11 1 14
-3 11 2 64
-2 11 -3 63
-2 11 -2 14
-2 11 -1 14
-2 11 0 14
-2 11 1 14
-2 11 2 62
-1 11 -3 63
-1 11 -2 14
-1 11 -1 14
-1 11 0 14
-1 11 1 14
-1 11 2 62
0 11 -3 63
0 11 -2 14
0 11 -1 14
0 11 0 14
0 11 1 14
0 11 2 62
1 11 -3 63
1 11 -2 14
1 11 -1 14
1 11 0 14
1 11 1 14
1 11 2 62
2 11 -3 63
2 11 -2 14
2 11 -1 14
2 11 0 14
2 11 1 14
2 11 2 62
3 11 -3 63
3 11 -2 14
3 11 -1 14
3 11 0 14
3 11 1 14
3 11 2 62
4 11 -3 63
4 11 -2 14
4 11 -1 14
4 11 0 14
4 11 1 14
4 11 2 62
5 11 -3 63
5 11 -2 46
5 11 -1 37
5 11 0 37
5 11 1 47
5 11 2 62
6 11 -3 63
6 11 2 62
-6 12 -2 63
-6 12 -1 7
-6 12 0 7
-6 12 1 62
-5 12 -2 63
-5 12 -1 10
-5 12 0 43
-5 12 1 62
-4 12 -2 10
-4 12 -1 14
-4 12 0 10
-4 12 1 62
-3 12 -2 63
-3 12 -1 10
-3 12 0 7
-3 12 1 62
-2 12 -2 63
-2 12 -1 7
-2 12 0 7
-2 12 1 62
-1 12 -2 63
-1 12 -1 7
-1 12 0 7
-1 12 1 62
0 12 -2 63
0 12 -1 7
0 12 0 7
0 12 1 62
1 12 -2 63
1 12 -1 7
1 12 0 7
1 12 1 62
2 12 -2 63
2 12 -1 7
2 12 0 7
2 12 1 64
3 12 -2 63
3 12 -1 7
3 12 0 7
3 12 1 62
4 12 -2 61
4 12 -1 7
4 12 0 7
4 12 1 62
5 12 -2 63
5 12 -1 47
5 12 0 43
5 12 1 62
6 12 -2 63
6 12 -1 7
6 12 0 7
6 12 1 62
-6 13 -1 65
-6 13 0 65
-5 13 -1 10
-5 13 0 65
-4 13 -2 10
-4 13 -1 12
-4 13 0 28
-3 13 -1 28
-3 13 0 65
-2 13 -1 65
-2 13 0 65
-1 13 -1 65
-1 13 0 65
0 13 -1 65
0 13 0 65
1 13 -1 65
1 13 0 65
2 13 -1 65
2 13 0 65
3 13 -1 65
3 13 0 65
4 13 -1 65
4 13 0 65
5 13 -1 65
5 13 0 65
6 13 -1 65
6 13 0 65
-5 14 -1 10
-4 14 -2 10
-4 14 -1 14
-4 14 0 10
-3 14 -1 10
-5 15 -1 10
-4 15 -2 10
-4 15 -1 14
-4 15 0 10
-3 15 -1 28
