core 0 1 5
P minecraft:cut_sandstone
P minecraft:smooth_sandstone
P minecraft:air
P minecraft:barrel[facing=up,open=false]
P minecraft:ladder[facing=north,waterlogged=false]
P minecraft:jungle_fence[east=false,north=true,south=false,waterlogged=false,west=false]
P minecraft:cauldron
P minecraft:glass_pane[east=false,north=true,south=true,waterlogged=false,west=false]
P minecraft:glass_pane[east=true,north=false,south=false,waterlogged=false,west=true]
P minecraft:white_wool
P minecraft:yellow_terracotta
P minecraft:smooth_quartz
P minecraft:decorated_pot[cracked=false,facing=north,waterlogged=false]
P minecraft:white_bed[facing=north,occupied=false,part=head]
P minecraft:white_bed[facing=north,occupied=false,part=foot]
P minecraft:lantern[hanging=false,waterlogged=false]
P minecraft:white_carpet
P minecraft:chiseled_quartz_block
P minecraft:smooth_sandstone_slab[type=bottom,waterlogged=false]
P minecraft:cyan_terracotta
P minecraft:potted_cactus
-3 0 -4 0
-3 0 -3 0
-3 0 -2 0
-3 0 -1 0
-3 0 0 0
-3 0 1 0
-3 0 2 0
-3 0 3 0
-3 0 4 0
-2 0 -4 0
-2 0 -3 1
-2 0 -2 1
-2 0 -1 1
-2 0 0 1
-2 0 1 1
-2 0 2 1
-2 0 3 1
-2 0 4 0
-1 0 -4 0
-1 0 -3 1
-1 0 -2 1
-1 0 -1 1
-1 0 0 1
-1 0 1 1
-1 0 2 1
-1 0 3 1
-1 0 4 0
0 0 -4 0
0 0 -3 1
0 0 -2 1
0 0 -1 1
0 0 0 1
0 0 1 1
0 0 2 1
0 0 3 1
0 0 4 0
1 0 -4 0
1 0 -3 1
1 0 -2 1
1 0 -1 1
1 0 0 1
1 0 1 1
1 0 2 1
1 0 3 1
1 0 4 0
2 0 -4 0
2 0 -3 1
2 0 -2 1
2 0 -1 1
2 0 0 1
2 0 1 1
2 0 2 1
2 0 3 1
2 0 4 0
3 0 -4 0
3 0 -3 0
3 0 -2 0
3 0 -1 0
3 0 0 0
3 0 1 0
3 0 2 0
3 0 3 0
3 0 4 0
-3 1 -4 0
-3 1 -3 0
-3 1 -2 0
-3 1 -1 0
-3 1 0 0
-3 1 1 0
-3 1 2 0
-3 1 3 0
-3 1 4 0
-2 1 -4 0
-2 1 -3 2
-2 1 -2 2
-2 1 -1 2
-2 1 0 3
-2 1 1 2
-2 1 2 2
-2 1 3 4
-2 1 4 0
-2 1 5 5
-1 1 -4 0
-1 1 -3 2
-1 1 -2 2
-1 1 -1 2
-1 1 0 2
-1 1 1 2
-1 1 2 2
-1 1 3 2
-1 1 4 2
0 1 -4 0
0 1 -3 6
0 1 -2 2
0 1 -1 2
0 1 0 2
0 1 1 2
0 1 2 2
0 1 3 2
0 1 4 2
1 1 -4 0
1 1 -3 2
1 1 -2 2
1 1 -1 2
1 1 0 2
1 1 1 2
1 1 2 2
1 1 3 2
1 1 4 2
2 1 -4 0
2 1 -3 2
2 1 -2 2
2 1 -1 2
2 1 0 2
2 1 1 2
2 1 2 2
2 1 3 2
2 1 4 0
2 1 5 5
3 1 -4 0
3 1 -3 0
3 1 -2 0
3 1 -1 0
3 1 0 0
3 1 1 0
3 1 2 0
3 1 3 0
3 1 4 0
-3 2 -4 0
-3 2 -3 0
-3 2 -2 7
-3 2 -1 0
-3 2 0 7
-3 2 1 0
-3 2 2 7
-3 2 3 0
-3 2 4 0
-2 2 -4 0
-2 2 -3 2
-2 2 -2 2
-2 2 -1 2
-2 2 0 2
-2 2 1 2
-2 2 2 2
-2 2 3 4
-2 2 4 0
-2 2 5 5
-1 2 -4 8
-1 2 -3 2
-1 2 -2 2
-1 2 -1 2
-1 2 0 2
-1 2 1 2
-1 2 2 2
-1 2 3 2
-1 2 4 2
0 2 -4 0
0 2 -3 2
0 2 -2 2
0 2 -1 2
0 2 0 2
0 2 1 2
0 2 2 2
0 2 3 2
0 2 4 2
1 2 -4 8
1 2 -3 2
1 2 -2 2
1 2 -1 2
1 2 0 2
1 2 1 2
1 2 2 2
1 2 3 2
1 2 4 2
2 2 -4 0
2 2 -3 2
2 2 -2 2
2 2 -1 2
2 2 0 2
2 2 1 2
2 2 2 2
2 2 3 2
2 2 4 0
2 2 5 5
3 2 -4 0
3 2 -3 0
3 2 -2 7
3 2 -1 0
3 2 0 7
3 2 1 0
3 2 2 7
3 2 3 0
3 2 4 0
-3 3 -4 0
-3 3 -3 0
-3 3 -2 7
-3 3 -1 0
-3 3 0 7
-3 3 1 0
-3 3 2 7
-3 3 3 0
-3 3 4 0
-2 3 -4 0
-2 3 -3 2
-2 3 -2 2
-2 3 -1 2
-2 3 0 2
-2 3 1 2
-2 3 2 2
-2 3 3 4
-2 3 4 0
-2 3 5 9
-1 3 -4 8
-1 3 -3 2
-1 3 -2 2
-1 3 -1 2
-1 3 0 2
-1 3 1 2
-1 3 2 2
-1 3 3 2
-1 3 4 0
-1 3 5 9
0 3 -4 0
0 3 -3 2
0 3 -2 2
0 3 -1 2
0 3 0 2
0 3 1 2
0 3 2 2
0 3 3 2
0 3 4 0
0 3 5 9
1 3 -4 8
1 3 -3 2
1 3 -2 2
1 3 -1 2
1 3 0 2
1 3 1 2
1 3 2 2
1 3 3 2
1 3 4 0
1 3 5 9
2 3 -4 0
2 3 -3 2
2 3 -2 2
2 3 -1 2
2 3 0 2
2 3 1 2
2 3 2 2
2 3 3 2
2 3 4 0
2 3 5 9
3 3 -4 0
3 3 -3 0
3 3 -2 7
3 3 -1 0
3 3 0 7
3 3 1 0
3 3 2 7
3 3 3 0
3 3 4 0
-3 4 -4 0
-3 4 -3 10
-3 4 -2 0
-3 4 -1 10
-3 4 0 0
-3 4 1 10
-3 4 2 0
-3 4 3 10
-3 4 4 0
-2 4 -4 10
-2 4 -3 1
-2 4 -2 1
-2 4 -1 1
-2 4 0 1
-2 4 1 1
-2 4 2 1
-2 4 3 4
-2 4 4 10
-1 4 -4 0
-1 4 -3 1
-1 4 -2 1
-1 4 -1 1
-1 4 0 1
-1 4 1 1
-1 4 2 1
-1 4 3 1
-1 4 4 0
0 4 -4 10
0 4 -3 1
0 4 -2 1
0 4 -1 1
0 4 0 1
0 4 1 1
0 4 2 1
0 4 3 1
0 4 4 10
1 4 -4 0
1 4 -3 1
1 4 -2 1
1 4 -1 1
1 4 0 1
1 4 1 1
1 4 2 1
1 4 3 1
1 4 4 0
2 4 -4 10
2 4 -3 1
2 4 -2 1
2 4 -1 1
2 4 0 1
2 4 1 1
2 4 2 1
2 4 3 1
2 4 4 10
3 4 -4 0
3 4 -3 10
3 4 -2 0
3 4 -1 10
3 4 0 0
3 4 1 10
3 4 2 0
3 4 3 10
3 4 4 0
-3 5 -4 0
-3 5 -3 11
-3 5 -2 11
-3 5 -1 11
-3 5 0 11
-3 5 1 11
-3 5 2 11
-3 5 3 11
-3 5 4 0
-2 5 -4 11
-2 5 -3 12
-2 5 -2 2
-2 5 -1 2
-2 5 0 2
-2 5 1 2
-2 5 2 2
-2 5 3 4
-2 5 4 11
-1 5 -4 11
-1 5 -3 2
-1 5 -2 2
-1 5 -1 2
-1 5 0 2
-1 5 1 2
-1 5 2 2
-1 5 3 2
-1 5 4 11
0 5 -4 11
0 5 -3 13
0 5 -2 14
0 5 -1 2
0 5 0 15
0 5 1 2
0 5 2 2
0 5 3 2
0 5 4 11
1 5 -4 11
1 5 -3 2
1 5 -2 2
1 5 -1 2
1 5 0 2
1 5 1 16
1 5 2 2
1 5 3 2
1 5 4 11
2 5 -4 11
2 5 -3 13
2 5 -2 14
2 5 -1 2
2 5 0 2
2 5 1 2
2 5 2 2
2 5 3 2
2 5 4 11
3 5 -4 0
3 5 -3 11
3 5 -2 11
3 5 -1 11
3 5 0 11
3 5 1 11
3 5 2 11
3 5 3 11
3 5 4 0
-3 6 -4 0
-3 6 -3 11
-3 6 -2 7
-3 6 -1 11
-3 6 0 7
-3 6 1 11
-3 6 2 7
-3 6 3 11
-3 6 4 0
-2 6 -4 11
-2 6 -3 2
-2 6 -2 2
-2 6 -1 2
-2 6 0 2
-2 6 1 2
-2 6 2 2
-2 6 3 4
-2 6 4 11
-1 6 -4 8
-1 6 -3 2
-1 6 -2 2
-1 6 -1 2
-1 6 0 2
-1 6 1 2
-1 6 2 2
-1 6 3 2
-1 6 4 8
0 6 -4 11
0 6 -3 2
0 6 -2 2
0 6 -1 2
0 6 0 2
0 6 1 2
0 6 2 2
0 6 3 2
0 6 4 11
1 6 -4 8
1 6 -3 2
1 6 -2 2
1 6 -1 2
1 6 0 2
1 6 1 2
1 6 2 2
1 6 3 2
1 6 4 8
2 6 -4 11
2 6 -3 2
2 6 -2 2
2 6 -1 2
2 6 0 2
2 6 1 2
2 6 2 2
2 6 3 2
2 6 4 11
3 6 -4 0
3 6 -3 11
3 6 -2 7
3 6 -1 11
3 6 0 7
3 6 1 11
3 6 2 7
3 6 3 11
3 6 4 0
-3 7 -4 0
-3 7 -3 11
-3 7 -2 7
-3 7 -1 11
-3 7 0 7
-3 7 1 11
-3 7 2 7
-3 7 3 11
-3 7 4 0
-2 7 -4 11
-2 7 -3 2
-2 7 -2 2
-2 7 -1 2
-2 7 0 2
-2 7 1 2
-2 7 2 2
-2 7 3 4
-2 7 4 11
-1 7 -4 8
-1 7 -3 2
-1 7 -2 2
-1 7 -1 2
-1 7 0 2
-1 7 1 2
-1 7 2 2
-1 7 3 2
-1 7 4 8
0 7 -4 11
0 7 -3 2
0 7 -2 2
0 7 -1 2
0 7 0 2
0 7 1 2
0 7 2 2
0 7 3 2
0 7 4 11
1 7 -4 8
1 7 -3 2
1 7 -2 2
1 7 -1 2
1 7 0 2
1 7 1 2
1 7 2 2
1 7 3 2
1 7 4 8
2 7 -4 11
2 7 -3 2
2 7 -2 2
2 7 -1 2
2 7 0 2
2 7 1 2
2 7 2 2
2 7 3 2
2 7 4 11
3 7 -4 0
3 7 -3 11
3 7 -2 7
3 7 -1 11
3 7 0 7
3 7 1 11
3 7 2 7
3 7 3 11
3 7 4 0
-3 8 -4 0
-3 8 -3 10
-3 8 -2 0
-3 8 -1 10
-3 8 0 0
-3 8 1 10
-3 8 2 0
-3 8 3 10
-3 8 4 0
-2 8 -4 10
-2 8 -3 1
-2 8 -2 1
-2 8 -1 1
-2 8 0 1
-2 8 1 1
-2 8 2 1
-2 8 3 4
-2 8 4 10
-1 8 -4 0
-1 8 -3 1
-1 8 -2 1
-1 8 -1 1
-1 8 0 1
-1 8 1 1
-1 8 2 1
-1 8 3 1
-1 8 4 0
0 8 -4 10
0 8 -3 1
0 8 -2 1
0 8 -1 1
0 8 0 1
0 8 1 1
0 8 2 1
0 8 3 1
0 8 4 10
1 8 -4 0
1 8 -3 1
1 8 -2 1
1 8 -1 1
1 8 0 1
1 8 1 1
1 8 2 1
1 8 3 1
1 8 4 0
2 8 -4 10
2 8 -3 1
2 8 -2 1
2 8 -1 1
2 8 0 1
2 8 1 1
2 8 2 1
2 8 3 1
2 8 4 10
3 8 -4 0
3 8 -3 10
3 8 -2 0
3 8 -1 10
3 8 0 0
3 8 1 10
3 8 2 0
3 8 3 10
3 8 4 0
-3 9 -4 0
-3 9 -3 11
-3 9 -2 11
-3 9 -1 11
-3 9 0 11
-3 9 1 11
-3 9 2 11
-3 9 3 11
-3 9 4 0
-2 9 -4 11
-2 9 -3 12
-2 9 -2 2
-2 9 -1 2
-2 9 0 2
-2 9 1 2
-2 9 2 2
-2 9 3 4
-2 9 4 11
-1 9 -4 11
-1 9 -3 2
-1 9 -2 2
-1 9 -1 2
-1 9 0 2
-1 9 1 2
-1 9 2 2
-1 9 3 2
-1 9 4 11
0 9 -4 11
0 9 -3 13
0 9 -2 14
0 9 -1 2
0 9 0 15
0 9 1 2
0 9 2 2
0 9 3 2
0 9 4 11
1 9 -4 11
1 9 -3 2
1 9 -2 2
1 9 -1 2
1 9 0 2
1 9 1 16
1 9 2 2
1 9 3 2
1 9 4 11
2 9 -4 11
2 9 -3 13
2 9 -2 14
2 9 -1 2
2 9 0 2
2 9 1 2
2 9 2 2
2 9 3 2
2 9 4 11
3 9 -4 0
3 9 -3 11
3 9 -2 11
3 9 -1 11
3 9 0 11
3 9 1 11
3 9 2 11
3 9 3 11
3 9 4 0
-3 10 -4 0
-3 10 -3 11
-3 10 -2 7
-3 10 -1 11
-3 10 0 7
-3 10 1 11
-3 10 2 7
-3 10 3 11
-3 10 4 0
-2 10 -4 11
-2 10 -3 2
-2 10 -2 2
-2 10 -1 2
-2 10 0 2
-2 10 1 2
-2 10 2 2
-2 10 3 4
-2 10 4 11
-1 10 -4 8
-1 10 -3 2
-1 10 -2 2
-1 10 -1 2
-1 10 0 2
-1 10 1 2
-1 10 2 2
-1 10 3 2
-1 10 4 8
0 10 -4 11
0 10 -3 2
0 10 -2 2
0 10 -1 2
0 10 0 2
0 10 1 2
0 10 2 2
0 10 3 2
0 10 4 11
1 10 -4 8
1 10 -3 2
1 10 -2 2
1 10 -1 2
1 10 0 2
1 10 1 2
1 10 2 2
1 10 3 2
1 10 4 8
2 10 -4 11
2 10 -3 2
2 10 -2 2
2 10 -1 2
2 10 0 2
2 10 1 2
2 10 2 2
2 10 3 2
2 10 4 11
3 10 -4 0
3 10 -3 11
3 10 -2 7
3 10 -1 11
3 10 0 7
3 10 1 11
3 10 2 7
3 10 3 11
3 10 4 0
-3 11 -4 0
-3 11 -3 11
-3 11 -2 7
-3 11 -1 11
-3 11 0 7
-3 11 1 11
-3 11 2 7
-3 11 3 11
-3 11 4 0
-2 11 -4 11
-2 11 -3 2
-2 11 -2 2
-2 11 -1 2
-2 11 0 2
-2 11 1 2
-2 11 2 2
-2 11 3 4
-2 11 4 11
-1 11 -4 8
-1 11 -3 2
-1 11 -2 2
-1 11 -1 2
-1 11 0 2
-1 11 1 2
-1 11 2 2
-1 11 3 2
-1 11 4 8
0 11 -4 11
0 11 -3 2
0 11 -2 2
0 11 -1 2
0 11 0 2
0 11 1 2
0 11 2 2
0 11 3 2
0 11 4 11
1 11 -4 8
1 11 -3 2
1 11 -2 2
1 11 -1 2
1 11 0 2
1 11 1 2
1 11 2 2
1 11 3 2
1 11 4 8
2 11 -4 11
2 11 -3 2
2 11 -2 2
2 11 -1 2
2 11 0 2
2 11 1 2
2 11 2 2
2 11 3 2
2 11 4 11
3 11 -4 0
3 11 -3 11
3 11 -2 7
3 11 -1 11
3 11 0 7
3 11 1 11
3 11 2 7
3 11 3 11
3 11 4 0
-3 12 -4 0
-3 12 -3 10
-3 12 -2 0
-3 12 -1 10
-3 12 0 0
-3 12 1 10
-3 12 2 0
-3 12 3 10
-3 12 4 0
-2 12 -4 10
-2 12 -3 2
-2 12 -2 2
-2 12 -1 2
-2 12 0 2
-2 12 1 2
-2 12 2 2
-2 12 3 4
-2 12 4 10
-1 12 -4 0
-1 12 -3 2
-1 12 -2 2
-1 12 -1 2
-1 12 0 2
-1 12 1 2
-1 12 2 2
-1 12 3 2
-1 12 4 0
0 12 -4 10
0 12 -3 2
0 12 -2 2
0 12 -1 2
0 12 0 2
0 12 1 2
0 12 2 2
0 12 3 2
0 12 4 10
1 12 -4 0
1 12 -3 2
1 12 -2 2
1 12 -1 2
1 12 0 2
1 12 1 2
1 12 2 2
1 12 3 2
1 12 4 0
2 12 -4 10
2 12 -3 2
2 12 -2 2
2 12 -1 2
2 12 0 2
2 12 1 2
2 12 2 2
2 12 3 2
2 12 4 10
3 12 -4 0
3 12 -3 10
3 12 -2 0
3 12 -1 10
3 12 0 0
3 12 1 10
3 12 2 0
3 12 3 10
3 12 4 0
-3 13 -4 0
-3 13 -3 0
-3 13 -2 0
-3 13 -1 0
-3 13 0 0
-3 13 1 0
-3 13 2 0
-3 13 3 0
-3 13 4 0
-2 13 -4 0
-2 13 -3 1
-2 13 -2 1
-2 13 -1 1
-2 13 0 1
-2 13 1 1
-2 13 2 1
-2 13 3 4
-2 13 4 0
-1 13 -4 0
-1 13 -3 1
-1 13 -2 1
-1 13 -1 1
-1 13 0 1
-1 13 1 1
-1 13 2 1
-1 13 3 1
-1 13 4 0
0 13 -4 0
0 13 -3 1
0 13 -2 1
0 13 -1 1
0 13 0 1
0 13 1 1
0 13 2 1
0 13 3 1
0 13 4 0
1 13 -4 0
1 13 -3 1
1 13 -2 1
1 13 -1 1
1 13 0 1
1 13 1 1
1 13 2 1
1 13 3 1
1 13 4 0
2 13 -4 0
2 13 -3 1
2 13 -2 1
2 13 -1 1
2 13 0 1
2 13 1 1
2 13 2 1
2 13 3 1
2 13 4 0
3 13 -4 0
3 13 -3 0
3 13 -2 0
3 13 -1 0
3 13 0 0
3 13 1 0
3 13 2 0
3 13 3 0
3 13 4 0
-3 14 -4 17
-3 14 -3 11
-3 14 -2 18
-3 14 -1 11
-3 14 0 18
-3 14 1 11
-3 14 2 18
-3 14 3 11
-3 14 4 17
-2 14 -4 11
-2 14 -2 19
-2 14 -1 19
-2 14 0 19
-2 14 4 11
-1 14 -4 18
-1 14 -2 19
-1 14 -1 19
-1 14 0 19
-1 14 4 18
0 14 -4 11
0 14 -2 19
0 14 -1 19
0 14 0 19
0 14 4 11
1 14 -4 18
1 14 2 20
1 14 4 18
2 14 -4 11
2 14 4 11
3 14 -4 17
3 14 -3 11
3 14 -2 18
3 14 -1 11
3 14 0 18
3 14 1 11
3 14 2 18
3 14 3 11
3 14 4 17
-3 15 -4 15
-3 15 4 15
-1 15 -1 19
3 15 -4 15
3 15 4 15
