core 0 1 6
P minecraft:sandstone_stairs[facing=east,half=bottom,shape=straight,waterlogged=false]
P minecraft:sandstone_stairs[facing=south,half=bottom,shape=straight,waterlogged=false]
P minecraft:sandstone
P minecraft:cut_sandstone
P minecraft:sandstone_stairs[facing=north,half=bottom,shape=straight,waterlogged=false]
P minecraft:sandstone_stairs[facing=west,half=bottom,shape=straight,waterlogged=false]
P minecraft:smooth_sandstone_slab[type=top,waterlogged=false]
P minecraft:crafting_table
P minecraft:chest[facing=east,type=single,waterlogged=false]
P minecraft:air
P minecraft:barrel[facing=up,open=false]
P minecraft:smoker[facing=east,lit=false]
P minecraft:decorated_pot[cracked=false,facing=north,waterlogged=false]
P minecraft:acacia_door[facing=north,half=lower,hinge=left,open=false,powered=false]
P minecraft:acacia_stairs[facing=west,half=bottom,shape=straight,waterlogged=false]
P minecraft:potted_cactus
P minecraft:furnace[facing=west,lit=false]
P minecraft:water_cauldron[level=3]
P minecraft:bookshelf
P minecraft:white_terracotta
P minecraft:glass_pane[east=false,north=true,south=true,waterlogged=false,west=false]
P minecraft:potted_dandelion
P minecraft:acacia_trapdoor[facing=south,half=bottom,open=true,powered=false,waterlogged=false]
P minecraft:glass_pane[east=true,north=false,south=true,waterlogged=false,west=true]
P minecraft:glass_pane[east=true,north=false,south=false,waterlogged=false,west=true]
P minecraft:acacia_door[facing=north,half=upper,hinge=left,open=false,powered=false]
P minecraft:smooth_sandstone
P minecraft:acacia_trapdoor[facing=west,half=bottom,open=true,powered=false,waterlogged=false]
P minecraft:stripped_acacia_log[axis=x]
P minecraft:cyan_terracotta
P minecraft:sandstone_stairs[facing=south,half=top,shape=straight,waterlogged=false]
P minecraft:glass_pane[east=false,north=false,south=false,waterlogged=false,west=false]
P minecraft:sandstone_stairs[facing=north,half=top,shape=straight,waterlogged=false]
P minecraft:sandstone_stairs[facing=east,half=top,shape=straight,waterlogged=false]
P minecraft:glass_pane[east=false,north=false,south=true,waterlogged=false,west=false]
P minecraft:sandstone_stairs[facing=west,half=top,shape=straight,waterlogged=false]
P minecraft:stripped_acacia_log[axis=z]
P minecraft:lantern[hanging=true,waterlogged=false]
P minecraft:chiseled_sandstone
P minecraft:acacia_planks
P minecraft:white_wool
P minecraft:cyan_wool
P minecraft:smooth_sandstone_slab[type=bottom,waterlogged=false]
P minecraft:cyan_bed[facing=west,occupied=false,part=head]
P minecraft:acacia_stairs[facing=east,half=bottom,shape=straight,waterlogged=false]
P minecraft:cyan_bed[facing=west,occupied=false,part=foot]
P minecraft:acacia_fence[east=true,north=false,south=true,waterlogged=false,west=false]
P minecraft:acacia_fence[east=true,north=false,south=true,waterlogged=false,west=true]
P minecraft:acacia_fence[east=false,north=false,south=true,waterlogged=false,west=true]
P minecraft:acacia_fence[east=false,north=false,south=false,waterlogged=false,west=false]
P minecraft:cyan_bed[facing=east,occupied=false,part=foot]
P minecraft:chest[facing=west,type=single,waterlogged=false]
P minecraft:cyan_bed[facing=east,occupied=false,part=head]
P minecraft:acacia_trapdoor[facing=east,half=bottom,open=true,powered=false,waterlogged=false]
P minecraft:lantern[hanging=false,waterlogged=false]
P minecraft:acacia_fence[east=true,north=false,south=false,waterlogged=false,west=false]
P minecraft:acacia_fence[east=true,north=false,south=false,waterlogged=false,west=true]
P minecraft:cyan_carpet
P minecraft:acacia_fence[east=false,north=false,south=false,waterlogged=false,west=true]
P minecraft:acacia_trapdoor[facing=north,half=bottom,open=true,powered=false,waterlogged=false]
P minecraft:acacia_fence[east=true,north=true,south=false,waterlogged=false,west=false]
P minecraft:ladder[facing=north,waterlogged=false]
P minecraft:oxidized_cut_copper
P minecraft:acacia_fence[east=false,north=true,south=false,waterlogged=false,west=true]
P minecraft:gold_block
P minecraft:lightning_rod[facing=up,powered=false,waterlogged=false]
-5 0 -5 0
-5 0 -4 0
-5 0 -3 0
-5 0 -2 0
-5 0 -1 0
-5 0 0 0
-5 0 1 0
-5 0 2 0
-5 0 3 0
-5 0 4 0
-5 0 5 0
-4 0 -6 1
-4 0 -5 2
-4 0 -4 2
-4 0 -3 3
-4 0 -2 2
-4 0 -1 3
-4 0 0 3
-4 0 1 3
-4 0 2 2
-4 0 3 3
-4 0 4 2
-4 0 5 3
-4 0 6 4
-3 0 -6 1
-3 0 -5 2
-3 0 -4 3
-3 0 -3 3
-3 0 -2 3
-3 0 -1 3
-3 0 0 3
-3 0 1 3
-3 0 2 3
-3 0 3 3
-3 0 4 3
-3 0 5 3
-3 0 6 4
-2 0 -6 1
-2 0 -5 3
-2 0 -4 3
-2 0 -3 3
-2 0 -2 3
-2 0 -1 3
-2 0 0 3
-2 0 1 3
-2 0 2 3
-2 0 3 3
-2 0 4 3
-2 0 5 3
-2 0 6 4
-1 0 -6 1
-1 0 -5 3
-1 0 -4 3
-1 0 -3 3
-1 0 -2 3
-1 0 -1 3
-1 0 0 3
-1 0 1 3
-1 0 2 3
-1 0 3 3
-1 0 4 3
-1 0 5 2
-1 0 6 4
0 0 -6 1
0 0 -5 2
0 0 -4 3
0 0 -3 3
0 0 -2 3
0 0 -1 3
0 0 0 3
0 0 1 3
0 0 2 3
0 0 3 3
0 0 4 3
0 0 5 2
1 0 -6 1
1 0 -5 2
1 0 -4 3
1 0 -3 3
1 0 -2 3
1 0 -1 3
1 0 0 3
1 0 1 3
1 0 2 3
1 0 3 3
1 0 4 3
1 0 5 3
1 0 6 4
2 0 -6 1
2 0 -5 3
2 0 -4 3
2 0 -3 3
2 0 -2 3
2 0 -1 3
2 0 0 3
2 0 1 3
2 0 2 3
2 0 3 3
2 0 4 3
2 0 5 2
2 0 6 4
3 0 -6 1
3 0 -5 3
3 0 -4 3
3 0 -3 3
3 0 -2 3
3 0 -1 3
3 0 0 3
3 0 1 3
3 0 2 3
3 0 3 3
3 0 4 3
3 0 5 2
3 0 6 4
4 0 -6 1
4 0 -5 2
4 0 -4 2
4 0 -3 3
4 0 -2 3
4 0 -1 2
4 0 0 2
4 0 1 3
4 0 2 3
4 0 3 2
4 0 4 2
4 0 5 3
4 0 6 4
5 0 -5 5
5 0 -4 5
5 0 -3 5
5 0 -2 5
5 0 -1 5
5 0 0 5
5 0 1 5
5 0 2 5
5 0 3 5
5 0 4 5
5 0 5 5
-5 1 -2 6
-5 1 1 6
-4 1 -5 2
-4 1 -4 3
-4 1 -3 2
-4 1 -2 2
-4 1 -1 2
-4 1 0 2
-4 1 1 3
-4 1 2 3
-4 1 3 3
-4 1 4 3
-4 1 5 3
-3 1 -5 2
-3 1 -4 7
-3 1 -3 8
-3 1 -2 9
-3 1 -1 9
-3 1 0 9
-3 1 1 10
-3 1 2 9
-3 1 3 11
-3 1 4 9
-3 1 5 3
-2 1 -6 6
-2 1 -5 3
-2 1 -4 3
-2 1 -3 3
-2 1 -2 9
-2 1 -1 9
-2 1 0 9
-2 1 1 9
-2 1 2 9
-2 1 3 9
-2 1 4 9
-2 1 5 3
-2 1 6 12
-1 1 -5 3
-1 1 -4 3
-1 1 -3 3
-1 1 -2 9
-1 1 -1 9
-1 1 0 9
-1 1 1 9
-1 1 2 9
-1 1 3 9
-1 1 4 9
-1 1 5 3
0 1 -5 3
0 1 -4 3
0 1 -3 3
0 1 -2 9
0 1 -1 9
0 1 0 9
0 1 1 9
0 1 2 9
0 1 3 9
0 1 4 9
0 1 5 13
1 1 -6 6
1 1 -5 3
1 1 -4 14
1 1 -3 14
1 1 -2 9
1 1 -1 9
1 1 0 9
1 1 1 9
1 1 2 9
1 1 3 9
1 1 4 9
1 1 5 3
2 1 -5 2
2 1 -4 9
2 1 -3 9
2 1 -2 9
2 1 -1 9
2 1 0 9
2 1 1 9
2 1 2 9
2 1 3 9
2 1 4 9
2 1 5 3
2 1 6 15
3 1 -5 3
3 1 -4 9
3 1 -3 9
3 1 -2 10
3 1 -1 16
3 1 0 17
3 1 1 9
3 1 2 9
3 1 3 18
3 1 4 9
3 1 5 2
4 1 -5 3
4 1 -4 3
4 1 -3 3
4 1 -2 2
4 1 -1 3
4 1 0 3
4 1 1 3
4 1 2 3
4 1 3 2
4 1 4 3
4 1 5 3
5 1 -2 6
5 1 1 6
-4 2 -5 19
-4 2 -4 19
-4 2 -3 19
-4 2 -2 20
-4 2 -1 19
-4 2 0 19
-4 2 1 20
-4 2 2 19
-4 2 3 19
-4 2 4 19
-4 2 5 19
-3 2 -5 19
-3 2 -4 9
-3 2 -3 9
-3 2 -2 9
-3 2 -1 9
-3 2 0 9
-3 2 1 21
-3 2 2 9
-3 2 3 9
-3 2 4 9
-3 2 5 19
-2 2 -6 22
-2 2 -5 23
-2 2 -4 3
-2 2 -3 3
-2 2 -2 9
-2 2 -1 9
-2 2 0 9
-2 2 1 9
-2 2 2 9
-2 2 3 9
-2 2 4 9
-2 2 5 24
-1 2 -5 19
-1 2 -4 3
-1 2 -3 3
-1 2 -2 9
-1 2 -1 9
-1 2 0 9
-1 2 1 9
-1 2 2 9
-1 2 3 9
-1 2 4 9
-1 2 5 19
0 2 -5 19
0 2 -4 14
0 2 -3 14
0 2 -2 9
0 2 -1 9
0 2 0 9
0 2 1 9
0 2 2 9
0 2 3 9
0 2 4 9
0 2 5 25
1 2 -5 24
1 2 -4 9
1 2 -3 9
1 2 -2 9
1 2 -1 9
1 2 0 9
1 2 1 9
1 2 2 9
1 2 3 9
1 2 4 9
1 2 5 19
2 2 -5 26
2 2 -4 9
2 2 -3 9
2 2 -2 9
2 2 -1 9
2 2 0 9
2 2 1 9
2 2 2 9
2 2 3 9
2 2 4 9
2 2 5 19
3 2 -5 19
3 2 -4 9
3 2 -3 9
3 2 -2 9
3 2 -1 9
3 2 0 9
3 2 1 9
3 2 2 9
3 2 3 9
3 2 4 9
3 2 5 19
4 2 -5 19
4 2 -4 19
4 2 -3 19
4 2 -2 20
4 2 -1 26
4 2 0 19
4 2 1 20
4 2 2 19
4 2 3 19
4 2 4 19
4 2 5 19
5 2 -2 27
5 2 1 27
-5 3 -4 28
-5 3 0 28
-5 3 4 28
-4 3 -5 29
-4 3 -4 29
-4 3 -3 30
-4 3 -2 31
-4 3 -1 32
-4 3 0 30
-4 3 1 31
-4 3 2 32
-4 3 3 29
-4 3 4 29
-4 3 5 29
-3 3 -5 33
-3 3 -4 9
-3 3 -3 9
-3 3 -2 9
-3 3 -1 9
-3 3 0 9
-3 3 1 9
-3 3 2 9
-3 3 3 9
-3 3 4 9
-3 3 5 33
-2 3 -6 22
-2 3 -5 34
-2 3 -4 3
-2 3 -3 3
-2 3 -2 9
-2 3 -1 9
-2 3 0 9
-2 3 1 9
-2 3 2 9
-2 3 3 9
-2 3 4 9
-2 3 5 31
-1 3 -5 35
-1 3 -4 14
-1 3 -3 14
-1 3 -2 9
-1 3 -1 9
-1 3 0 9
-1 3 1 9
-1 3 2 9
-1 3 3 9
-1 3 4 9
-1 3 5 33
0 3 -6 36
0 3 -5 33
0 3 -4 9
0 3 -3 9
0 3 -2 9
0 3 -1 9
0 3 0 37
0 3 1 9
0 3 2 9
0 3 3 9
0 3 4 9
0 3 5 38
0 3 6 36
1 3 -5 31
1 3 -4 9
1 3 -3 9
1 3 -2 9
1 3 -1 9
1 3 0 9
1 3 1 9
1 3 2 9
1 3 3 9
1 3 4 9
1 3 5 35
1 3 6 37
2 3 -5 35
2 3 -4 9
2 3 -3 9
2 3 -2 9
2 3 -1 9
2 3 0 9
2 3 1 9
2 3 2 9
2 3 3 9
2 3 4 9
2 3 5 29
3 3 -5 29
3 3 -4 9
3 3 -3 9
3 3 -2 9
3 3 -1 9
3 3 0 9
3 3 1 9
3 3 2 9
3 3 3 9
3 3 4 9
3 3 5 29
4 3 -5 29
4 3 -4 29
4 3 -3 30
4 3 -2 31
4 3 -1 32
4 3 0 30
4 3 1 31
4 3 2 32
4 3 3 29
4 3 4 29
4 3 5 29
5 3 -4 28
5 3 -2 27
5 3 0 28
5 3 1 27
5 3 4 28
-4 4 -5 3
-4 4 -4 3
-4 4 -3 3
-4 4 -2 3
-4 4 -1 3
-4 4 0 3
-4 4 1 3
-4 4 2 3
-4 4 3 3
-4 4 4 3
-4 4 5 3
-3 4 -5 3
-3 4 -4 39
-3 4 -3 39
-3 4 -2 39
-3 4 -1 39
-3 4 0 39
-3 4 1 39
-3 4 2 39
-3 4 3 3
-3 4 4 3
-3 4 5 3
-2 4 -5 3
-2 4 -4 14
-2 4 -3 14
-2 4 -2 39
-2 4 -1 39
-2 4 0 39
-2 4 1 39
-2 4 2 39
-2 4 3 3
-2 4 4 3
-2 4 5 3
-1 4 -5 3
-1 4 -4 9
-1 4 -3 9
-1 4 -2 39
-1 4 -1 39
-1 4 0 39
-1 4 1 39
-1 4 2 39
-1 4 3 3
-1 4 4 3
-1 4 5 3
-1 4 6 40
0 4 -5 3
0 4 -4 9
0 4 -3 9
0 4 -2 39
0 4 -1 39
0 4 0 39
0 4 1 39
0 4 2 39
0 4 3 3
0 4 4 3
0 4 5 3
0 4 6 41
1 4 -5 3
1 4 -4 9
1 4 -3 9
1 4 -2 39
1 4 -1 39
1 4 0 39
1 4 1 39
1 4 2 39
1 4 3 3
1 4 4 3
1 4 5 3
1 4 6 40
2 4 -5 3
2 4 -4 39
2 4 -3 39
2 4 -2 39
2 4 -1 39
2 4 0 39
2 4 1 39
2 4 2 39
2 4 3 3
2 4 4 3
2 4 5 3
3 4 -5 3
3 4 -4 39
3 4 -3 39
3 4 -2 39
3 4 -1 39
3 4 0 39
3 4 1 39
3 4 2 39
3 4 3 3
3 4 4 3
3 4 5 3
4 4 -5 3
4 4 -4 3
4 4 -3 3
4 4 -2 3
4 4 -1 3
4 4 0 3
4 4 1 3
4 4 2 3
4 4 3 3
4 4 4 3
4 4 5 3
-5 5 -2 6
-5 5 1 6
-4 5 -5 26
-4 5 -4 19
-4 5 -3 26
-4 5 -2 26
-4 5 -1 19
-4 5 0 19
-4 5 1 19
-4 5 2 19
-4 5 3 19
-4 5 4 19
-4 5 5 42
-3 5 -5 19
-3 5 -4 9
-3 5 -3 9
-3 5 -2 9
-3 5 -1 9
-3 5 0 9
-3 5 1 10
-3 5 2 43
-3 5 3 19
-3 5 5 19
-2 5 -6 6
-2 5 -5 19
-2 5 -4 9
-2 5 -3 9
-2 5 -2 9
-2 5 -1 44
-2 5 0 44
-2 5 1 9
-2 5 2 45
-2 5 3 26
-2 5 4 6
-2 5 5 42
-1 5 -5 19
-1 5 -4 9
-1 5 -3 9
-1 5 -2 46
-1 5 -1 3
-1 5 0 3
-1 5 1 9
-1 5 2 9
-1 5 3 19
-1 5 5 19
0 5 -5 19
0 5 -4 9
0 5 -3 9
0 5 -2 47
0 5 -1 3
0 5 0 3
0 5 1 9
0 5 2 18
0 5 3 19
0 5 5 42
1 5 -6 6
1 5 -5 26
1 5 -4 9
1 5 -3 9
1 5 -2 48
1 5 -1 3
1 5 0 3
1 5 1 9
1 5 2 9
1 5 3 19
1 5 4 6
1 5 5 19
2 5 -5 19
2 5 -4 9
2 5 -3 49
2 5 -2 9
2 5 -1 9
2 5 0 9
2 5 1 9
2 5 2 50
2 5 3 26
2 5 5 42
3 5 -5 19
3 5 -4 9
3 5 -3 9
3 5 -2 9
3 5 -1 51
3 5 0 10
3 5 1 9
3 5 2 52
3 5 3 26
3 5 5 19
4 5 -5 19
4 5 -4 19
4 5 -3 19
4 5 -2 19
4 5 -1 19
4 5 0 26
4 5 1 19
4 5 2 19
4 5 3 19
4 5 4 19
4 5 5 42
5 5 -2 6
5 5 1 6
-5 6 -2 53
-4 6 -5 19
-4 6 -4 19
-4 6 -3 19
-4 6 -2 20
-4 6 -1 19
-4 6 0 19
-4 6 1 20
-4 6 2 19
-4 6 3 19
-3 6 -5 26
-3 6 -4 9
-3 6 -3 9
-3 6 -2 9
-3 6 -1 9
-3 6 0 9
-3 6 1 54
-3 6 2 9
-3 6 3 26
-2 6 -6 22
-2 6 -5 24
-2 6 -4 9
-2 6 -3 9
-2 6 -2 9
-2 6 -1 9
-2 6 0 9
-2 6 1 9
-2 6 2 9
-2 6 3 24
-1 6 -5 19
-1 6 -4 9
-1 6 -3 9
-1 6 -2 9
-1 6 -1 44
-1 6 0 44
-1 6 1 9
-1 6 2 9
-1 6 3 19
0 6 -5 19
0 6 -4 9
0 6 -3 9
0 6 -2 9
0 6 -1 3
0 6 0 3
0 6 1 9
0 6 2 9
0 6 3 19
1 6 -5 24
1 6 -4 9
1 6 -3 9
1 6 -2 9
1 6 -1 3
1 6 0 3
1 6 1 9
1 6 2 9
1 6 3 24
2 6 -5 19
2 6 -4 9
2 6 -3 9
2 6 -2 9
2 6 -1 9
2 6 0 9
2 6 1 9
2 6 2 9
2 6 3 19
3 6 -5 26
3 6 -4 9
3 6 -3 9
3 6 -2 9
3 6 -1 9
3 6 0 9
3 6 1 9
3 6 2 9
3 6 3 26
4 6 -5 19
4 6 -4 19
4 6 -3 19
4 6 -2 20
4 6 -1 19
4 6 0 19
4 6 1 20
4 6 2 19
4 6 3 19
5 6 -2 27
-5 7 -4 28
-5 7 -2 53
-5 7 0 28
-4 7 -5 29
-4 7 -4 29
-4 7 -3 30
-4 7 -2 31
-4 7 -1 32
-4 7 0 30
-4 7 1 31
-4 7 2 32
-4 7 3 29
-3 7 -5 33
-3 7 -4 9
-3 7 -3 9
-3 7 -2 9
-3 7 -1 9
-3 7 0 9
-3 7 1 9
-3 7 2 9
-3 7 3 33
-2 7 -6 22
-2 7 -5 31
-2 7 -4 9
-2 7 -3 9
-2 7 -2 9
-2 7 -1 9
-2 7 0 9
-2 7 1 9
-2 7 2 9
-2 7 3 31
-1 7 -5 35
-1 7 -4 9
-1 7 -3 9
-1 7 -2 9
-1 7 -1 9
-1 7 0 9
-1 7 1 9
-1 7 2 9
-1 7 3 35
0 7 -6 36
0 7 -5 33
0 7 -4 9
0 7 -3 9
0 7 -2 9
0 7 -1 44
0 7 0 44
0 7 1 9
0 7 2 9
0 7 3 33
0 7 4 36
1 7 -5 31
1 7 -4 9
1 7 -3 9
1 7 -2 9
1 7 -1 3
1 7 0 3
1 7 1 9
1 7 2 9
1 7 3 31
2 7 -5 35
2 7 -4 9
2 7 -3 9
2 7 -2 9
2 7 -1 9
2 7 0 9
2 7 1 9
2 7 2 9
2 7 3 35
3 7 -5 29
3 7 -4 9
3 7 -3 9
3 7 -2 9
3 7 -1 9
3 7 0 9
3 7 1 9
3 7 2 9
3 7 3 29
4 7 -5 29
4 7 -4 29
4 7 -3 30
4 7 -2 31
4 7 -1 32
4 7 0 30
4 7 1 31
4 7 2 32
4 7 3 29
5 7 -4 28
5 7 -2 27
5 7 0 28
-4 8 -5 3
-4 8 -4 3
-4 8 -3 3
-4 8 -2 3
-4 8 -1 3
-4 8 0 3
-4 8 1 3
-4 8 2 3
-4 8 3 3
-3 8 -5 3
-3 8 -4 39
-3 8 -3 39
-3 8 -2 39
-3 8 -1 39
-3 8 0 39
-3 8 1 3
-3 8 2 3
-3 8 3 3
-2 8 -5 3
-2 8 -4 39
-2 8 -3 39
-2 8 -2 39
-2 8 -1 9
-2 8 0 9
-2 8 1 3
-2 8 2 3
-2 8 3 3
-1 8 -5 3
-1 8 -4 39
-1 8 -3 39
-1 8 -2 39
-1 8 -1 9
-1 8 0 9
-1 8 1 3
-1 8 2 3
-1 8 3 3
0 8 -5 3
0 8 -4 39
0 8 -3 39
0 8 -2 39
0 8 -1 9
0 8 0 9
0 8 1 3
0 8 2 3
0 8 3 3
1 8 -5 3
1 8 -4 39
1 8 -3 39
1 8 -2 39
1 8 -1 44
1 8 0 44
1 8 1 3
1 8 2 3
1 8 3 3
2 8 -5 3
2 8 -4 39
2 8 -3 39
2 8 -2 39
2 8 -1 39
2 8 0 39
2 8 1 3
2 8 2 3
2 8 3 3
3 8 -5 3
3 8 -4 39
3 8 -3 39
3 8 -2 39
3 8 -1 39
3 8 0 39
3 8 1 3
3 8 2 3
3 8 3 3
4 8 -5 3
4 8 -4 3
4 8 -3 3
4 8 -2 3
4 8 -1 3
4 8 0 3
4 8 1 3
4 8 2 3
4 8 3 3
-5 9 -2 6
-4 9 -5 19
-4 9 -4 19
-4 9 -3 19
-4 9 -2 19
-4 9 -1 19
-4 9 0 19
-4 9 1 19
-4 9 2 19
-4 9 3 42
-3 9 -5 19
-3 9 -4 10
-3 9 -3 43
-3 9 -2 9
-3 9 -1 9
-3 9 0 48
-3 9 1 19
-3 9 3 19
-2 9 -6 6
-2 9 -5 19
-2 9 -4 3
-2 9 -3 45
-2 9 -2 55
-2 9 -1 9
-2 9 0 9
-2 9 1 19
-2 9 2 6
-2 9 3 42
-1 9 -5 19
-1 9 -4 3
-1 9 -3 9
-1 9 -2 56
-1 9 -1 9
-1 9 0 9
-1 9 1 19
-1 9 3 19
0 9 -5 19
0 9 -4 3
0 9 -3 57
0 9 -2 58
0 9 -1 9
0 9 0 9
0 9 1 19
0 9 3 42
1 9 -6 6
1 9 -5 26
1 9 -4 14
1 9 -3 57
1 9 -2 57
1 9 -1 9
1 9 0 9
1 9 1 19
1 9 2 6
1 9 3 19
2 9 -5 19
2 9 -4 9
2 9 -3 9
2 9 -2 9
2 9 -1 9
2 9 0 9
2 9 1 19
2 9 3 42
3 9 -5 19
3 9 -4 10
3 9 -3 51
3 9 -2 9
3 9 -1 9
3 9 0 9
3 9 1 19
3 9 3 19
4 9 -5 19
4 9 -4 19
4 9 -3 19
4 9 -2 19
4 9 -1 19
4 9 0 19
4 9 1 19
4 9 2 19
4 9 3 42
5 9 -2 6
-4 10 -5 26
-4 10 -4 19
-4 10 -3 19
-4 10 -2 20
-4 10 -1 19
-4 10 0 19
-4 10 1 19
-3 10 -5 19
-3 10 -4 54
-3 10 -3 9
-3 10 -2 9
-3 10 -1 9
-3 10 0 9
-3 10 1 19
-2 10 -5 23
-2 10 -4 3
-2 10 -3 9
-2 10 -2 9
-2 10 -1 9
-2 10 0 9
-2 10 1 24
-1 10 -5 19
-1 10 -4 3
-1 10 -3 9
-1 10 -2 9
-1 10 -1 9
-1 10 0 9
-1 10 1 19
0 10 -5 19
0 10 -4 14
0 10 -3 9
0 10 -2 9
0 10 -1 9
0 10 0 9
0 10 1 26
1 10 -5 24
1 10 -4 9
1 10 -3 9
1 10 -2 9
1 10 -1 9
1 10 0 9
1 10 1 24
1 10 2 59
2 10 -5 19
2 10 -4 9
2 10 -3 9
2 10 -2 9
2 10 -1 9
2 10 0 9
2 10 1 19
3 10 -5 19
3 10 -4 9
3 10 -3 9
3 10 -2 9
3 10 -1 9
3 10 0 9
3 10 1 26
4 10 -5 19
4 10 -4 19
4 10 -3 19
4 10 -2 20
4 10 -1 26
4 10 0 19
4 10 1 26
5 10 -2 27
-5 11 -4 28
-5 11 0 28
-4 11 -5 29
-4 11 -4 29
-4 11 -3 30
-4 11 -2 31
-4 11 -1 32
-4 11 0 29
-4 11 1 29
-3 11 -5 33
-3 11 -4 9
-3 11 -3 9
-3 11 -2 9
-3 11 -1 9
-3 11 0 9
-3 11 1 33
-2 11 -5 34
-2 11 -4 3
-2 11 -3 9
-2 11 -2 9
-2 11 -1 9
-2 11 0 9
-2 11 1 31
-1 11 -5 35
-1 11 -4 14
-1 11 -3 9
-1 11 -2 9
-1 11 -1 9
-1 11 0 9
-1 11 1 35
0 11 -6 36
0 11 -5 33
0 11 -4 9
0 11 -3 9
0 11 -2 37
0 11 -1 9
0 11 0 9
0 11 1 33
0 11 2 36
1 11 -5 31
1 11 -4 9
1 11 -3 9
1 11 -2 9
1 11 -1 9
1 11 0 9
1 11 1 31
1 11 2 59
2 11 -5 35
2 11 -4 9
2 11 -3 9
2 11 -2 9
2 11 -1 9
2 11 0 9
2 11 1 35
3 11 -5 29
3 11 -4 9
3 11 -3 9
3 11 -2 9
3 11 -1 9
3 11 0 9
3 11 1 29
4 11 -5 29
4 11 -4 29
4 11 -3 30
4 11 -2 31
4 11 -1 32
4 11 0 29
4 11 1 29
5 11 -4 28
5 11 -2 27
5 11 0 28
-4 12 -5 3
-4 12 -4 3
-4 12 -3 3
-4 12 -2 3
-4 12 -1 3
-4 12 0 3
-4 12 1 3
-3 12 -5 3
-3 12 -4 39
-3 12 -3 39
-3 12 -2 39
-3 12 -1 3
-3 12 0 3
-3 12 1 3
-2 12 -5 3
-2 12 -4 14
-2 12 -3 39
-2 12 -2 39
-2 12 -1 3
-2 12 0 3
-2 12 1 3
-1 12 -5 3
-1 12 -4 9
-1 12 -3 39
-1 12 -2 39
-1 12 -1 3
-1 12 0 3
-1 12 1 3
0 12 -5 3
0 12 -4 9
0 12 -3 39
0 12 -2 39
0 12 -1 3
0 12 0 3
0 12 1 3
1 12 -5 3
1 12 -4 9
1 12 -3 39
1 12 -2 39
1 12 -1 3
1 12 0 3
1 12 1 3
2 12 -5 3
2 12 -4 39
2 12 -3 39
2 12 -2 39
2 12 -1 3
2 12 0 3
2 12 1 3
3 12 -5 3
3 12 -4 39
3 12 -3 39
3 12 -2 39
3 12 -1 3
3 12 0 3
3 12 1 3
4 12 -5 3
4 12 -4 3
4 12 -3 3
4 12 -2 3
4 12 -1 3
4 12 0 3
4 12 1 3
-4 13 -5 19
-4 13 -4 19
-4 13 -3 19
-4 13 -2 26
-4 13 -1 19
-4 13 0 19
-4 13 1 42
-3 13 -5 19
-3 13 -4 9
-3 13 -3 10
-3 13 -2 43
-3 13 -1 19
-3 13 1 19
-2 13 -6 6
-2 13 -5 19
-2 13 -4 9
-2 13 -3 9
-2 13 -2 45
-2 13 -1 19
-2 13 0 6
-2 13 1 42
-1 13 -5 19
-1 13 -4 9
-1 13 -3 49
-1 13 -2 9
-1 13 -1 26
-1 13 1 26
0 13 -5 19
0 13 -4 9
0 13 -3 9
0 13 -2 57
0 13 -1 26
0 13 1 42
1 13 -6 6
1 13 -5 19
1 13 -4 57
1 13 -3 49
1 13 -2 57
1 13 -1 19
1 13 0 6
1 13 1 19
2 13 -5 19
2 13 -4 60
2 13 -3 9
2 13 -2 9
2 13 -1 19
2 13 1 42
3 13 -5 19
3 13 -4 51
3 13 -3 9
3 13 -2 61
3 13 -1 19
3 13 1 19
4 13 -5 19
4 13 -4 19
4 13 -3 19
4 13 -2 19
4 13 -1 19
4 13 0 19
4 13 1 42
-4 14 -5 19
-4 14 -4 26
-4 14 -3 26
-4 14 -2 26
-4 14 -1 19
-3 14 -5 19
-3 14 -4 9
-3 14 -3 54
-3 14 -2 9
-3 14 -1 19
-2 14 -5 24
-2 14 -4 9
-2 14 -3 9
-2 14 -2 9
-2 14 -1 24
-1 14 -5 19
-1 14 -4 9
-1 14 -3 9
-1 14 -2 9
-1 14 -1 19
0 14 -5 19
0 14 -4 9
0 14 -3 9
0 14 -2 9
0 14 -1 19
1 14 -6 22
1 14 -5 24
1 14 -4 9
1 14 -3 9
1 14 -2 9
1 14 -1 24
2 14 -5 19
2 14 -4 9
2 14 -3 9
2 14 -2 9
2 14 -1 26
3 14 -5 19
3 14 -4 9
3 14 -3 9
3 14 -2 61
3 14 -1 19
4 14 -5 19
4 14 -4 19
4 14 -3 26
4 14 -2 26
4 14 -1 26
-5 15 -4 28
-4 15 -5 29
-4 15 -4 29
-4 15 -3 29
-4 15 -2 29
-4 15 -1 29
-3 15 -5 33
-3 15 -4 9
-3 15 -3 9
-3 15 -2 9
-3 15 -1 33
-2 15 -5 31
-2 15 -4 9
-2 15 -3 9
-2 15 -2 9
-2 15 -1 31
-1 15 -5 35
-1 15 -4 9
-1 15 -3 9
-1 15 -2 9
-1 15 -1 35
0 15 -6 36
0 15 -5 33
0 15 -4 9
0 15 -3 37
0 15 -2 9
0 15 -1 33
0 15 0 36
1 15 -6 22
1 15 -5 31
1 15 -4 9
1 15 -3 9
1 15 -2 9
1 15 -1 31
2 15 -5 35
2 15 -4 9
2 15 -3 9
2 15 -2 9
2 15 -1 35
3 15 -5 29
3 15 -4 9
3 15 -3 9
3 15 -2 61
3 15 -1 29
4 15 -5 29
4 15 -4 29
4 15 -3 29
4 15 -2 29
4 15 -1 29
5 15 -4 28
-4 16 -5 3
-4 16 -4 3
-4 16 -3 3
-4 16 -2 3
-4 16 -1 3
-3 16 -5 3
-3 16 -4 3
-3 16 -3 3
-3 16 -2 3
-3 16 -1 3
-2 16 -5 3
-2 16 -4 3
-2 16 -3 3
-2 16 -2 3
-2 16 -1 3
-1 16 -5 3
-1 16 -4 3
-1 16 -3 3
-1 16 -2 3
-1 16 -1 3
0 16 -5 3
0 16 -4 3
0 16 -3 3
0 16 -2 3
0 16 -1 3
1 16 -5 3
1 16 -4 3
1 16 -3 3
1 16 -2 3
1 16 -1 3
2 16 -5 3
2 16 -4 3
2 16 -3 3
2 16 -2 3
2 16 -1 3
3 16 -5 3
3 16 -4 3
3 16 -3 3
3 16 -2 61
3 16 -1 3
4 16 -5 3
4 16 -4 3
4 16 -3 3
4 16 -2 3
4 16 -1 3
-4 17 -5 42
-4 17 -4 19
-4 17 -3 42
-4 17 -2 19
-4 17 -1 42
-3 17 -5 19
-3 17 -1 19
-2 17 -5 42
-2 17 -4 38
-2 17 -3 38
-2 17 -2 38
-2 17 -1 42
-1 17 -5 38
-1 17 -4 9
-1 17 -3 9
-1 17 -2 9
-1 17 -1 38
0 17 -5 38
0 17 -4 9
0 17 -3 9
0 17 -2 9
0 17 -1 38
1 17 -5 38
1 17 -4 9
1 17 -3 9
1 17 -2 9
1 17 -1 38
2 17 -5 42
2 17 -4 38
2 17 -3 38
2 17 -2 38
2 17 -1 42
3 17 -5 19
3 17 -1 19
4 17 -5 42
4 17 -4 19
4 17 -3 42
4 17 -2 19
4 17 -1 42
-2 18 -4 46
-2 18 -3 62
-2 18 -2 60
-1 18 -4 62
-1 18 -3 62
-1 18 -2 62
0 18 -5 62
0 18 -4 62
0 18 -3 9
0 18 -2 62
0 18 -1 62
1 18 -4 62
1 18 -3 62
1 18 -2 62
2 18 -4 48
2 18 -3 62
2 18 -2 63
-2 19 -4 49
-2 19 -2 49
-1 19 -3 62
0 19 -4 62
0 19 -3 62
0 19 -2 62
1 19 -3 62
2 19 -4 49
2 19 -2 49
-2 20 -4 41
-2 20 -3 40
-2 20 -2 41
-1 20 -4 40
-1 20 -3 41
-1 20 -2 40
0 20 -4 41
0 20 -3 64
0 20 -2 41
1 20 -4 40
1 20 -3 41
1 20 -2 40
2 20 -4 41
2 20 -3 40
2 20 -2 41
0 21 -3 65
