core 0 1 4
P minecraft:cut_sandstone
P minecraft:smooth_sandstone
P minecraft:air
P minecraft:ladder[facing=south,waterlogged=false]
P minecraft:jungle_door[facing=north,half=lower,hinge=left,open=false,powered=false]
P minecraft:sandstone
P minecraft:jungle_door[facing=north,half=upper,hinge=left,open=false,powered=false]
P minecraft:jungle_planks
P minecraft:jungle_trapdoor[facing=south,half=bottom,open=false,powered=false,waterlogged=false]
P minecraft:jungle_fence[east=false,north=false,south=false,waterlogged=false,west=false]
P minecraft:white_wool
P minecraft:orange_wool
-3 0 -3 0
-3 0 -2 0
-3 0 -1 0
-3 0 0 0
-3 0 1 0
-3 0 2 0
-3 0 3 0
-2 0 -3 0
-2 0 -2 0
-2 0 -1 0
-2 0 0 0
-2 0 1 0
-2 0 2 0
-2 0 3 0
-1 0 -3 0
-1 0 -2 0
-1 0 -1 0
-1 0 0 0
-1 0 1 0
-1 0 2 0
-1 0 3 0
0 0 -3 0
0 0 -2 0
0 0 -1 0
0 0 0 0
0 0 1 0
0 0 2 0
0 0 3 0
1 0 -3 0
1 0 -2 0
1 0 -1 0
1 0 0 0
1 0 1 0
1 0 2 0
1 0 3 0
2 0 -3 0
2 0 -2 0
2 0 -1 0
2 0 0 0
2 0 1 0
2 0 2 0
2 0 3 0
3 0 -3 0
3 0 -2 0
3 0 -1 0
3 0 0 0
3 0 1 0
3 0 2 0
3 0 3 0
-3 1 -3 0
-3 1 -2 1
-3 1 -1 1
-3 1 0 1
-3 1 1 1
-3 1 2 1
-3 1 3 0
-2 1 -3 1
-2 1 -2 2
-2 1 -1 2
-2 1 0 2
-2 1 1 2
-2 1 2 2
-2 1 3 1
-1 1 -3 1
-1 1 -2 2
-1 1 -1 2
-1 1 0 2
-1 1 1 2
-1 1 2 2
-1 1 3 1
0 1 -3 1
0 1 -2 3
0 1 -1 2
0 1 0 2
0 1 1 2
0 1 2 2
0 1 3 4
1 1 -3 1
1 1 -2 2
1 1 -1 2
1 1 0 2
1 1 1 2
1 1 2 2
1 1 3 1
2 1 -3 1
2 1 -2 2
2 1 -1 2
2 1 0 2
2 1 1 2
2 1 2 2
2 1 3 1
3 1 -3 0
3 1 -2 1
3 1 -1 1
3 1 0 1
3 1 1 1
3 1 2 1
3 1 3 0
-3 2 -3 0
-3 2 -2 1
-3 2 -1 5
-3 2 0 1
-3 2 1 5
-3 2 2 1
-3 2 3 0
-2 2 -3 5
-2 2 -2 2
-2 2 -1 2
-2 2 0 2
-2 2 1 2
-2 2 2 2
-2 2 3 1
-1 2 -3 1
-1 2 -2 2
-1 2 -1 2
-1 2 0 2
-1 2 1 2
-1 2 2 2
-1 2 3 1
0 2 -3 1
0 2 -2 3
0 2 -1 2
0 2 0 2
0 2 1 2
0 2 2 2
0 2 3 6
1 2 -3 1
1 2 -2 2
1 2 -1 2
1 2 0 2
1 2 1 2
1 2 2 2
1 2 3 1
2 2 -3 1
2 2 -2 2
2 2 -1 2
2 2 0 2
2 2 1 2
2 2 2 2
2 2 3 1
3 2 -3 0
3 2 -2 1
3 2 -1 5
3 2 0 1
3 2 1 5
3 2 2 1
3 2 3 0
-3 3 -3 0
-3 3 -2 1
-3 3 -1 5
-3 3 0 2
-3 3 1 1
-3 3 2 1
-3 3 3 0
-2 3 -3 1
-2 3 -2 2
-2 3 -1 2
-2 3 0 2
-2 3 1 2
-2 3 2 2
-2 3 3 1
-1 3 -3 1
-1 3 -2 2
-1 3 -1 2
-1 3 0 2
-1 3 1 2
-1 3 2 2
-1 3 3 1
0 3 -3 1
0 3 -2 3
0 3 -1 2
0 3 0 2
0 3 1 2
0 3 2 2
0 3 3 2
1 3 -3 1
1 3 -2 2
1 3 -1 2
1 3 0 2
1 3 1 2
1 3 2 2
1 3 3 1
2 3 -3 1
2 3 -2 2
2 3 -1 2
2 3 0 2
2 3 1 2
2 3 2 2
2 3 3 1
3 3 -3 0
3 3 -2 1
3 3 -1 1
3 3 0 2
3 3 1 5
3 3 2 1
3 3 3 0
-3 4 -3 0
-3 4 -2 1
-3 4 -1 1
-3 4 0 2
-3 4 1 1
-3 4 2 1
-3 4 3 0
-2 4 -3 1
-2 4 -2 2
-2 4 -1 2
-2 4 0 2
-2 4 1 2
-2 4 2 2
-2 4 3 1
-1 4 -3 1
-1 4 -2 2
-1 4 -1 2
-1 4 0 2
-1 4 1 2
-1 4 2 2
-1 4 3 1
0 4 -3 1
0 4 -2 3
0 4 -1 2
0 4 0 2
0 4 1 2
0 4 2 2
0 4 3 2
1 4 -3 1
1 4 -2 2
1 4 -1 2
1 4 0 2
1 4 1 2
1 4 2 2
1 4 3 1
2 4 -3 1
2 4 -2 2
2 4 -1 2
2 4 0 2
2 4 1 2
2 4 2 2
2 4 3 1
3 4 -3 0
3 4 -2 1
3 4 -1 1
3 4 0 2
3 4 1 1
3 4 2 1
3 4 3 0
-3 5 -3 0
-3 5 -2 0
-3 5 -1 0
-3 5 0 0
-3 5 1 0
-3 5 2 0
-3 5 3 0
-2 5 -3 0
-2 5 -2 7
-2 5 -1 7
-2 5 0 7
-2 5 1 7
-2 5 2 7
-2 5 3 0
-1 5 -3 0
-1 5 -2 7
-1 5 -1 7
-1 5 0 7
-1 5 1 7
-1 5 2 7
-1 5 3 0
0 5 -3 0
0 5 -2 3
0 5 -1 7
0 5 0 7
0 5 1 7
0 5 2 7
0 5 3 0
1 5 -3 0
1 5 -2 7
1 5 -1 7
1 5 0 7
1 5 1 7
1 5 2 7
1 5 3 0
2 5 -3 0
2 5 -2 7
2 5 -1 7
2 5 0 7
2 5 1 7
2 5 2 7
2 5 3 0
3 5 -3 0
3 5 -2 0
3 5 -1 0
3 5 0 0
3 5 1 0
3 5 2 0
3 5 3 0
-3 6 -3 0
-3 6 -2 5
-3 6 -1 1
-3 6 0 1
-3 6 1 1
-3 6 2 1
-3 6 3 0
-2 6 -3 1
-2 6 -2 2
-2 6 -1 2
-2 6 0 2
-2 6 1 2
-2 6 2 2
-2 6 3 1
-1 6 -3 1
-1 6 -2 2
-1 6 -1 2
-1 6 0 2
-1 6 1 2
-1 6 2 2
-1 6 3 1
0 6 -3 1
0 6 -2 3
0 6 -1 2
0 6 0 2
0 6 1 2
0 6 2 2
0 6 3 1
1 6 -3 1
1 6 -2 2
1 6 -1 2
1 6 0 2
1 6 1 2
1 6 2 2
1 6 3 1
2 6 -3 1
2 6 -2 2
2 6 -1 2
2 6 0 2
2 6 1 2
2 6 2 2
2 6 3 1
3 6 -3 0
3 6 -2 1
3 6 -1 1
3 6 0 1
3 6 1 1
3 6 2 1
3 6 3 0
-3 7 -3 0
-3 7 -2 1
-3 7 -1 1
-3 7 0 2
-3 7 1 1
-3 7 2 1
-3 7 3 0
-2 7 -3 1
-2 7 -2 2
-2 7 -1 2
-2 7 0 2
-2 7 1 2
-2 7 2 2
-2 7 3 1
-1 7 -3 1
-1 7 -2 2
-1 7 -1 2
-1 7 0 2
-1 7 1 2
-1 7 2 2
-1 7 3 5
0 7 -3 1
0 7 -2 3
0 7 -1 2
0 7 0 2
0 7 1 2
0 7 2 2
0 7 3 2
1 7 -3 5
1 7 -2 2
1 7 -1 2
1 7 0 2
1 7 1 2
1 7 2 2
1 7 3 1
2 7 -3 1
2 7 -2 2
2 7 -1 2
2 7 0 2
2 7 1 2
2 7 2 2
2 7 3 1
3 7 -3 0
3 7 -2 1
3 7 -1 1
3 7 0 2
3 7 1 1
3 7 2 1
3 7 3 0
-3 8 -3 0
-3 8 -2 1
-3 8 -1 1
-3 8 0 2
-3 8 1 1
-3 8 2 1
-3 8 3 0
-2 8 -3 1
-2 8 -2 2
-2 8 -1 2
-2 8 0 2
-2 8 1 2
-2 8 2 2
-2 8 3 1
-1 8 -3 1
-1 8 -2 2
-1 8 -1 2
-1 8 0 2
-1 8 1 2
-1 8 2 2
-1 8 3 1
0 8 -3 1
0 8 -2 3
0 8 -1 2
0 8 0 2
0 8 1 2
0 8 2 2
0 8 3 2
1 8 -3 1
1 8 -2 2
1 8 -1 2
1 8 0 2
1 8 1 2
1 8 2 2
1 8 3 1
2 8 -3 1
2 8 -2 2
2 8 -1 2
2 8 0 2
2 8 1 2
2 8 2 2
2 8 3 5
3 8 -3 0
3 8 -2 1
3 8 -1 1
3 8 0 2
3 8 1 1
3 8 2 1
3 8 3 0
-3 9 -3 0
-3 9 -2 1
-3 9 -1 1
-3 9 0 1
-3 9 1 1
-3 9 2 1
-3 9 3 0
-2 9 -3 1
-2 9 -2 2
-2 9 -1 2
-2 9 0 2
-2 9 1 2
-2 9 2 2
-2 9 3 1
-1 9 -3 1
-1 9 -2 2
-1 9 -1 2
-1 9 0 2
-1 9 1 2
-1 9 2 2
-1 9 3 1
0 9 -3 1
0 9 -2 3
0 9 -1 2
0 9 0 2
0 9 1 2
0 9 2 2
0 9 3 1
1 9 -3 1
1 9 -2 2
1 9 -1 2
1 9 0 2
1 9 1 2
1 9 2 2
1 9 3 1
2 9 -3 5
2 9 -2 2
2 9 -1 2
2 9 0 2
2 9 1 2
2 9 2 2
2 9 3 1
3 9 -3 0
3 9 -2 1
3 9 -1 1
3 9 0 1
3 9 1 1
3 9 2 1
3 9 3 0
-3 10 -3 0
-3 10 -2 0
-3 10 -1 0
-3 10 0 0
-3 10 1 0
-3 10 2 0
-3 10 3 0
-2 10 -3 0
-2 10 -2 7
-2 10 -1 7
-2 10 0 7
-2 10 1 7
-2 10 2 7
-2 10 3 0
-1 10 -3 0
-1 10 -2 7
-1 10 -1 7
-1 10 0 7
-1 10 1 7
-1 10 2 7
-1 10 3 0
0 10 -3 0
0 10 -2 3
0 10 -1 7
0 10 0 7
0 10 1 7
0 10 2 7
0 10 3 0
1 10 -3 0
1 10 -2 7
1 10 -1 7
1 10 0 7
1 10 1 7
1 10 2 7
1 10 3 0
2 10 -3 0
2 10 -2 7
2 10 -1 7
2 10 0 7
2 10 1 7
2 10 2 7
2 10 3 0
3 10 -3 0
3 10 -2 0
3 10 -1 0
3 10 0 0
3 10 1 0
3 10 2 0
3 10 3 0
-3 11 -3 0
-3 11 -2 1
-3 11 -1 1
-3 11 0 2
-3 11 1 1
-3 11 2 1
-3 11 3 0
-2 11 -3 1
-2 11 -2 2
-2 11 -1 2
-2 11 0 2
-2 11 1 2
-2 11 2 2
-2 11 3 1
-1 11 -3 1
-1 11 -2 2
-1 11 -1 2
-1 11 0 2
-1 11 1 2
-1 11 2 2
-1 11 3 1
0 11 -3 1
0 11 -2 3
0 11 -1 2
0 11 0 2
0 11 1 2
0 11 2 2
0 11 3 2
1 11 -3 1
1 11 -2 2
1 11 -1 2
1 11 0 2
1 11 1 2
1 11 2 2
1 11 3 1
2 11 -3 1
2 11 -2 2
2 11 -1 2
2 11 0 2
2 11 1 2
2 11 2 2
2 11 3 1
3 11 -3 0
3 11 -2 1
3 11 -1 1
3 11 0 2
3 11 1 1
3 11 2 1
3 11 3 0
-3 12 -3 0
-3 12 -2 1
-3 12 -1 1
-3 12 0 2
-3 12 1 1
-3 12 2 1
-3 12 3 0
-2 12 -3 1
-2 12 -2 2
-2 12 -1 2
-2 12 0 2
-2 12 1 2
-2 12 2 2
-2 12 3 1
-1 12 -3 1
-1 12 -2 2
-1 12 -1 2
-1 12 0 2
-1 12 1 2
-1 12 2 2
-1 12 3 1
0 12 -3 1
0 12 -2 3
0 12 -1 2
0 12 0 2
0 12 1 2
0 12 2 2
0 12 3 2
1 12 -3 1
1 12 -2 2
1 12 -1 2
1 12 0 2
1 12 1 2
1 12 2 2
1 12 3 1
2 12 -3 1
2 12 -2 2
2 12 -1 2
2 12 0 2
2 12 1 2
2 12 2 2
2 12 3 1
3 12 -3 0
3 12 -2 5
3 12 -1 1
3 12 0 2
3 12 1 1
3 12 2 5
3 12 3 0
-3 13 -3 0
-3 13 -2 1
-3 13 -1 1
-3 13 0 1
-3 13 1 1
-3 13 2 1
-3 13 3 0
-2 13 -3 1
-2 13 -2 2
-2 13 -1 2
-2 13 0 2
-2 13 1 2
-2 13 2 2
-2 13 3 1
-1 13 -3 5
-1 13 -2 2
-1 13 -1 2
-1 13 0 2
-1 13 1 2
-1 13 2 2
-1 13 3 1
0 13 -3 1
0 13 -2 3
0 13 -1 2
0 13 0 2
0 13 1 2
0 13 2 2
0 13 3 5
1 13 -3 1
1 13 -2 2
1 13 -1 2
1 13 0 2
1 13 1 2
1 13 2 2
1 13 3 5
2 13 -3 1
2 13 -2 2
2 13 -1 2
2 13 0 2
2 13 1 2
2 13 2 2
2 13 3 1
3 13 -3 0
3 13 -2 1
3 13 -1 1
3 13 0 1
3 13 1 1
3 13 2 1
3 13 3 0
-3 14 -3 0
-3 14 -2 1
-3 14 -1 1
-3 14 0 1
-3 14 1 1
-3 14 2 1
-3 14 3 0
-2 14 -3 1
-2 14 -2 2
-2 14 -1 2
-2 14 0 2
-2 14 1 2
-2 14 2 2
-2 14 3 1
-1 14 -3 1
-1 14 -2 2
-1 14 -1 2
-1 14 0 2
-1 14 1 2
-1 14 2 2
-1 14 3 1
0 14 -3 1
0 14 -2 3
0 14 -1 2
0 14 0 2
0 14 1 2
0 14 2 2
0 14 3 1
1 14 -3 1
1 14 -2 2
1 14 -1 2
1 14 0 2
1 14 1 2
1 14 2 2
1 14 3 1
2 14 -3 1
2 14 -2 2
2 14 -1 2
2 14 0 2
2 14 1 2
2 14 2 2
2 14 3 1
3 14 -3 0
3 14 -2 5
3 14 -1 1
3 14 0 1
3 14 1 1
3 14 2 1
3 14 3 0
-3 15 -3 0
-3 15 -2 0
-3 15 -1 0
-3 15 0 0
-3 15 1 0
-3 15 2 0
-3 15 3 0
-2 15 -3 0
-2 15 -2 2
-2 15 -1 2
-2 15 0 2
-2 15 1 2
-2 15 2 2
-2 15 3 0
-1 15 -3 0
-1 15 -2 2
-1 15 -1 2
-1 15 0 2
-1 15 1 2
-1 15 2 2
-1 15 3 0
0 15 -3 0
0 15 -2 3
0 15 -1 2
0 15 0 2
0 15 1 2
0 15 2 2
0 15 3 0
1 15 -3 0
1 15 -2 2
1 15 -1 2
1 15 0 2
1 15 1 2
1 15 2 2
1 15 3 0
2 15 -3 0
2 15 -2 2
2 15 -1 2
2 15 0 2
2 15 1 2
2 15 2 2
2 15 3 0
3 15 -3 0
3 15 -2 0
3 15 -1 0
3 15 0 0
3 15 1 0
3 15 2 0
3 15 3 0
-4 16 -4 0
-4 16 -3 0
-4 16 -2 0
-4 16 -1 0
-4 16 0 0
-4 16 1 0
-4 16 2 0
-4 16 3 0
-4 16 4 0
-3 16 -4 0
-3 16 -3 1
-3 16 -2 1
-3 16 -1 1
-3 16 0 1
-3 16 1 1
-3 16 2 1
-3 16 3 1
-3 16 4 0
-2 16 -4 0
-2 16 -3 1
-2 16 -2 1
-2 16 -1 1
-2 16 0 1
-2 16 1 1
-2 16 2 1
-2 16 3 1
-2 16 4 0
-1 16 -4 0
-1 16 -3 1
-1 16 -2 1
-1 16 -1 1
-1 16 0 1
-1 16 1 1
-1 16 2 1
-1 16 3 1
-1 16 4 0
0 16 -4 0
0 16 -3 1
0 16 -2 8
0 16 -1 1
0 16 0 1
0 16 1 1
0 16 2 1
0 16 3 1
0 16 4 0
1 16 -4 0
1 16 -3 1
1 16 -2 1
1 16 -1 1
1 16 0 1
1 16 1 1
1 16 2 1
1 16 3 1
1 16 4 0
2 16 -4 0
2 16 -3 1
2 16 -2 1
2 16 -1 1
2 16 0 1
2 16 1 1
2 16 2 1
2 16 3 1
2 16 4 0
3 16 -4 0
3 16 -3 1
3 16 -2 1
3 16 -1 1
3 16 0 1
3 16 1 1
3 16 2 1
3 16 3 1
3 16 4 0
4 16 -4 0
4 16 -3 0
4 16 -2 0
4 16 -1 0
4 16 0 0
4 16 1 0
4 16 2 0
4 16 3 0
4 16 4 0
-4 17 -4 0
-4 17 -2 0
-4 17 0 0
-4 17 2 0
-4 17 4 0
-3 17 -3 9
-3 17 3 9
-2 17 -4 0
-2 17 4 0
0 17 -4 0
0 17 4 0
2 17 -4 0
2 17 4 0
3 17 -3 9
3 17 3 9
4 17 -4 0
4 17 -2 0
4 17 0 0
4 17 2 0
4 17 4 0
-3 18 -3 9
-3 18 3 9
3 18 -3 9
3 18 3 9
-3 19 -3 9
-3 19 3 9
3 19 -3 9
3 19 3 9
-3 20 -3 10
-3 20 -2 11
-3 20 -1 10
-3 20 0 11
-3 20 1 10
-3 20 2 11
-3 20 3 10
-2 20 -3 11
-2 20 -2 10
-2 20 -1 11
-2 20 0 10
-2 20 1 11
-2 20 2 10
-2 20 3 11
-1 20 -3 10
-1 20 -2 11
-1 20 -1 10
-1 20 0 11
-1 20 1 10
-1 20 2 11
-1 20 3 10
0 20 -3 11
0 20 -2 10
0 20 -1 11
0 20 0 10
0 20 1 11
0 20 2 10
0 20 3 11
1 20 -3 10
1 20 -2 11
1 20 -1 10
1 20 0 11
1 20 1 10
1 20 2 11
1 20 3 10
2 20 -3 11
2 20 -2 10
2 20 -1 11
2 20 0 10
2 20 1 11
2 20 2 10
2 20 3 11
3 20 -3 10
3 20 -2 11
3 20 -1 10
3 20 0 11
3 20 1 10
3 20 2 11
3 20 3 10
