core 0 1 9
P minecraft:sandstone_stairs[facing=east,half=bottom,shape=straight,waterlogged=false]
P minecraft:sandstone_stairs[facing=south,half=bottom,shape=straight,waterlogged=false]
P minecraft:cut_sandstone
P minecraft:sandstone
P minecraft:sandstone_stairs[facing=north,half=bottom,shape=straight,waterlogged=false]
P minecraft:sandstone_stairs[facing=west,half=bottom,shape=straight,waterlogged=false]
P minecraft:yellow_terracotta
P minecraft:smooth_sandstone_slab[type=top,waterlogged=false]
P minecraft:air
P minecraft:water_cauldron[level=3]
P minecraft:chest[facing=east,type=single,waterlogged=false]
P minecraft:crafting_table
P minecraft:smoker[facing=east,lit=false]
P minecraft:lantern[hanging=false,waterlogged=false]
P minecraft:light_blue_carpet
P minecraft:decorated_pot[cracked=false,facing=north,waterlogged=false]
P minecraft:jungle_stairs[facing=west,half=bottom,shape=straight,waterlogged=false]
P minecraft:brewing_stand[has_bottle_0=false,has_bottle_1=false,has_bottle_2=false]
P minecraft:jungle_stairs[facing=north,half=bottom,shape=straight,waterlogged=false]
P minecraft:jungle_fence[east=false,north=false,south=false,waterlogged=false,west=false]
P minecraft:jungle_stairs[facing=south,half=bottom,shape=straight,waterlogged=false]
P minecraft:jungle_door[facing=north,half=lower,hinge=left,open=false,powered=false]
P minecraft:jungle_stairs[facing=east,half=bottom,shape=straight,waterlogged=false]
P minecraft:furnace[facing=south,lit=false]
P minecraft:potted_cactus
P minecraft:barrel[facing=up,open=false]
P minecraft:bookshelf
P minecraft:ladder[facing=north,waterlogged=false]
P minecraft:quartz_bricks
P minecraft:jungle_trapdoor[facing=east,half=bottom,open=true,powered=false,waterlogged=false]
P minecraft:smooth_sandstone
P minecraft:smooth_quartz
P minecraft:glass_pane[east=false,north=true,south=true,waterlogged=false,west=false]
P minecraft:glass_pane[east=true,north=false,south=false,waterlogged=false,west=true]
P minecraft:jungle_trapdoor[facing=south,half=bottom,open=true,powered=false,waterlogged=false]
P minecraft:jungle_pressure_plate[powered=false]
P minecraft:jungle_door[facing=north,half=upper,hinge=left,open=false,powered=false]
P minecraft:potted_dandelion
P minecraft:jungle_trapdoor[facing=west,half=bottom,open=true,powered=false,waterlogged=false]
P minecraft:sandstone_stairs[facing=south,half=top,shape=straight,waterlogged=false]
P minecraft:glass_pane[east=false,north=false,south=false,waterlogged=false,west=false]
P minecraft:sandstone_stairs[facing=north,half=top,shape=straight,waterlogged=false]
P minecraft:sandstone_stairs[facing=east,half=top,shape=straight,waterlogged=false]
P minecraft:sandstone_stairs[facing=west,half=top,shape=straight,waterlogged=false]
P minecraft:chiseled_quartz_block
P minecraft:lantern[hanging=true,waterlogged=false]
P minecraft:white_wool
P minecraft:blue_wool
P minecraft:stripped_jungle_log[axis=x]
P minecraft:stripped_jungle_log[axis=z]
P minecraft:smooth_sandstone_slab[type=bottom,waterlogged=false]
P minecraft:oxidized_cut_copper
P minecraft:gold_block
P minecraft:lightning_rod[facing=up,powered=false,waterlogged=false]
-8 0 -8 0
-8 0 -7 0
-8 0 -6 0
-8 0 -5 0
-8 0 -4 0
-8 0 -3 0
-8 0 -2 0
-8 0 -1 0
-8 0 0 0
-8 0 1 0
-8 0 2 0
-8 0 3 0
-8 0 4 0
-8 0 5 0
-8 0 6 0
-8 0 7 0
-8 0 8 0
-7 0 -9 1
-7 0 -8 2
-7 0 -7 2
-7 0 -6 2
-7 0 -5 3
-7 0 -4 2
-7 0 -3 2
-7 0 -2 2
-7 0 -1 3
-7 0 0 2
-7 0 1 3
-7 0 2 2
-7 0 3 2
-7 0 4 2
-7 0 5 3
-7 0 6 3
-7 0 7 2
-7 0 8 2
-7 0 9 4
-6 0 -9 1
-6 0 -8 2
-6 0 -7 2
-6 0 -6 2
-6 0 -5 2
-6 0 -4 2
-6 0 -3 2
-6 0 -2 2
-6 0 -1 2
-6 0 0 2
-6 0 1 2
-6 0 2 2
-6 0 3 2
-6 0 4 2
-6 0 5 2
-6 0 6 2
-6 0 7 2
-6 0 8 2
-6 0 9 4
-5 0 -9 1
-5 0 -8 2
-5 0 -7 2
-5 0 -6 2
-5 0 -5 2
-5 0 -4 2
-5 0 -3 2
-5 0 -2 2
-5 0 -1 2
-5 0 0 2
-5 0 1 2
-5 0 2 2
-5 0 3 2
-5 0 4 2
-5 0 5 2
-5 0 6 2
-5 0 7 2
-5 0 8 2
-5 0 9 4
-4 0 -9 1
-4 0 -8 2
-4 0 -7 2
-4 0 -6 2
-4 0 -5 2
-4 0 -4 2
-4 0 -3 2
-4 0 -2 2
-4 0 -1 2
-4 0 0 2
-4 0 1 2
-4 0 2 2
-4 0 3 2
-4 0 4 2
-4 0 5 2
-4 0 6 2
-4 0 7 2
-4 0 8 3
-4 0 9 4
-3 0 -9 1
-3 0 -8 2
-3 0 -7 2
-3 0 -6 2
-3 0 -5 2
-3 0 -4 2
-3 0 -3 2
-3 0 -2 2
-3 0 -1 2
-3 0 0 2
-3 0 1 2
-3 0 2 2
-3 0 3 2
-3 0 4 2
-3 0 5 2
-3 0 6 2
-3 0 7 2
-3 0 8 3
-3 0 9 4
-2 0 -9 1
-2 0 -8 2
-2 0 -7 2
-2 0 -6 2
-2 0 -5 2
-2 0 -4 2
-2 0 -3 2
-2 0 -2 2
-2 0 -1 2
-2 0 0 2
-2 0 1 2
-2 0 2 2
-2 0 3 2
-2 0 4 2
-2 0 5 2
-2 0 6 2
-2 0 7 2
-2 0 8 2
-2 0 9 4
-1 0 -9 1
-1 0 -8 2
-1 0 -7 2
-1 0 -6 2
-1 0 -5 2
-1 0 -4 2
-1 0 -3 2
-1 0 -2 2
-1 0 -1 2
-1 0 0 2
-1 0 1 2
-1 0 2 2
-1 0 3 2
-1 0 4 2
-1 0 5 2
-1 0 6 2
-1 0 7 2
-1 0 8 2
-1 0 9 4
0 0 -9 1
0 0 -8 2
0 0 -7 2
0 0 -6 2
0 0 -5 2
0 0 -4 2
0 0 -3 2
0 0 -2 2
0 0 -1 2
0 0 0 2
0 0 1 2
0 0 2 2
0 0 3 2
0 0 4 2
0 0 5 2
0 0 6 2
0 0 7 2
0 0 8 2
1 0 -9 1
1 0 -8 3
1 0 -7 2
1 0 -6 2
1 0 -5 2
1 0 -4 2
1 0 -3 2
1 0 -2 2
1 0 -1 2
1 0 0 2
1 0 1 2
1 0 2 2
1 0 3 2
1 0 4 2
1 0 5 2
1 0 6 2
1 0 7 2
1 0 8 2
1 0 9 4
2 0 -9 1
2 0 -8 2
2 0 -7 2
2 0 -6 2
2 0 -5 2
2 0 -4 2
2 0 -3 2
2 0 -2 2
2 0 -1 2
2 0 0 2
2 0 1 2
2 0 2 2
2 0 3 2
2 0 4 2
2 0 5 2
2 0 6 2
2 0 7 2
2 0 8 2
2 0 9 4
3 0 -9 1
3 0 -8 2
3 0 -7 2
3 0 -6 2
3 0 -5 2
3 0 -4 2
3 0 -3 2
3 0 -2 2
3 0 -1 2
3 0 0 2
3 0 1 2
3 0 2 2
3 0 3 2
3 0 4 2
3 0 5 2
3 0 6 2
3 0 7 2
3 0 8 3
3 0 9 4
4 0 -9 1
4 0 -8 3
4 0 -7 2
4 0 -6 2
4 0 -5 2
4 0 -4 2
4 0 -3 2
4 0 -2 2
4 0 -1 2
4 0 0 2
4 0 1 2
4 0 2 2
4 0 3 2
4 0 4 2
4 0 5 2
4 0 6 2
4 0 7 2
4 0 8 2
4 0 9 4
5 0 -9 1
5 0 -8 2
5 0 -7 2
5 0 -6 2
5 0 -5 2
5 0 -4 2
5 0 -3 2
5 0 -2 2
5 0 -1 2
5 0 0 2
5 0 1 2
5 0 2 2
5 0 3 2
5 0 4 2
5 0 5 2
5 0 6 2
5 0 7 2
5 0 8 3
5 0 9 4
6 0 -9 1
6 0 -8 3
6 0 -7 2
6 0 -6 2
6 0 -5 2
6 0 -4 2
6 0 -3 2
6 0 -2 2
6 0 -1 2
6 0 0 2
6 0 1 2
6 0 2 2
6 0 3 2
6 0 4 2
6 0 5 2
6 0 6 2
6 0 7 2
6 0 8 3
6 0 9 4
7 0 -9 1
7 0 -8 2
7 0 -7 2
7 0 -6 3
7 0 -5 3
7 0 -4 3
7 0 -3 2
7 0 -2 3
7 0 -1 3
7 0 0 2
7 0 1 3
7 0 2 2
7 0 3 2
7 0 4 2
7 0 5 3
7 0 6 3
7 0 7 2
7 0 8 2
7 0 9 4
8 0 -8 5
8 0 -7 5
8 0 -6 5
8 0 -5 5
8 0 -4 5
8 0 -3 5
8 0 -2 5
8 0 -1 5
8 0 0 5
8 0 1 5
8 0 2 5
8 0 3 5
8 0 4 5
8 0 5 5
8 0 6 6
8 0 7 6
8 0 8 6
9 0 6 6
9 0 7 6
9 0 8 6
10 0 6 6
10 0 7 6
10 0 8 6
-8 1 -5 7
-8 1 -2 7
-8 1 1 7
-8 1 4 7
-7 1 -8 2
-7 1 -7 2
-7 1 -6 3
-7 1 -5 2
-7 1 -4 3
-7 1 -3 3
-7 1 -2 3
-7 1 -1 3
-7 1 0 2
-7 1 1 2
-7 1 2 2
-7 1 3 2
-7 1 4 2
-7 1 5 2
-7 1 6 3
-7 1 7 2
-7 1 8 2
-6 1 -8 2
-6 1 -7 8
-6 1 -6 8
-6 1 -5 8
-6 1 -4 8
-6 1 -3 9
-6 1 -2 10
-6 1 -1 8
-6 1 0 8
-6 1 1 8
-6 1 2 11
-6 1 3 8
-6 1 4 8
-6 1 5 12
-6 1 6 8
-6 1 7 8
-6 1 8 2
-5 1 -9 7
-5 1 -8 2
-5 1 -7 8
-5 1 -6 8
-5 1 -5 13
-5 1 -4 8
-5 1 -3 8
-5 1 -2 13
-5 1 -1 8
-5 1 0 8
-5 1 1 13
-5 1 2 8
-5 1 3 8
-5 1 4 13
-5 1 5 8
-5 1 6 8
-5 1 7 8
-5 1 8 2
-5 1 9 7
-4 1 -8 3
-4 1 -7 8
-4 1 -6 8
-4 1 -5 8
-4 1 -4 8
-4 1 -3 8
-4 1 -2 8
-4 1 -1 8
-4 1 0 8
-4 1 1 8
-4 1 2 8
-4 1 3 8
-4 1 4 8
-4 1 5 8
-4 1 6 8
-4 1 7 8
-4 1 8 2
-3 1 -8 3
-3 1 -7 8
-3 1 -6 8
-3 1 -5 8
-3 1 -4 8
-3 1 -3 8
-3 1 -2 8
-3 1 -1 8
-3 1 0 8
-3 1 1 8
-3 1 2 8
-3 1 3 8
-3 1 4 8
-3 1 5 8
-3 1 6 8
-3 1 7 8
-3 1 8 2
-2 1 -9 7
-2 1 -8 3
-2 1 -7 8
-2 1 -6 8
-2 1 -5 14
-2 1 -4 14
-2 1 -3 14
-2 1 -2 14
-2 1 -1 14
-2 1 0 14
-2 1 1 14
-2 1 2 14
-2 1 3 14
-2 1 4 14
-2 1 5 14
-2 1 6 14
-2 1 7 8
-2 1 8 2
-2 1 9 15
-1 1 -8 3
-1 1 -7 8
-1 1 -6 8
-1 1 -5 14
-1 1 -4 14
-1 1 -3 14
-1 1 -2 14
-1 1 -1 14
-1 1 0 14
-1 1 1 16
-1 1 2 14
-1 1 3 14
-1 1 4 14
-1 1 5 14
-1 1 6 14
-1 1 7 8
-1 1 8 2
0 1 -8 2
0 1 -7 17
0 1 -6 8
0 1 -5 14
0 1 -4 14
0 1 -3 14
0 1 -2 14
0 1 -1 14
0 1 0 18
0 1 1 19
0 1 2 20
0 1 3 14
0 1 4 14
0 1 5 14
0 1 6 14
0 1 7 8
0 1 8 21
1 1 -9 7
1 1 -8 3
1 1 -7 8
1 1 -6 8
1 1 -5 14
1 1 -4 14
1 1 -3 14
1 1 -2 14
1 1 -1 14
1 1 0 14
1 1 1 22
1 1 2 14
1 1 3 14
1 1 4 14
1 1 5 14
1 1 6 14
1 1 7 8
1 1 8 2
2 1 -8 3
2 1 -7 23
2 1 -6 8
2 1 -5 14
2 1 -4 14
2 1 -3 14
2 1 -2 14
2 1 -1 14
2 1 0 14
2 1 1 14
2 1 2 14
2 1 3 14
2 1 4 14
2 1 5 14
2 1 6 14
2 1 7 8
2 1 8 2
2 1 9 24
3 1 -8 2
3 1 -7 8
3 1 -6 8
3 1 -5 8
3 1 -4 8
3 1 -3 8
3 1 -2 8
3 1 -1 8
3 1 0 8
3 1 1 8
3 1 2 8
3 1 3 8
3 1 4 8
3 1 5 8
3 1 6 8
3 1 7 8
3 1 8 2
4 1 -9 7
4 1 -8 2
4 1 -7 8
4 1 -6 8
4 1 -5 8
4 1 -4 8
4 1 -3 8
4 1 -2 8
4 1 -1 8
4 1 0 8
4 1 1 8
4 1 2 8
4 1 3 8
4 1 4 8
4 1 5 8
4 1 6 8
4 1 7 8
4 1 8 3
4 1 9 7
5 1 -8 2
5 1 -7 8
5 1 -6 8
5 1 -5 13
5 1 -4 8
5 1 -3 8
5 1 -2 13
5 1 -1 8
5 1 0 8
5 1 1 13
5 1 2 8
5 1 3 8
5 1 4 13
5 1 5 8
5 1 6 8
5 1 7 8
5 1 8 3
6 1 -8 3
6 1 -7 8
6 1 -6 8
6 1 -5 8
6 1 -4 25
6 1 -3 8
6 1 -2 25
6 1 -1 8
6 1 0 8
6 1 1 8
6 1 2 26
6 1 3 8
6 1 4 8
6 1 5 8
6 1 6 8
6 1 7 27
6 1 8 2
7 1 -8 2
7 1 -7 2
7 1 -6 2
7 1 -5 2
7 1 -4 2
7 1 -3 2
7 1 -2 2
7 1 -1 2
7 1 0 3
7 1 1 3
7 1 2 2
7 1 3 3
7 1 4 2
7 1 5 2
7 1 6 2
7 1 7 2
7 1 8 3
8 1 -5 7
8 1 -2 7
8 1 1 7
8 1 4 7
8 1 6 28
8 1 7 28
8 1 8 28
9 1 6 28
9 1 7 8
9 1 8 28
10 1 6 28
10 1 7 28
10 1 8 28
-8 2 4 29
-7 2 -8 30
-7 2 -7 31
-7 2 -6 31
-7 2 -5 32
-7 2 -4 30
-7 2 -3 31
-7 2 -2 32
-7 2 -1 31
-7 2 0 31
-7 2 1 32
-7 2 2 31
-7 2 3 31
-7 2 4 32
-7 2 5 30
-7 2 6 30
-7 2 7 31
-7 2 8 31
-6 2 -8 31
-6 2 -7 8
-6 2 -6 8
-6 2 -5 8
-6 2 -4 8
-6 2 -3 8
-6 2 -2 8
-6 2 -1 8
-6 2 0 8
-6 2 1 8
-6 2 2 8
-6 2 3 8
-6 2 4 8
-6 2 5 8
-6 2 6 8
-6 2 7 8
-6 2 8 30
-5 2 -8 33
-5 2 -7 8
-5 2 -6 8
-5 2 -5 8
-5 2 -4 8
-5 2 -3 8
-5 2 -2 8
-5 2 -1 8
-5 2 0 8
-5 2 1 8
-5 2 2 8
-5 2 3 8
-5 2 4 8
-5 2 5 8
-5 2 6 8
-5 2 7 8
-5 2 8 33
-4 2 -8 30
-4 2 -7 8
-4 2 -6 8
-4 2 -5 8
-4 2 -4 8
-4 2 -3 8
-4 2 -2 8
-4 2 -1 8
-4 2 0 8
-4 2 1 8
-4 2 2 8
-4 2 3 8
-4 2 4 8
-4 2 5 8
-4 2 6 8
-4 2 7 8
-4 2 8 30
-3 2 -8 31
-3 2 -7 8
-3 2 -6 8
-3 2 -5 8
-3 2 -4 8
-3 2 -3 8
-3 2 -2 8
-3 2 -1 8
-3 2 0 8
-3 2 1 8
-3 2 2 8
-3 2 3 8
-3 2 4 8
-3 2 5 8
-3 2 6 8
-3 2 7 8
-3 2 8 31
-2 2 -9 34
-2 2 -8 33
-2 2 -7 8
-2 2 -6 8
-2 2 -5 8
-2 2 -4 8
-2 2 -3 8
-2 2 -2 8
-2 2 -1 8
-2 2 0 8
-2 2 1 8
-2 2 2 8
-2 2 3 8
-2 2 4 8
-2 2 5 8
-2 2 6 8
-2 2 7 8
-2 2 8 33
-1 2 -8 31
-1 2 -7 8
-1 2 -6 8
-1 2 -5 8
-1 2 -4 8
-1 2 -3 8
-1 2 -2 8
-1 2 -1 8
-1 2 0 8
-1 2 1 8
-1 2 2 8
-1 2 3 8
-1 2 4 8
-1 2 5 8
-1 2 6 8
-1 2 7 8
-1 2 8 30
0 2 -8 31
0 2 -7 8
0 2 -6 8
0 2 -5 8
0 2 -4 8
0 2 -3 8
0 2 -2 8
0 2 -1 8
0 2 0 8
0 2 1 35
0 2 2 8
0 2 3 8
0 2 4 8
0 2 5 8
0 2 6 8
0 2 7 8
0 2 8 36
1 2 -8 33
1 2 -7 8
1 2 -6 8
1 2 -5 8
1 2 -4 8
1 2 -3 8
1 2 -2 8
1 2 -1 8
1 2 0 8
1 2 1 8
1 2 2 8
1 2 3 8
1 2 4 8
1 2 5 8
1 2 6 8
1 2 7 8
1 2 8 30
2 2 -8 31
2 2 -7 8
2 2 -6 8
2 2 -5 8
2 2 -4 8
2 2 -3 8
2 2 -2 8
2 2 -1 8
2 2 0 8
2 2 1 8
2 2 2 8
2 2 3 8
2 2 4 8
2 2 5 8
2 2 6 8
2 2 7 8
2 2 8 30
3 2 -8 31
3 2 -7 8
3 2 -6 8
3 2 -5 8
3 2 -4 8
3 2 -3 8
3 2 -2 8
3 2 -1 8
3 2 0 8
3 2 1 8
3 2 2 8
3 2 3 8
3 2 4 8
3 2 5 8
3 2 6 8
3 2 7 8
3 2 8 31
4 2 -9 34
4 2 -8 33
4 2 -7 8
4 2 -6 8
4 2 -5 8
4 2 -4 8
4 2 -3 8
4 2 -2 8
4 2 -1 8
4 2 0 8
4 2 1 8
4 2 2 8
4 2 3 8
4 2 4 8
4 2 5 8
4 2 6 8
4 2 7 8
4 2 8 33
5 2 -8 30
5 2 -7 8
5 2 -6 8
5 2 -5 8
5 2 -4 8
5 2 -3 8
5 2 -2 8
5 2 -1 8
5 2 0 8
5 2 1 8
5 2 2 8
5 2 3 8
5 2 4 8
5 2 5 8
5 2 6 8
5 2 7 8
5 2 8 30
6 2 -8 31
6 2 -7 8
6 2 -6 8
6 2 -5 8
6 2 -4 37
6 2 -3 8
6 2 -2 8
6 2 -1 8
6 2 0 8
6 2 1 8
6 2 2 8
6 2 3 8
6 2 4 8
6 2 5 8
6 2 6 8
6 2 7 27
6 2 8 31
7 2 -8 30
7 2 -7 31
7 2 -6 31
7 2 -5 32
7 2 -4 31
7 2 -3 31
7 2 -2 32
7 2 -1 30
7 2 0 30
7 2 1 32
7 2 2 30
7 2 3 31
7 2 4 32
7 2 5 30
7 2 6 31
7 2 7 31
7 2 8 31
8 2 -2 38
8 2 6 28
8 2 7 28
8 2 8 28
9 2 6 28
9 2 7 8
9 2 8 28
10 2 6 28
10 2 7 28
10 2 8 28
-8 3 4 29
-7 3 -8 31
-7 3 -7 31
-7 3 -6 39
-7 3 -5 40
-7 3 -4 41
-7 3 -3 39
-7 3 -2 40
-7 3 -1 41
-7 3 0 39
-7 3 1 40
-7 3 2 41
-7 3 3 39
-7 3 4 40
-7 3 5 41
-7 3 6 31
-7 3 7 31
-7 3 8 30
-6 3 -8 42
-6 3 -7 8
-6 3 -6 8
-6 3 -5 8
-6 3 -4 8
-6 3 -3 8
-6 3 -2 8
-6 3 -1 8
-6 3 0 8
-6 3 1 8
-6 3 2 8
-6 3 3 8
-6 3 4 8
-6 3 5 8
-6 3 6 8
-6 3 7 8
-6 3 8 42
-5 3 -8 40
-5 3 -7 8
-5 3 -6 8
-5 3 -5 8
-5 3 -4 8
-5 3 -3 8
-5 3 -2 8
-5 3 -1 8
-5 3 0 8
-5 3 1 8
-5 3 2 8
-5 3 3 8
-5 3 4 8
-5 3 5 8
-5 3 6 8
-5 3 7 8
-5 3 8 40
-4 3 -8 43
-4 3 -7 8
-4 3 -6 8
-4 3 -5 8
-4 3 -4 8
-4 3 -3 8
-4 3 -2 8
-4 3 -1 8
-4 3 0 8
-4 3 1 8
-4 3 2 8
-4 3 3 8
-4 3 4 8
-4 3 5 8
-4 3 6 8
-4 3 7 8
-4 3 8 43
-3 3 -8 42
-3 3 -7 8
-3 3 -6 8
-3 3 -5 8
-3 3 -4 8
-3 3 -3 8
-3 3 -2 8
-3 3 -1 8
-3 3 0 8
-3 3 1 8
-3 3 2 8
-3 3 3 8
-3 3 4 8
-3 3 5 8
-3 3 6 8
-3 3 7 8
-3 3 8 42
-2 3 -9 34
-2 3 -8 40
-2 3 -7 8
-2 3 -6 8
-2 3 -5 8
-2 3 -4 8
-2 3 -3 8
-2 3 -2 8
-2 3 -1 8
-2 3 0 8
-2 3 1 8
-2 3 2 8
-2 3 3 8
-2 3 4 8
-2 3 5 8
-2 3 6 8
-2 3 7 8
-2 3 8 40
-1 3 -8 43
-1 3 -7 8
-1 3 -6 8
-1 3 -5 8
-1 3 -4 8
-1 3 -3 8
-1 3 -2 8
-1 3 -1 8
-1 3 0 8
-1 3 1 8
-1 3 2 8
-1 3 3 8
-1 3 4 8
-1 3 5 8
-1 3 6 8
-1 3 7 8
-1 3 8 42
0 3 -8 42
0 3 -7 8
0 3 -6 8
0 3 -5 8
0 3 -4 8
0 3 -3 8
0 3 -2 8
0 3 -1 8
0 3 0 8
0 3 1 8
0 3 2 8
0 3 3 8
0 3 4 8
0 3 5 8
0 3 6 8
0 3 7 8
0 3 8 44
1 3 -8 40
1 3 -7 8
1 3 -6 8
1 3 -5 8
1 3 -4 8
1 3 -3 8
1 3 -2 8
1 3 -1 8
1 3 0 8
1 3 1 8
1 3 2 8
1 3 3 8
1 3 4 8
1 3 5 8
1 3 6 8
1 3 7 8
1 3 8 43
1 3 9 45
2 3 -8 43
2 3 -7 8
2 3 -6 8
2 3 -5 8
2 3 -4 8
2 3 -3 8
2 3 -2 8
2 3 -1 8
2 3 0 8
2 3 1 8
2 3 2 8
2 3 3 8
2 3 4 8
2 3 5 8
2 3 6 8
2 3 7 8
2 3 8 31
3 3 -8 42
3 3 -7 8
3 3 -6 8
3 3 -5 8
3 3 -4 8
3 3 -3 8
3 3 -2 8
3 3 -1 8
3 3 0 8
3 3 1 8
3 3 2 8
3 3 3 8
3 3 4 8
3 3 5 8
3 3 6 8
3 3 7 8
3 3 8 42
4 3 -9 34
4 3 -8 40
4 3 -7 8
4 3 -6 8
4 3 -5 8
4 3 -4 8
4 3 -3 8
4 3 -2 8
4 3 -1 8
4 3 0 8
4 3 1 8
4 3 2 8
4 3 3 8
4 3 4 8
4 3 5 8
4 3 6 8
4 3 7 8
4 3 8 40
5 3 -8 43
5 3 -7 8
5 3 -6 8
5 3 -5 8
5 3 -4 8
5 3 -3 8
5 3 -2 8
5 3 -1 8
5 3 0 8
5 3 1 8
5 3 2 8
5 3 3 8
5 3 4 8
5 3 5 8
5 3 6 8
5 3 7 8
5 3 8 43
6 3 -8 31
6 3 -7 8
6 3 -6 8
6 3 -5 8
6 3 -4 8
6 3 -3 8
6 3 -2 8
6 3 -1 8
6 3 0 8
6 3 1 8
6 3 2 8
6 3 3 8
6 3 4 8
6 3 5 8
6 3 6 8
6 3 7 27
6 3 8 31
7 3 -8 31
7 3 -7 31
7 3 -6 39
7 3 -5 40
7 3 -4 41
7 3 -3 39
7 3 -2 40
7 3 -1 41
7 3 0 39
7 3 1 40
7 3 2 41
7 3 3 39
7 3 4 40
7 3 5 41
7 3 6 30
7 3 7 31
7 3 8 31
8 3 -2 38
8 3 6 28
8 3 7 28
8 3 8 28
9 3 6 28
9 3 7 8
9 3 8 28
10 3 6 28
10 3 7 28
10 3 8 28
-7 4 -8 31
-7 4 -7 30
-7 4 -6 31
-7 4 -5 30
-7 4 -4 31
-7 4 -3 30
-7 4 -2 30
-7 4 -1 31
-7 4 0 31
-7 4 1 31
-7 4 2 31
-7 4 3 31
-7 4 4 31
-7 4 5 30
-7 4 6 30
-7 4 7 31
-7 4 8 31
-6 4 -8 31
-6 4 -7 8
-6 4 -6 8
-6 4 -5 8
-6 4 -4 8
-6 4 -3 8
-6 4 -2 8
-6 4 -1 8
-6 4 0 8
-6 4 1 8
-6 4 2 8
-6 4 3 8
-6 4 4 8
-6 4 5 8
-6 4 6 8
-6 4 7 8
-6 4 8 30
-5 4 -8 30
-5 4 -7 8
-5 4 -6 8
-5 4 -5 8
-5 4 -4 8
-5 4 -3 8
-5 4 -2 8
-5 4 -1 8
-5 4 0 8
-5 4 1 8
-5 4 2 8
-5 4 3 8
-5 4 4 8
-5 4 5 8
-5 4 6 8
-5 4 7 8
-5 4 8 31
-4 4 -8 31
-4 4 -7 8
-4 4 -6 8
-4 4 -5 8
-4 4 -4 8
-4 4 -3 8
-4 4 -2 8
-4 4 -1 8
-4 4 0 8
-4 4 1 8
-4 4 2 8
-4 4 3 8
-4 4 4 8
-4 4 5 8
-4 4 6 8
-4 4 7 8
-4 4 8 31
-3 4 -8 31
-3 4 -7 8
-3 4 -6 8
-3 4 -5 8
-3 4 -4 8
-3 4 -3 8
-3 4 -2 8
-3 4 -1 8
-3 4 0 8
-3 4 1 8
-3 4 2 8
-3 4 3 8
-3 4 4 8
-3 4 5 8
-3 4 6 8
-3 4 7 8
-3 4 8 31
-2 4 -8 31
-2 4 -7 8
-2 4 -6 8
-2 4 -5 8
-2 4 -4 8
-2 4 -3 8
-2 4 -2 8
-2 4 -1 8
-2 4 0 8
-2 4 1 8
-2 4 2 8
-2 4 3 8
-2 4 4 8
-2 4 5 8
-2 4 6 8
-2 4 7 8
-2 4 8 31
-1 4 -8 31
-1 4 -7 8
-1 4 -6 8
-1 4 -5 8
-1 4 -4 8
-1 4 -3 8
-1 4 -2 8
-1 4 -1 8
-1 4 0 8
-1 4 1 8
-1 4 2 8
-1 4 3 8
-1 4 4 8
-1 4 5 8
-1 4 6 8
-1 4 7 8
-1 4 8 30
-1 4 9 46
0 4 -8 30
0 4 -7 8
0 4 -6 8
0 4 -5 8
0 4 -4 8
0 4 -3 8
0 4 -2 8
0 4 -1 8
0 4 0 8
0 4 1 8
0 4 2 8
0 4 3 8
0 4 4 8
0 4 5 8
0 4 6 8
0 4 7 8
0 4 8 31
0 4 9 47
1 4 -8 31
1 4 -7 8
1 4 -6 8
1 4 -5 8
1 4 -4 8
1 4 -3 8
1 4 -2 8
1 4 -1 8
1 4 0 8
1 4 1 8
1 4 2 8
1 4 3 8
1 4 4 8
1 4 5 8
1 4 6 8
1 4 7 8
1 4 8 31
1 4 9 46
2 4 -8 30
2 4 -7 8
2 4 -6 8
2 4 -5 8
2 4 -4 8
2 4 -3 8
2 4 -2 8
2 4 -1 8
2 4 0 8
2 4 1 8
2 4 2 8
2 4 3 8
2 4 4 8
2 4 5 8
2 4 6 8
2 4 7 8
2 4 8 31
3 4 -8 31
3 4 -7 8
3 4 -6 8
3 4 -5 8
3 4 -4 8
3 4 -3 8
3 4 -2 8
3 4 -1 8
3 4 0 8
3 4 1 8
3 4 2 8
3 4 3 8
3 4 4 8
3 4 5 8
3 4 6 8
3 4 7 8
3 4 8 30
4 4 -8 31
4 4 -7 8
4 4 -6 8
4 4 -5 8
4 4 -4 8
4 4 -3 8
4 4 -2 8
4 4 -1 8
4 4 0 8
4 4 1 8
4 4 2 8
4 4 3 8
4 4 4 8
4 4 5 8
4 4 6 8
4 4 7 8
4 4 8 31
5 4 -8 31
5 4 -7 8
5 4 -6 8
5 4 -5 8
5 4 -4 8
5 4 -3 8
5 4 -2 8
5 4 -1 8
5 4 0 8
5 4 1 8
5 4 2 8
5 4 3 8
5 4 4 8
5 4 5 8
5 4 6 8
5 4 7 8
5 4 8 31
6 4 -8 31
6 4 -7 8
6 4 -6 8
6 4 -5 8
6 4 -4 8
6 4 -3 8
6 4 -2 8
6 4 -1 8
6 4 0 8
6 4 1 8
6 4 2 8
6 4 3 8
6 4 4 8
6 4 5 8
6 4 6 8
6 4 7 27
6 4 8 30
7 4 -8 31
7 4 -7 31
7 4 -6 31
7 4 -5 30
7 4 -4 30
7 4 -3 31
7 4 -2 30
7 4 -1 31
7 4 0 30
7 4 1 31
7 4 2 31
7 4 3 30
7 4 4 30
7 4 5 30
7 4 6 31
7 4 7 30
7 4 8 31
8 4 6 28
8 4 7 28
8 4 8 28
9 4 6 28
9 4 7 8
9 4 8 28
10 4 6 28
10 4 7 28
10 4 8 28
-7 5 -8 31
-7 5 -7 31
-7 5 -6 30
-7 5 -5 31
-7 5 -4 31
-7 5 -3 31
-7 5 -2 31
-7 5 -1 31
-7 5 0 30
-7 5 1 30
-7 5 2 31
-7 5 3 31
-7 5 4 30
-7 5 5 31
-7 5 6 31
-7 5 7 31
-7 5 8 31
-6 5 -8 31
-6 5 -7 8
-6 5 -6 8
-6 5 -5 8
-6 5 -4 8
-6 5 -3 8
-6 5 -2 8
-6 5 -1 8
-6 5 0 8
-6 5 1 8
-6 5 2 8
-6 5 3 8
-6 5 4 8
-6 5 5 8
-6 5 6 8
-6 5 7 8
-6 5 8 30
-5 5 -8 30
-5 5 -7 8
-5 5 -6 8
-5 5 -5 8
-5 5 -4 8
-5 5 -3 8
-5 5 -2 8
-5 5 -1 8
-5 5 0 8
-5 5 1 8
-5 5 2 8
-5 5 3 8
-5 5 4 8
-5 5 5 8
-5 5 6 8
-5 5 7 8
-5 5 8 30
-4 5 -8 31
-4 5 -7 8
-4 5 -6 8
-4 5 -5 8
-4 5 -4 8
-4 5 -3 8
-4 5 -2 8
-4 5 -1 8
-4 5 0 8
-4 5 1 8
-4 5 2 8
-4 5 3 8
-4 5 4 8
-4 5 5 8
-4 5 6 8
-4 5 7 8
-4 5 8 31
-3 5 -8 31
-3 5 -7 8
-3 5 -6 8
-3 5 -5 8
-3 5 -4 8
-3 5 -3 8
-3 5 -2 8
-3 5 -1 8
-3 5 0 8
-3 5 1 8
-3 5 2 8
-3 5 3 8
-3 5 4 8
-3 5 5 8
-3 5 6 8
-3 5 7 8
-3 5 8 30
-2 5 -8 31
-2 5 -7 8
-2 5 -6 8
-2 5 -5 8
-2 5 -4 8
-2 5 -3 8
-2 5 -2 8
-2 5 -1 8
-2 5 0 8
-2 5 1 8
-2 5 2 8
-2 5 3 8
-2 5 4 8
-2 5 5 8
-2 5 6 8
-2 5 7 8
-2 5 8 31
-1 5 -8 31
-1 5 -7 8
-1 5 -6 8
-1 5 -5 8
-1 5 -4 8
-1 5 -3 8
-1 5 -2 8
-1 5 -1 8
-1 5 0 8
-1 5 1 8
-1 5 2 8
-1 5 3 8
-1 5 4 8
-1 5 5 8
-1 5 6 8
-1 5 7 8
-1 5 8 30
0 5 -8 31
0 5 -7 8
0 5 -6 8
0 5 -5 8
0 5 -4 8
0 5 -3 8
0 5 -2 8
0 5 -1 8
0 5 0 8
0 5 1 8
0 5 2 8
0 5 3 8
0 5 4 8
0 5 5 8
0 5 6 8
0 5 7 8
0 5 8 31
1 5 -8 30
1 5 -7 8
1 5 -6 8
1 5 -5 8
1 5 -4 8
1 5 -3 8
1 5 -2 8
1 5 -1 8
1 5 0 8
1 5 1 8
1 5 2 8
1 5 3 8
1 5 4 8
1 5 5 8
1 5 6 8
1 5 7 8
1 5 8 31
2 5 -8 31
2 5 -7 8
2 5 -6 8
2 5 -5 8
2 5 -4 8
2 5 -3 8
2 5 -2 8
2 5 -1 8
2 5 0 8
2 5 1 8
2 5 2 8
2 5 3 8
2 5 4 8
2 5 5 8
2 5 6 8
2 5 7 8
2 5 8 30
3 5 -8 31
3 5 -7 8
3 5 -6 8
3 5 -5 8
3 5 -4 8
3 5 -3 8
3 5 -2 8
3 5 -1 8
3 5 0 8
3 5 1 8
3 5 2 8
3 5 3 8
3 5 4 8
3 5 5 8
3 5 6 8
3 5 7 8
3 5 8 31
4 5 -8 31
4 5 -7 8
4 5 -6 8
4 5 -5 8
4 5 -4 8
4 5 -3 8
4 5 -2 8
4 5 -1 8
4 5 0 8
4 5 1 8
4 5 2 8
4 5 3 8
4 5 4 8
4 5 5 8
4 5 6 8
4 5 7 8
4 5 8 31
5 5 -8 31
5 5 -7 8
5 5 -6 8
5 5 -5 8
5 5 -4 8
5 5 -3 8
5 5 -2 8
5 5 -1 8
5 5 0 8
5 5 1 8
5 5 2 8
5 5 3 8
5 5 4 8
5 5 5 8
5 5 6 8
5 5 7 8
5 5 8 31
6 5 -8 31
6 5 -7 8
6 5 -6 8
6 5 -5 8
6 5 -4 8
6 5 -3 8
6 5 -2 8
6 5 -1 8
6 5 0 8
6 5 1 8
6 5 2 8
6 5 3 8
6 5 4 8
6 5 5 8
6 5 6 8
6 5 7 27
6 5 8 31
7 5 -8 30
7 5 -7 31
7 5 -6 31
7 5 -5 31
7 5 -4 30
7 5 -3 31
7 5 -2 31
7 5 -1 30
7 5 0 30
7 5 1 31
7 5 2 31
7 5 3 31
7 5 4 31
7 5 5 31
7 5 6 31
7 5 7 31
7 5 8 31
8 5 6 28
8 5 7 28
8 5 8 28
9 5 6 28
9 5 7 8
9 5 8 28
10 5 6 28
10 5 7 28
10 5 8 28
-8 6 -4 48
-8 6 0 48
-8 6 4 48
-7 6 -8 6
-7 6 -7 6
-7 6 -6 6
-7 6 -5 6
-7 6 -4 6
-7 6 -3 6
-7 6 -2 6
-7 6 -1 6
-7 6 0 6
-7 6 1 6
-7 6 2 6
-7 6 3 6
-7 6 4 6
-7 6 5 6
-7 6 6 6
-7 6 7 6
-7 6 8 6
-6 6 -8 6
-6 6 -7 8
-6 6 -6 8
-6 6 -5 8
-6 6 -4 8
-6 6 -3 8
-6 6 -2 8
-6 6 -1 8
-6 6 0 8
-6 6 1 8
-6 6 2 8
-6 6 3 8
-6 6 4 8
-6 6 5 8
-6 6 6 8
-6 6 7 8
-6 6 8 6
-5 6 -8 6
-5 6 -7 8
-5 6 -6 8
-5 6 -5 8
-5 6 -4 8
-5 6 -3 8
-5 6 -2 8
-5 6 -1 8
-5 6 0 8
-5 6 1 8
-5 6 2 8
-5 6 3 8
-5 6 4 8
-5 6 5 8
-5 6 6 8
-5 6 7 8
-5 6 8 6
-4 6 -9 49
-4 6 -8 6
-4 6 -7 8
-4 6 -6 8
-4 6 -5 8
-4 6 -4 8
-4 6 -3 8
-4 6 -2 8
-4 6 -1 8
-4 6 0 8
-4 6 1 8
-4 6 2 8
-4 6 3 8
-4 6 4 8
-4 6 5 8
-4 6 6 8
-4 6 7 8
-4 6 8 6
-4 6 9 49
-3 6 -8 6
-3 6 -7 8
-3 6 -6 8
-3 6 -5 8
-3 6 -4 8
-3 6 -3 8
-3 6 -2 8
-3 6 -1 8
-3 6 0 8
-3 6 1 8
-3 6 2 8
-3 6 3 8
-3 6 4 8
-3 6 5 8
-3 6 6 8
-3 6 7 8
-3 6 8 6
-2 6 -8 6
-2 6 -7 8
-2 6 -6 8
-2 6 -5 8
-2 6 -4 8
-2 6 -3 8
-2 6 -2 8
-2 6 -1 8
-2 6 0 8
-2 6 1 8
-2 6 2 8
-2 6 3 8
-2 6 4 8
-2 6 5 8
-2 6 6 8
-2 6 7 8
-2 6 8 6
-1 6 -8 6
-1 6 -7 8
-1 6 -6 8
-1 6 -5 8
-1 6 -4 8
-1 6 -3 8
-1 6 -2 8
-1 6 -1 8
-1 6 0 8
-1 6 1 8
-1 6 2 8
-1 6 3 8
-1 6 4 8
-1 6 5 8
-1 6 6 8
-1 6 7 8
-1 6 8 6
0 6 -9 49
0 6 -8 6
0 6 -7 8
0 6 -6 8
0 6 -5 8
0 6 -4 8
0 6 -3 8
0 6 -2 8
0 6 -1 8
0 6 0 45
0 6 1 8
0 6 2 8
0 6 3 8
0 6 4 8
0 6 5 8
0 6 6 8
0 6 7 8
0 6 8 6
0 6 9 49
1 6 -8 6
1 6 -7 8
1 6 -6 8
1 6 -5 8
1 6 -4 8
1 6 -3 8
1 6 -2 8
1 6 -1 8
1 6 0 8
1 6 1 8
1 6 2 8
1 6 3 8
1 6 4 8
1 6 5 8
1 6 6 8
1 6 7 8
1 6 8 6
2 6 -8 6
2 6 -7 8
2 6 -6 8
2 6 -5 8
2 6 -4 8
2 6 -3 8
2 6 -2 8
2 6 -1 8
2 6 0 8
2 6 1 8
2 6 2 8
2 6 3 8
2 6 4 8
2 6 5 8
2 6 6 8
2 6 7 8
2 6 8 6
3 6 -8 6
3 6 -7 8
3 6 -6 8
3 6 -5 8
3 6 -4 8
3 6 -3 8
3 6 -2 8
3 6 -1 8
3 6 0 8
3 6 1 8
3 6 2 8
3 6 3 8
3 6 4 8
3 6 5 8
3 6 6 8
3 6 7 8
3 6 8 6
4 6 -9 49
4 6 -8 6
4 6 -7 8
4 6 -6 8
4 6 -5 8
4 6 -4 8
4 6 -3 8
4 6 -2 8
4 6 -1 8
4 6 0 8
4 6 1 8
4 6 2 8
4 6 3 8
4 6 4 8
4 6 5 8
4 6 6 8
4 6 7 8
4 6 8 6
4 6 9 49
5 6 -8 6
5 6 -7 8
5 6 -6 8
5 6 -5 8
5 6 -4 8
5 6 -3 8
5 6 -2 8
5 6 -1 8
5 6 0 8
5 6 1 8
5 6 2 8
5 6 3 8
5 6 4 8
5 6 5 8
5 6 6 8
5 6 7 8
5 6 8 6
6 6 -8 6
6 6 -7 8
6 6 -6 8
6 6 -5 8
6 6 -4 8
6 6 -3 8
6 6 -2 8
6 6 -1 8
6 6 0 8
6 6 1 8
6 6 2 8
6 6 3 8
6 6 4 8
6 6 5 8
6 6 6 8
6 6 7 27
6 6 8 6
7 6 -8 6
7 6 -7 6
7 6 -6 6
7 6 -5 6
7 6 -4 6
7 6 -3 6
7 6 -2 6
7 6 -1 6
7 6 0 6
7 6 1 6
7 6 2 6
7 6 3 6
7 6 4 6
7 6 5 6
7 6 6 6
7 6 7 6
7 6 8 6
8 6 -4 48
8 6 0 48
8 6 4 48
8 6 6 6
8 6 7 6
8 6 8 6
9 6 6 6
9 6 7 8
9 6 8 6
10 6 6 6
10 6 7 6
10 6 8 6
-7 7 -8 28
-7 7 -7 28
-7 7 -6 28
-7 7 -5 28
-7 7 -4 28
-7 7 -3 28
-7 7 -2 28
-7 7 -1 28
-7 7 0 28
-7 7 1 28
-7 7 2 28
-7 7 3 28
-7 7 4 28
-7 7 5 28
-7 7 6 28
-7 7 7 28
-7 7 8 28
-6 7 -8 28
-6 7 -7 2
-6 7 -6 2
-6 7 -5 2
-6 7 -4 2
-6 7 -3 2
-6 7 -2 2
-6 7 -1 2
-6 7 0 2
-6 7 1 2
-6 7 2 2
-6 7 3 2
-6 7 4 2
-6 7 5 2
-6 7 6 2
-6 7 7 2
-6 7 8 28
-5 7 -8 28
-5 7 -7 2
-5 7 -6 2
-5 7 -5 2
-5 7 -4 2
-5 7 -3 2
-5 7 -2 2
-5 7 -1 2
-5 7 0 2
-5 7 1 2
-5 7 2 2
-5 7 3 2
-5 7 4 2
-5 7 5 2
-5 7 6 2
-5 7 7 2
-5 7 8 28
-4 7 -8 28
-4 7 -7 2
-4 7 -6 2
-4 7 -5 2
-4 7 -4 2
-4 7 -3 2
-4 7 -2 2
-4 7 -1 2
-4 7 0 2
-4 7 1 2
-4 7 2 2
-4 7 3 2
-4 7 4 2
-4 7 5 2
-4 7 6 2
-4 7 7 2
-4 7 8 28
-3 7 -8 28
-3 7 -7 2
-3 7 -6 2
-3 7 -5 2
-3 7 -4 2
-3 7 -3 2
-3 7 -2 2
-3 7 -1 2
-3 7 0 2
-3 7 1 2
-3 7 2 2
-3 7 3 2
-3 7 4 2
-3 7 5 2
-3 7 6 2
-3 7 7 2
-3 7 8 28
-2 7 -8 28
-2 7 -7 2
-2 7 -6 2
-2 7 -5 2
-2 7 -4 2
-2 7 -3 2
-2 7 -2 2
-2 7 -1 2
-2 7 0 2
-2 7 1 2
-2 7 2 2
-2 7 3 2
-2 7 4 2
-2 7 5 2
-2 7 6 2
-2 7 7 2
-2 7 8 28
-1 7 -8 28
-1 7 -7 2
-1 7 -6 2
-1 7 -5 2
-1 7 -4 2
-1 7 -3 2
-1 7 -2 2
-1 7 -1 2
-1 7 0 2
-1 7 1 2
-1 7 2 2
-1 7 3 2
-1 7 4 2
-1 7 5 2
-1 7 6 2
-1 7 7 2
-1 7 8 28
0 7 -8 28
0 7 -7 2
0 7 -6 2
0 7 -5 2
0 7 -4 2
0 7 -3 2
0 7 -2 2
0 7 -1 2
0 7 0 2
0 7 1 2
0 7 2 2
0 7 3 2
0 7 4 2
0 7 5 2
0 7 6 2
0 7 7 2
0 7 8 28
1 7 -8 28
1 7 -7 2
1 7 -6 2
1 7 -5 2
1 7 -4 2
1 7 -3 2
1 7 -2 2
1 7 -1 2
1 7 0 2
1 7 1 2
1 7 2 2
1 7 3 2
1 7 4 2
1 7 5 2
1 7 6 2
1 7 7 2
1 7 8 28
2 7 -8 28
2 7 -7 2
2 7 -6 2
2 7 -5 2
2 7 -4 2
2 7 -3 2
2 7 -2 2
2 7 -1 2
2 7 0 2
2 7 1 2
2 7 2 2
2 7 3 2
2 7 4 2
2 7 5 2
2 7 6 2
2 7 7 2
2 7 8 28
3 7 -8 28
3 7 -7 2
3 7 -6 2
3 7 -5 2
3 7 -4 2
3 7 -3 2
3 7 -2 2
3 7 -1 2
3 7 0 2
3 7 1 2
3 7 2 2
3 7 3 2
3 7 4 2
3 7 5 2
3 7 6 2
3 7 7 2
3 7 8 28
4 7 -8 28
4 7 -7 2
4 7 -6 2
4 7 -5 2
4 7 -4 2
4 7 -3 2
4 7 -2 2
4 7 -1 2
4 7 0 2
4 7 1 2
4 7 2 2
4 7 3 2
4 7 4 2
4 7 5 2
4 7 6 2
4 7 7 2
4 7 8 28
5 7 -8 28
5 7 -7 2
5 7 -6 2
5 7 -5 2
5 7 -4 2
5 7 -3 2
5 7 -2 2
5 7 -1 2
5 7 0 2
5 7 1 2
5 7 2 2
5 7 3 2
5 7 4 2
5 7 5 2
5 7 6 2
5 7 7 2
5 7 8 28
6 7 -8 28
6 7 -7 2
6 7 -6 2
6 7 -5 2
6 7 -4 2
6 7 -3 2
6 7 -2 2
6 7 -1 2
6 7 0 2
6 7 1 2
6 7 2 2
6 7 3 2
6 7 4 2
6 7 5 2
6 7 6 2
6 7 7 27
6 7 8 28
7 7 -8 28
7 7 -7 28
7 7 -6 28
7 7 -5 28
7 7 -4 28
7 7 -3 28
7 7 -2 28
7 7 -1 28
7 7 0 28
7 7 1 28
7 7 2 28
7 7 3 28
7 7 4 28
7 7 5 28
7 7 6 28
7 7 7 28
7 7 8 28
8 7 6 28
8 7 7 28
8 7 8 28
9 7 6 28
9 7 7 8
9 7 8 28
10 7 6 28
10 7 7 28
10 7 8 28
-7 8 -8 50
-7 8 -7 31
-7 8 -6 50
-7 8 -5 31
-7 8 -4 50
-7 8 -3 30
-7 8 -2 50
-7 8 -1 31
-7 8 0 50
-7 8 1 31
-7 8 2 50
-7 8 3 31
-7 8 4 50
-7 8 5 31
-7 8 6 50
-7 8 7 31
-7 8 8 50
-6 8 -8 31
-6 8 -2 44
-6 8 -1 44
-6 8 0 44
-6 8 1 44
-6 8 2 44
-6 8 8 30
-5 8 -8 50
-5 8 -4 44
-5 8 -3 44
-5 8 -2 8
-5 8 -1 8
-5 8 0 8
-5 8 1 8
-5 8 2 8
-5 8 3 44
-5 8 4 44
-5 8 8 50
-4 8 -8 31
-4 8 -5 44
-4 8 -4 44
-4 8 -3 8
-4 8 -2 8
-4 8 -1 8
-4 8 0 8
-4 8 1 8
-4 8 2 8
-4 8 3 8
-4 8 4 44
-4 8 5 44
-4 8 8 30
-3 8 -8 50
-3 8 -5 44
-3 8 -4 8
-3 8 -3 8
-3 8 -2 8
-3 8 -1 8
-3 8 0 8
-3 8 1 8
-3 8 2 8
-3 8 3 8
-3 8 4 8
-3 8 5 44
-3 8 8 50
-2 8 -8 31
-2 8 -6 44
-2 8 -5 8
-2 8 -4 8
-2 8 -3 8
-2 8 -2 8
-2 8 -1 8
-2 8 0 8
-2 8 1 8
-2 8 2 8
-2 8 3 8
-2 8 4 8
-2 8 5 8
-2 8 6 44
-2 8 8 31
-1 8 -8 50
-1 8 -6 44
-1 8 -5 8
-1 8 -4 8
-1 8 -3 8
-1 8 -2 8
-1 8 -1 8
-1 8 0 8
-1 8 1 8
-1 8 2 8
-1 8 3 8
-1 8 4 8
-1 8 5 8
-1 8 6 44
-1 8 8 50
0 8 -8 31
0 8 -6 44
0 8 -5 8
0 8 -4 8
0 8 -3 8
0 8 -2 8
0 8 -1 8
0 8 0 8
0 8 1 8
0 8 2 8
0 8 3 8
0 8 4 8
0 8 5 8
0 8 6 44
0 8 8 30
1 8 -8 50
1 8 -6 44
1 8 -5 8
1 8 -4 8
1 8 -3 8
1 8 -2 8
1 8 -1 8
1 8 0 8
1 8 1 8
1 8 2 8
1 8 3 8
1 8 4 8
1 8 5 8
1 8 6 44
1 8 8 50
2 8 -8 31
2 8 -6 44
2 8 -5 8
2 8 -4 8
2 8 -3 8
2 8 -2 8
2 8 -1 8
2 8 0 8
2 8 1 8
2 8 2 8
2 8 3 8
2 8 4 8
2 8 5 8
2 8 6 44
2 8 8 30
3 8 -8 50
3 8 -5 44
3 8 -4 8
3 8 -3 8
3 8 -2 8
3 8 -1 8
3 8 0 8
3 8 1 8
3 8 2 8
3 8 3 8
3 8 4 8
3 8 5 44
3 8 8 50
4 8 -8 31
4 8 -5 44
4 8 -4 44
4 8 -3 8
4 8 -2 8
4 8 -1 8
4 8 0 8
4 8 1 8
4 8 2 8
4 8 3 8
4 8 4 44
4 8 5 44
4 8 8 31
5 8 -8 50
5 8 -4 44
5 8 -3 44
5 8 -2 8
5 8 -1 8
5 8 0 8
5 8 1 8
5 8 2 8
5 8 3 44
5 8 4 44
5 8 8 50
6 8 -8 31
6 8 -2 44
6 8 -1 44
6 8 0 44
6 8 1 44
6 8 2 44
6 8 8 31
7 8 -8 50
7 8 -7 31
7 8 -6 50
7 8 -5 31
7 8 -4 50
7 8 -3 31
7 8 -2 50
7 8 -1 31
7 8 0 50
7 8 1 31
7 8 2 50
7 8 3 30
7 8 4 50
7 8 5 31
7 8 6 50
7 8 7 31
7 8 8 50
8 8 6 28
8 8 7 28
8 8 8 28
9 8 6 28
9 8 7 8
9 8 8 28
10 8 6 28
10 8 7 28
10 8 8 28
-6 9 -1 51
-6 9 0 51
-6 9 1 51
-5 9 -3 51
-5 9 -2 51
-5 9 -1 8
-5 9 0 8
-5 9 1 8
-5 9 2 51
-5 9 3 51
-4 9 -4 51
-4 9 -3 8
-4 9 -2 8
-4 9 -1 8
-4 9 0 8
-4 9 1 8
-4 9 2 8
-4 9 3 8
-4 9 4 51
-3 9 -5 51
-3 9 -4 8
-3 9 -3 8
-3 9 -2 8
-3 9 -1 8
-3 9 0 8
-3 9 1 8
-3 9 2 8
-3 9 3 8
-3 9 4 8
-3 9 5 51
-2 9 -5 51
-2 9 -4 8
-2 9 -3 8
-2 9 -2 8
-2 9 -1 8
-2 9 0 8
-2 9 1 8
-2 9 2 8
-2 9 3 8
-2 9 4 8
-2 9 5 51
-1 9 -6 51
-1 9 -5 8
-1 9 -4 8
-1 9 -3 8
-1 9 -2 8
-1 9 -1 8
-1 9 0 8
-1 9 1 8
-1 9 2 8
-1 9 3 8
-1 9 4 8
-1 9 5 8
-1 9 6 51
0 9 -6 51
0 9 -5 8
0 9 -4 8
0 9 -3 8
0 9 -2 8
0 9 -1 8
0 9 0 8
0 9 1 8
0 9 2 8
0 9 3 8
0 9 4 8
0 9 5 8
0 9 6 51
1 9 -6 51
1 9 -5 8
1 9 -4 8
1 9 -3 8
1 9 -2 8
1 9 -1 8
1 9 0 8
1 9 1 8
1 9 2 8
1 9 3 8
1 9 4 8
1 9 5 8
1 9 6 51
2 9 -5 51
2 9 -4 8
2 9 -3 8
2 9 -2 8
2 9 -1 8
2 9 0 8
2 9 1 8
2 9 2 8
2 9 3 8
2 9 4 8
2 9 5 51
3 9 -5 51
3 9 -4 8
3 9 -3 8
3 9 -2 8
3 9 -1 8
3 9 0 8
3 9 1 8
3 9 2 8
3 9 3 8
3 9 4 8
3 9 5 51
4 9 -4 51
4 9 -3 8
4 9 -2 8
4 9 -1 8
4 9 0 8
4 9 1 8
4 9 2 8
4 9 3 8
4 9 4 51
5 9 -3 51
5 9 -2 51
5 9 -1 8
5 9 0 8
5 9 1 8
5 9 2 51
5 9 3 51
6 9 -1 51
6 9 0 51
6 9 1 51
8 9 6 28
8 9 7 28
8 9 8 28
9 9 6 28
9 9 7 8
9 9 8 28
10 9 6 28
10 9 7 28
10 9 8 28
-6 10 0 51
-5 10 -3 51
-5 10 -2 51
-5 10 -1 51
-5 10 0 8
-5 10 1 51
-5 10 2 51
-5 10 3 51
-4 10 -4 51
-4 10 -3 8
-4 10 -2 8
-4 10 -1 8
-4 10 0 8
-4 10 1 8
-4 10 2 8
-4 10 3 8
-4 10 4 51
-3 10 -5 51
-3 10 -4 8
-3 10 -3 8
-3 10 -2 8
-3 10 -1 8
-3 10 0 8
-3 10 1 8
-3 10 2 8
-3 10 3 8
-3 10 4 8
-3 10 5 51
-2 10 -5 51
-2 10 -4 8
-2 10 -3 8
-2 10 -2 8
-2 10 -1 8
-2 10 0 8
-2 10 1 8
-2 10 2 8
-2 10 3 8
-2 10 4 8
-2 10 5 51
-1 10 -5 51
-1 10 -4 8
-1 10 -3 8
-1 10 -2 8
-1 10 -1 8
-1 10 0 8
-1 10 1 8
-1 10 2 8
-1 10 3 8
-1 10 4 8
-1 10 5 51
0 10 -6 51
0 10 -5 8
0 10 -4 8
0 10 -3 8
0 10 -2 8
0 10 -1 8
0 10 0 8
0 10 1 8
0 10 2 8
0 10 3 8
0 10 4 8
0 10 5 8
0 10 6 51
1 10 -5 51
1 10 -4 8
1 10 -3 8
1 10 -2 8
1 10 -1 8
1 10 0 8
1 10 1 8
1 10 2 8
1 10 3 8
1 10 4 8
1 10 5 51
2 10 -5 51
2 10 -4 8
2 10 -3 8
2 10 -2 8
2 10 -1 8
2 10 0 8
2 10 1 8
2 10 2 8
2 10 3 8
2 10 4 8
2 10 5 51
3 10 -5 51
3 10 -4 8
3 10 -3 8
3 10 -2 8
3 10 -1 8
3 10 0 8
3 10 1 8
3 10 2 8
3 10 3 8
3 10 4 8
3 10 5 51
4 10 -4 51
4 10 -3 8
4 10 -2 8
4 10 -1 8
4 10 0 8
4 10 1 8
4 10 2 8
4 10 3 8
4 10 4 51
5 10 -3 51
5 10 -2 51
5 10 -1 51
5 10 0 8
5 10 1 51
5 10 2 51
5 10 3 51
6 10 0 51
8 10 6 28
8 10 7 28
8 10 8 28
9 10 6 28
9 10 7 8
9 10 8 28
10 10 6 28
10 10 7 28
10 10 8 28
-5 11 -2 51
-5 11 -1 51
-5 11 0 51
-5 11 1 51
-5 11 2 51
-4 11 -3 51
-4 11 -2 8
-4 11 -1 8
-4 11 0 8
-4 11 1 8
-4 11 2 8
-4 11 3 51
-3 11 -4 51
-3 11 -3 8
-3 11 -2 8
-3 11 -1 8
-3 11 0 8
-3 11 1 8
-3 11 2 8
-3 11 3 8
-3 11 4 51
-2 11 -5 51
-2 11 -4 8
-2 11 -3 8
-2 11 -2 8
-2 11 -1 8
-2 11 0 8
-2 11 1 8
-2 11 2 8
-2 11 3 8
-2 11 4 8
-2 11 5 51
-1 11 -5 51
-1 11 -4 8
-1 11 -3 8
-1 11 -2 8
-1 11 -1 8
-1 11 0 8
-1 11 1 8
-1 11 2 8
-1 11 3 8
-1 11 4 8
-1 11 5 51
0 11 -5 51
0 11 -4 8
0 11 -3 8
0 11 -2 8
0 11 -1 8
0 11 0 8
0 11 1 8
0 11 2 8
0 11 3 8
0 11 4 8
0 11 5 51
1 11 -5 51
1 11 -4 8
1 11 -3 8
1 11 -2 8
1 11 -1 8
1 11 0 8
1 11 1 8
1 11 2 8
1 11 3 8
1 11 4 8
1 11 5 51
2 11 -5 51
2 11 -4 8
2 11 -3 8
2 11 -2 8
2 11 -1 8
2 11 0 8
2 11 1 8
2 11 2 8
2 11 3 8
2 11 4 8
2 11 5 51
3 11 -4 51
3 11 -3 8
3 11 -2 8
3 11 -1 8
3 11 0 8
3 11 1 8
3 11 2 8
3 11 3 8
3 11 4 51
4 11 -3 51
4 11 -2 8
4 11 -1 8
4 11 0 8
4 11 1 8
4 11 2 8
4 11 3 51
5 11 -2 51
5 11 -1 51
5 11 0 51
5 11 1 51
5 11 2 51
8 11 6 28
8 11 7 28
8 11 8 28
9 11 6 28
9 11 7 8
9 11 8 28
10 11 6 28
10 11 7 28
10 11 8 28
-4 12 -2 51
-4 12 -1 51
-4 12 0 51
-4 12 1 51
-4 12 2 51
-3 12 -3 51
-3 12 -2 8
-3 12 -1 8
-3 12 0 8
-3 12 1 8
-3 12 2 8
-3 12 3 51
-2 12 -4 51
-2 12 -3 8
-2 12 -2 8
-2 12 -1 8
-2 12 0 8
-2 12 1 8
-2 12 2 8
-2 12 3 8
-2 12 4 51
-1 12 -4 51
-1 12 -3 8
-1 12 -2 8
-1 12 -1 8
-1 12 0 8
-1 12 1 8
-1 12 2 8
-1 12 3 8
-1 12 4 51
0 12 -4 51
0 12 -3 8
0 12 -2 8
0 12 -1 8
0 12 0 8
0 12 1 8
0 12 2 8
0 12 3 8
0 12 4 51
1 12 -4 51
1 12 -3 8
1 12 -2 8
1 12 -1 8
1 12 0 8
1 12 1 8
1 12 2 8
1 12 3 8
1 12 4 51
2 12 -4 51
2 12 -3 8
2 12 -2 8
2 12 -1 8
2 12 0 8
2 12 1 8
2 12 2 8
2 12 3 8
2 12 4 51
3 12 -3 51
3 12 -2 8
3 12 -1 8
3 12 0 8
3 12 1 8
3 12 2 8
3 12 3 51
4 12 -2 51
4 12 -1 51
4 12 0 51
4 12 1 51
4 12 2 51
8 12 6 6
8 12 7 6
8 12 8 6
9 12 6 6
9 12 7 8
9 12 8 6
10 12 6 6
10 12 7 6
10 12 8 6
-3 13 -2 51
-3 13 -1 51
-3 13 0 51
-3 13 1 51
-3 13 2 51
-2 13 -3 51
-2 13 -2 51
-2 13 -1 51
-2 13 0 8
-2 13 1 51
-2 13 2 51
-2 13 3 51
-1 13 -3 51
-1 13 -2 51
-1 13 -1 8
-1 13 0 8
-1 13 1 8
-1 13 2 51
-1 13 3 51
0 13 -3 51
0 13 -2 8
0 13 -1 8
0 13 0 8
0 13 1 8
0 13 2 8
0 13 3 51
1 13 -3 51
1 13 -2 51
1 13 -1 8
1 13 0 8
1 13 1 8
1 13 2 51
1 13 3 51
2 13 -3 51
2 13 -2 51
2 13 -1 51
2 13 0 8
2 13 1 51
2 13 2 51
2 13 3 51
3 13 -2 51
3 13 -1 51
3 13 0 51
3 13 1 51
3 13 2 51
8 13 6 28
8 13 7 28
8 13 8 28
9 13 6 28
9 13 7 8
9 13 8 28
10 13 6 28
10 13 7 28
10 13 8 28
-2 14 0 51
-1 14 -1 51
-1 14 0 51
-1 14 1 51
0 14 -2 51
0 14 -1 51
0 14 0 51
0 14 1 51
0 14 2 51
1 14 -1 51
1 14 0 51
1 14 1 51
2 14 0 51
8 14 6 28
8 14 7 28
8 14 8 28
9 14 6 28
9 14 7 8
9 14 8 28
10 14 6 28
10 14 7 28
10 14 8 28
0 15 0 52
8 15 6 28
8 15 7 28
8 15 8 28
9 15 6 28
9 15 7 8
9 15 8 28
10 15 6 28
10 15 7 28
10 15 8 28
0 16 0 53
8 16 6 28
8 16 7 28
8 16 8 28
9 16 6 28
9 16 7 8
9 16 8 28
10 16 6 28
10 16 7 28
10 16 8 28
8 17 6 28
8 17 7 28
8 17 8 28
9 17 6 28
9 17 7 8
9 17 8 28
10 17 6 28
10 17 7 28
10 17 8 28
8 18 6 6
8 18 7 6
8 18 8 6
9 18 6 6
9 18 7 8
9 18 8 6
10 18 6 6
10 18 7 6
10 18 8 6
8 19 6 28
8 19 7 28
8 19 8 28
9 19 6 28
9 19 7 8
9 19 8 28
10 19 6 28
10 19 7 28
10 19 8 28
7 20 5 28
7 20 6 28
7 20 7 28
7 20 8 28
7 20 9 28
8 20 5 28
8 20 6 28
8 20 7 28
8 20 8 28
8 20 9 28
9 20 5 28
9 20 6 28
9 20 7 28
9 20 8 28
9 20 9 28
10 20 5 28
10 20 6 28
10 20 7 28
10 20 8 28
10 20 9 28
11 20 5 28
11 20 6 28
11 20 7 28
11 20 8 28
11 20 9 28
7 21 5 44
7 21 7 44
7 21 9 44
9 21 5 44
9 21 7 28
9 21 8 13
9 21 9 44
11 21 5 44
11 21 7 44
11 21 9 44
9 22 7 28
9 23 7 28
8 24 6 44
8 24 7 44
8 24 8 44
9 24 6 44
9 24 7 8
9 24 8 44
10 24 6 44
10 24 7 44
10 24 8 44
9 25 7 51
9 26 7 52
9 27 7 53
