core 0 1 6
P minecraft:sandstone_stairs[facing=east,half=bottom,shape=straight,waterlogged=false]
P minecraft:sandstone_stairs[facing=south,half=bottom,shape=straight,waterlogged=false]
P minecraft:sandstone
P minecraft:cut_sandstone
P minecraft:sandstone_stairs[facing=north,half=bottom,shape=straight,waterlogged=false]
P minecraft:sandstone_stairs[facing=west,half=bottom,shape=straight,waterlogged=false]
P minecraft:smooth_sandstone_slab[type=top,waterlogged=false]
P minecraft:crafting_table
P minecraft:chest[facing=east,type=single,waterlogged=false]
P minecraft:air
P minecraft:barrel[facing=up,open=false]
P minecraft:smoker[facing=east,lit=false]
P minecraft:decorated_pot[cracked=false,facing=north,waterlogged=false]
P minecraft:jungle_door[facing=north,half=lower,hinge=left,open=false,powered=false]
P minecraft:jungle_stairs[facing=west,half=bottom,shape=straight,waterlogged=false]
P minecraft:potted_cactus
P minecraft:furnace[facing=west,lit=false]
P minecraft:water_cauldron[level=3]
P minecraft:bookshelf
P minecraft:smooth_quartz
P minecraft:glass_pane[east=false,north=true,south=true,waterlogged=false,west=false]
P minecraft:potted_dandelion
P minecraft:jungle_trapdoor[facing=south,half=bottom,open=true,powered=false,waterlogged=false]
P minecraft:glass_pane[east=true,north=false,south=true,waterlogged=false,west=true]
P minecraft:glass_pane[east=true,north=false,south=false,waterlogged=false,west=true]
P minecraft:jungle_door[facing=north,half=upper,hinge=left,open=false,powered=false]
P minecraft:smooth_sandstone
P minecraft:potted_red_tulip
P minecraft:jungle_trapdoor[facing=west,half=bottom,open=true,powered=false,waterlogged=false]
P minecraft:stripped_jungle_log[axis=x]
P minecraft:yellow_terracotta
P minecraft:sandstone_stairs[facing=south,half=top,shape=straight,waterlogged=false]
P minecraft:glass_pane[east=false,north=false,south=false,waterlogged=false,west=false]
P minecraft:sandstone_stairs[facing=north,half=top,shape=straight,waterlogged=false]
P minecraft:sandstone_stairs[facing=east,half=top,shape=straight,waterlogged=false]
P minecraft:glass_pane[east=false,north=false,south=true,waterlogged=false,west=false]
P minecraft:sandstone_stairs[facing=west,half=top,shape=straight,waterlogged=false]
P minecraft:stripped_jungle_log[axis=z]
P minecraft:lantern[hanging=true,waterlogged=false]
P minecraft:chiseled_quartz_block
P minecraft:quartz_bricks
P minecraft:jungle_planks
P minecraft:white_wool
P minecraft:blue_wool
P minecraft:smooth_sandstone_slab[type=bottom,waterlogged=false]
P minecraft:white_bed[facing=west,occupied=false,part=head]
P minecraft:jungle_stairs[facing=east,half=bottom,shape=straight,waterlogged=false]
P minecraft:white_bed[facing=west,occupied=false,part=foot]
P minecraft:jungle_fence[east=true,north=false,south=true,waterlogged=false,west=false]
P minecraft:jungle_fence[east=true,north=false,south=true,waterlogged=false,west=true]
P minecraft:jungle_fence[east=false,north=false,south=true,waterlogged=false,west=true]
P minecraft:jungle_fence[east=false,north=false,south=false,waterlogged=false,west=false]
P minecraft:white_bed[facing=east,occupied=false,part=foot]
P minecraft:chest[facing=west,type=single,waterlogged=false]
P minecraft:white_bed[facing=east,occupied=false,part=head]
P minecraft:jungle_trapdoor[facing=east,half=bottom,open=true,powered=false,waterlogged=false]
P minecraft:lantern[hanging=false,waterlogged=false]
P minecraft:jungle_fence[east=true,north=false,south=false,waterlogged=false,west=false]
P minecraft:jungle_fence[east=true,north=false,south=false,waterlogged=false,west=true]
P minecraft:light_blue_carpet
P minecraft:jungle_fence[east=false,north=false,south=false,waterlogged=false,west=true]
P minecraft:jungle_trapdoor[facing=north,half=bottom,open=true,powered=false,waterlogged=false]
P minecraft:jungle_fence[east=true,north=true,south=false,waterlogged=false,west=false]
P minecraft:ladder[facing=north,waterlogged=false]
-5 0 -5 0
-5 0 -4 0
-5 0 -3 0
-5 0 -2 0
-5 0 -1 0
-5 0 0 0
-5 0 1 0
-5 0 2 0
-5 0 3 0
-5 0 4 0
-5 0 5 0
-4 0 -6 1
-4 0 -5 2
-4 0 -4 2
-4 0 -3 3
-4 0 -2 2
-4 0 -1 3
-4 0 0 3
-4 0 1 3
-4 0 2 2
-4 0 3 3
-4 0 4 2
-4 0 5 3
-4 0 6 4
-3 0 -6 1
-3 0 -5 2
-3 0 -4 3
-3 0 -3 3
-3 0 -2 3
-3 0 -1 3
-3 0 0 3
-3 0 1 3
-3 0 2 3
-3 0 3 3
-3 0 4 3
-3 0 5 3
-3 0 6 4
-2 0 -6 1
-2 0 -5 3
-2 0 -4 3
-2 0 -3 3
-2 0 -2 3
-2 0 -1 3
-2 0 0 3
-2 0 1 3
-2 0 2 3
-2 0 3 3
-2 0 4 3
-2 0 5 3
-2 0 6 4
-1 0 -6 1
-1 0 -5 3
-1 0 -4 3
-1 0 -3 3
-1 0 -2 3
-1 0 -1 3
-1 0 0 3
-1 0 1 3
-1 0 2 3
-1 0 3 3
-1 0 4 3
-1 0 5 2
-1 0 6 4
0 0 -6 1
0 0 -5 2
0 0 -4 3
0 0 -3 3
0 0 -2 3
0 0 -1 3
0 0 0 3
0 0 1 3
0 0 2 3
0 0 3 3
0 0 4 3
0 0 5 2
1 0 -6 1
1 0 -5 2
1 0 -4 3
1 0 -3 3
1 0 -2 3
1 0 -1 3
1 0 0 3
1 0 1 3
1 0 2 3
1 0 3 3
1 0 4 3
1 0 5 3
1 0 6 4
2 0 -6 1
2 0 -5 3
2 0 -4 3
2 0 -3 3
2 0 -2 3
2 0 -1 3
2 0 0 3
2 0 1 3
2 0 2 3
2 0 3 3
2 0 4 3
2 0 5 2
2 0 6 4
3 0 -6 1
3 0 -5 3
3 0 -4 3
3 0 -3 3
3 0 -2 3
3 0 -1 3
3 0 0 3
3 0 1 3
3 0 2 3
3 0 3 3
3 0 4 3
3 0 5 2
3 0 6 4
4 0 -6 1
4 0 -5 2
4 0 -4 2
4 0 -3 3
4 0 -2 3
4 0 -1 2
4 0 0 2
4 0 1 3
4 0 2 3
4 0 3 2
4 0 4 2
4 0 5 3
4 0 6 4
5 0 -5 5
5 0 -4 5
5 0 -3 5
5 0 -2 5
5 0 -1 5
5 0 0 5
5 0 1 5
5 0 2 5
5 0 3 5
5 0 4 5
5 0 5 5
-5 1 -2 6
-5 1 1 6
-4 1 -5 2
-4 1 -4 3
-4 1 -3 2
-4 1 -2 2
-4 1 -1 2
-4 1 0 2
-4 1 1 3
-4 1 2 3
-4 1 3 3
-4 1 4 3
-4 1 5 3
-3 1 -5 2
-3 1 -4 7
-3 1 -3 8
-3 1 -2 9
-3 1 -1 9
-3 1 0 9
-3 1 1 10
-3 1 2 9
-3 1 3 11
-3 1 4 9
-3 1 5 3
-2 1 -6 6
-2 1 -5 3
-2 1 -4 3
-2 1 -3 3
-2 1 -2 9
-2 1 -1 9
-2 1 0 9
-2 1 1 9
-2 1 2 9
-2 1 3 9
-2 1 4 9
-2 1 5 3
-2 1 6 12
-1 1 -5 3
-1 1 -4 3
-1 1 -3 3
-1 1 -2 9
-1 1 -1 9
-1 1 0 9
-1 1 1 9
-1 1 2 9
-1 1 3 9
-1 1 4 9
-1 1 5 3
0 1 -5 3
0 1 -4 3
0 1 -3 3
0 1 -2 9
0 1 -1 9
0 1 0 9
0 1 1 9
0 1 2 9
0 1 3 9
0 1 4 9
0 1 5 13
1 1 -6 6
1 1 -5 3
1 1 -4 14
1 1 -3 14
1 1 -2 9
1 1 -1 9
1 1 0 9
1 1 1 9
1 1 2 9
1 1 3 9
1 1 4 9
1 1 5 3
2 1 -5 2
2 1 -4 9
2 1 -3 9
2 1 -2 9
2 1 -1 9
2 1 0 9
2 1 1 9
2 1 2 9
2 1 3 9
2 1 4 9
2 1 5 3
2 1 6 15
3 1 -5 3
3 1 -4 9
3 1 -3 9
3 1 -2 10
3 1 -1 16
3 1 0 17
3 1 1 9
3 1 2 9
3 1 3 18
3 1 4 9
3 1 5 2
4 1 -5 3
4 1 -4 3
4 1 -3 3
4 1 -2 2
4 1 -1 3
4 1 0 3
4 1 1 3
4 1 2 3
4 1 3 2
4 1 4 3
4 1 5 3
5 1 -2 6
5 1 1 6
-4 2 -5 19
-4 2 -4 19
-4 2 -3 19
-4 2 -2 20
-4 2 -1 19
-4 2 0 19
-4 2 1 20
-4 2 2 19
-4 2 3 19
-4 2 4 19
-4 2 5 19
-3 2 -5 19
-3 2 -4 9
-3 2 -3 9
-3 2 -2 9
-3 2 -1 9
-3 2 0 9
-3 2 1 21
-3 2 2 9
-3 2 3 9
-3 2 4 9
-3 2 5 19
-2 2 -6 22
-2 2 -5 23
-2 2 -4 3
-2 2 -3 3
-2 2 -2 9
-2 2 -1 9
-2 2 0 9
-2 2 1 9
-2 2 2 9
-2 2 3 9
-2 2 4 9
-2 2 5 24
-1 2 -5 19
-1 2 -4 3
-1 2 -3 3
-1 2 -2 9
-1 2 -1 9
-1 2 0 9
-1 2 1 9
-1 2 2 9
-1 2 3 9
-1 2 4 9
-1 2 5 19
0 2 -5 19
0 2 -4 14
0 2 -3 14
0 2 -2 9
0 2 -1 9
0 2 0 9
0 2 1 9
0 2 2 9
0 2 3 9
0 2 4 9
0 2 5 25
1 2 -5 24
1 2 -4 9
1 2 -3 9
1 2 -2 9
1 2 -1 9
1 2 0 9
1 2 1 9
1 2 2 9
1 2 3 9
1 2 4 9
1 2 5 19
2 2 -5 26
2 2 -4 9
2 2 -3 9
2 2 -2 9
2 2 -1 9
2 2 0 9
2 2 1 9
2 2 2 9
2 2 3 9
2 2 4 9
2 2 5 19
3 2 -5 19
3 2 -4 9
3 2 -3 9
3 2 -2 9
3 2 -1 9
3 2 0 9
3 2 1 9
3 2 2 9
3 2 3 27
3 2 4 9
3 2 5 19
4 2 -5 19
4 2 -4 19
4 2 -3 19
4 2 -2 20
4 2 -1 26
4 2 0 19
4 2 1 20
4 2 2 19
4 2 3 19
4 2 4 19
4 2 5 19
5 2 -2 28
5 2 1 28
-5 3 -4 29
-5 3 0 29
-5 3 4 29
-4 3 -5 30
-4 3 -4 30
-4 3 -3 31
-4 3 -2 32
-4 3 -1 33
-4 3 0 31
-4 3 1 32
-4 3 2 33
-4 3 3 30
-4 3 4 30
-4 3 5 30
-3 3 -5 34
-3 3 -4 9
-3 3 -3 9
-3 3 -2 9
-3 3 -1 9
-3 3 0 9
-3 3 1 9
-3 3 2 9
-3 3 3 9
-3 3 4 9
-3 3 5 34
-2 3 -6 22
-2 3 -5 35
-2 3 -4 3
-2 3 -3 3
-2 3 -2 9
-2 3 -1 9
-2 3 0 9
-2 3 1 9
-2 3 2 9
-2 3 3 9
-2 3 4 9
-2 3 5 32
-1 3 -5 36
-1 3 -4 14
-1 3 -3 14
-1 3 -2 9
-1 3 -1 9
-1 3 0 9
-1 3 1 9
-1 3 2 9
-1 3 3 9
-1 3 4 9
-1 3 5 34
0 3 -6 37
0 3 -5 34
0 3 -4 9
0 3 -3 9
0 3 -2 9
0 3 -1 9
0 3 0 38
0 3 1 9
0 3 2 9
0 3 3 9
0 3 4 9
0 3 5 39
0 3 6 37
1 3 -5 32
1 3 -4 9
1 3 -3 9
1 3 -2 9
1 3 -1 9
1 3 0 9
1 3 1 9
1 3 2 9
1 3 3 9
1 3 4 9
1 3 5 36
1 3 6 38
2 3 -5 36
2 3 -4 9
2 3 -3 9
2 3 -2 9
2 3 -1 9
2 3 0 9
2 3 1 9
2 3 2 9
2 3 3 9
2 3 4 9
2 3 5 30
3 3 -5 30
3 3 -4 9
3 3 -3 9
3 3 -2 9
3 3 -1 9
3 3 0 9
3 3 1 9
3 3 2 9
3 3 3 9
3 3 4 9
3 3 5 30
4 3 -5 30
4 3 -4 30
4 3 -3 31
4 3 -2 32
4 3 -1 33
4 3 0 31
4 3 1 32
4 3 2 33
4 3 3 30
4 3 4 30
4 3 5 30
5 3 -4 29
5 3 -2 28
5 3 0 29
5 3 1 28
5 3 4 29
-4 4 -5 40
-4 4 -4 40
-4 4 -3 40
-4 4 -2 40
-4 4 -1 40
-4 4 0 40
-4 4 1 40
-4 4 2 40
-4 4 3 40
-4 4 4 40
-4 4 5 40
-3 4 -5 40
-3 4 -4 41
-3 4 -3 41
-3 4 -2 41
-3 4 -1 41
-3 4 0 41
-3 4 1 41
-3 4 2 41
-3 4 3 40
-3 4 4 3
-3 4 5 40
-2 4 -5 40
-2 4 -4 14
-2 4 -3 14
-2 4 -2 41
-2 4 -1 41
-2 4 0 41
-2 4 1 41
-2 4 2 41
-2 4 3 40
-2 4 4 3
-2 4 5 40
-1 4 -5 40
-1 4 -4 9
-1 4 -3 9
-1 4 -2 41
-1 4 -1 41
-1 4 0 41
-1 4 1 41
-1 4 2 41
-1 4 3 40
-1 4 4 3
-1 4 5 40
-1 4 6 42
0 4 -5 40
0 4 -4 9
0 4 -3 9
0 4 -2 41
0 4 -1 41
0 4 0 41
0 4 1 41
0 4 2 41
0 4 3 40
0 4 4 3
0 4 5 40
0 4 6 43
1 4 -5 40
1 4 -4 9
1 4 -3 9
1 4 -2 41
1 4 -1 41
1 4 0 41
1 4 1 41
1 4 2 41
1 4 3 40
1 4 4 3
1 4 5 40
1 4 6 42
2 4 -5 40
2 4 -4 41
2 4 -3 41
2 4 -2 41
2 4 -1 41
2 4 0 41
2 4 1 41
2 4 2 41
2 4 3 40
2 4 4 3
2 4 5 40
3 4 -5 40
3 4 -4 41
3 4 -3 41
3 4 -2 41
3 4 -1 41
3 4 0 41
3 4 1 41
3 4 2 41
3 4 3 40
3 4 4 3
3 4 5 40
4 4 -5 40
4 4 -4 40
4 4 -3 40
4 4 -2 40
4 4 -1 40
4 4 0 40
4 4 1 40
4 4 2 40
4 4 3 40
4 4 4 40
4 4 5 40
-5 5 -2 6
-5 5 1 6
-4 5 -5 26
-4 5 -4 19
-4 5 -3 26
-4 5 -2 26
-4 5 -1 26
-4 5 0 19
-4 5 1 19
-4 5 2 19
-4 5 3 19
-4 5 4 26
-4 5 5 44
-3 5 -5 19
-3 5 -4 9
-3 5 -3 9
-3 5 -2 9
-3 5 -1 9
-3 5 0 9
-3 5 1 10
-3 5 2 45
-3 5 3 19
-3 5 5 19
-2 5 -6 6
-2 5 -5 19
-2 5 -4 9
-2 5 -3 9
-2 5 -2 9
-2 5 -1 46
-2 5 0 46
-2 5 1 9
-2 5 2 47
-2 5 3 26
-2 5 4 6
-2 5 5 44
-1 5 -5 19
-1 5 -4 9
-1 5 -3 9
-1 5 -2 48
-1 5 -1 3
-1 5 0 3
-1 5 1 9
-1 5 2 9
-1 5 3 19
-1 5 5 19
0 5 -5 26
0 5 -4 9
0 5 -3 9
0 5 -2 49
0 5 -1 3
0 5 0 3
0 5 1 9
0 5 2 18
0 5 3 19
0 5 5 44
1 5 -6 6
1 5 -5 26
1 5 -4 9
1 5 -3 9
1 5 -2 50
1 5 -1 3
1 5 0 3
1 5 1 9
1 5 2 9
1 5 3 19
1 5 4 6
1 5 5 19
2 5 -5 19
2 5 -4 9
2 5 -3 51
2 5 -2 9
2 5 -1 9
2 5 0 9
2 5 1 9
2 5 2 52
2 5 3 26
2 5 5 44
3 5 -5 19
3 5 -4 9
3 5 -3 9
3 5 -2 9
3 5 -1 53
3 5 0 10
3 5 1 9
3 5 2 54
3 5 3 26
3 5 5 19
4 5 -5 19
4 5 -4 19
4 5 -3 19
4 5 -2 19
4 5 -1 19
4 5 0 26
4 5 1 19
4 5 2 19
4 5 3 26
4 5 4 19
4 5 5 44
5 5 -2 6
5 5 1 6
-5 6 -2 55
-4 6 -5 19
-4 6 -4 19
-4 6 -3 19
-4 6 -2 20
-4 6 -1 19
-4 6 0 19
-4 6 1 20
-4 6 2 19
-4 6 3 19
-3 6 -5 26
-3 6 -4 9
-3 6 -3 9
-3 6 -2 9
-3 6 -1 9
-3 6 0 9
-3 6 1 56
-3 6 2 9
-3 6 3 26
-2 6 -6 22
-2 6 -5 24
-2 6 -4 9
-2 6 -3 9
-2 6 -2 9
-2 6 -1 9
-2 6 0 9
-2 6 1 9
-2 6 2 9
-2 6 3 24
-1 6 -5 19
-1 6 -4 9
-1 6 -3 9
-1 6 -2 9
-1 6 -1 46
-1 6 0 46
-1 6 1 9
-1 6 2 9
-1 6 3 19
0 6 -5 19
0 6 -4 9
0 6 -3 9
0 6 -2 9
0 6 -1 3
0 6 0 3
0 6 1 9
0 6 2 9
0 6 3 26
1 6 -5 24
1 6 -4 9
1 6 -3 9
1 6 -2 9
1 6 -1 3
1 6 0 3
1 6 1 9
1 6 2 9
1 6 3 24
2 6 -5 19
2 6 -4 9
2 6 -3 9
2 6 -2 9
2 6 -1 9
2 6 0 9
2 6 1 9
2 6 2 9
2 6 3 19
3 6 -5 26
3 6 -4 9
3 6 -3 9
3 6 -2 9
3 6 -1 9
3 6 0 9
3 6 1 9
3 6 2 9
3 6 3 26
4 6 -5 19
4 6 -4 19
4 6 -3 26
4 6 -2 20
4 6 -1 19
4 6 0 19
4 6 1 20
4 6 2 19
4 6 3 19
5 6 -2 28
-5 7 -4 29
-5 7 -2 55
-5 7 0 29
-4 7 -5 30
-4 7 -4 30
-4 7 -3 31
-4 7 -2 32
-4 7 -1 33
-4 7 0 31
-4 7 1 32
-4 7 2 33
-4 7 3 30
-3 7 -5 34
-3 7 -4 9
-3 7 -3 9
-3 7 -2 9
-3 7 -1 9
-3 7 0 9
-3 7 1 9
-3 7 2 9
-3 7 3 34
-2 7 -6 22
-2 7 -5 32
-2 7 -4 9
-2 7 -3 9
-2 7 -2 9
-2 7 -1 9
-2 7 0 9
-2 7 1 9
-2 7 2 9
-2 7 3 32
-1 7 -5 36
-1 7 -4 9
-1 7 -3 9
-1 7 -2 9
-1 7 -1 9
-1 7 0 9
-1 7 1 9
-1 7 2 9
-1 7 3 36
0 7 -6 37
0 7 -5 34
0 7 -4 9
0 7 -3 9
0 7 -2 9
0 7 -1 46
0 7 0 46
0 7 1 9
0 7 2 9
0 7 3 34
0 7 4 37
1 7 -5 32
1 7 -4 9
1 7 -3 9
1 7 -2 9
1 7 -1 3
1 7 0 3
1 7 1 9
1 7 2 9
1 7 3 32
2 7 -5 36
2 7 -4 9
2 7 -3 9
2 7 -2 9
2 7 -1 9
2 7 0 9
2 7 1 9
2 7 2 9
2 7 3 36
3 7 -5 30
3 7 -4 9
3 7 -3 9
3 7 -2 9
3 7 -1 9
3 7 0 9
3 7 1 9
3 7 2 9
3 7 3 30
4 7 -5 30
4 7 -4 30
4 7 -3 31
4 7 -2 32
4 7 -1 33
4 7 0 31
4 7 1 32
4 7 2 33
4 7 3 30
5 7 -4 29
5 7 -2 28
5 7 0 29
-4 8 -5 40
-4 8 -4 40
-4 8 -3 40
-4 8 -2 40
-4 8 -1 40
-4 8 0 40
-4 8 1 40
-4 8 2 40
-4 8 3 40
-3 8 -5 40
-3 8 -4 41
-3 8 -3 41
-3 8 -2 41
-3 8 -1 41
-3 8 0 41
-3 8 1 40
-3 8 2 3
-3 8 3 40
-2 8 -5 40
-2 8 -4 41
-2 8 -3 41
-2 8 -2 41
-2 8 -1 9
-2 8 0 9
-2 8 1 40
-2 8 2 3
-2 8 3 40
-1 8 -5 40
-1 8 -4 41
-1 8 -3 41
-1 8 -2 41
-1 8 -1 9
-1 8 0 9
-1 8 1 40
-1 8 2 3
-1 8 3 40
0 8 -5 40
0 8 -4 41
0 8 -3 41
0 8 -2 41
0 8 -1 9
0 8 0 9
0 8 1 40
0 8 2 3
0 8 3 40
1 8 -5 40
1 8 -4 41
1 8 -3 41
1 8 -2 41
1 8 -1 46
1 8 0 46
1 8 1 40
1 8 2 3
1 8 3 40
2 8 -5 40
2 8 -4 41
2 8 -3 41
2 8 -2 41
2 8 -1 41
2 8 0 41
2 8 1 40
2 8 2 3
2 8 3 40
3 8 -5 40
3 8 -4 41
3 8 -3 41
3 8 -2 41
3 8 -1 41
3 8 0 41
3 8 1 40
3 8 2 3
3 8 3 40
4 8 -5 40
4 8 -4 40
4 8 -3 40
4 8 -2 40
4 8 -1 40
4 8 0 40
4 8 1 40
4 8 2 40
4 8 3 40
-5 9 -2 6
-4 9 -5 19
-4 9 -4 19
-4 9 -3 19
-4 9 -2 19
-4 9 -1 19
-4 9 0 26
-4 9 1 19
-4 9 2 19
-4 9 3 44
-3 9 -5 19
-3 9 -4 10
-3 9 -3 45
-3 9 -2 9
-3 9 -1 9
-3 9 0 50
-3 9 1 19
-3 9 3 19
-2 9 -6 6
-2 9 -5 19
-2 9 -4 3
-2 9 -3 47
-2 9 -2 57
-2 9 -1 9
-2 9 0 9
-2 9 1 19
-2 9 2 6
-2 9 3 44
-1 9 -5 19
-1 9 -4 3
-1 9 -3 9
-1 9 -2 58
-1 9 -1 9
-1 9 0 9
-1 9 1 19
-1 9 3 19
0 9 -5 26
0 9 -4 3
0 9 -3 59
0 9 -2 60
0 9 -1 9
0 9 0 9
0 9 1 19
0 9 3 44
1 9 -6 6
1 9 -5 26
1 9 -4 14
1 9 -3 59
1 9 -2 59
1 9 -1 9
1 9 0 9
1 9 1 19
1 9 2 6
1 9 3 19
2 9 -5 19
2 9 -4 9
2 9 -3 9
2 9 -2 9
2 9 -1 9
2 9 0 9
2 9 1 19
2 9 3 44
3 9 -5 19
3 9 -4 10
3 9 -3 53
3 9 -2 9
3 9 -1 9
3 9 0 9
3 9 1 19
3 9 3 19
4 9 -5 26
4 9 -4 26
4 9 -3 19
4 9 -2 19
4 9 -1 19
4 9 0 19
4 9 1 19
4 9 2 19
4 9 3 44
5 9 -2 6
-4 10 -5 26
-4 10 -4 19
-4 10 -3 19
-4 10 -2 20
-4 10 -1 19
-4 10 0 19
-4 10 1 19
-3 10 -5 19
-3 10 -4 56
-3 10 -3 9
-3 10 -2 9
-3 10 -1 9
-3 10 0 9
-3 10 1 19
-2 10 -5 23
-2 10 -4 3
-2 10 -3 9
-2 10 -2 9
-2 10 -1 9
-2 10 0 9
-2 10 1 24
-1 10 -5 19
-1 10 -4 3
-1 10 -3 9
-1 10 -2 9
-1 10 -1 9
-1 10 0 9
-1 10 1 19
0 10 -5 26
0 10 -4 14
0 10 -3 9
0 10 -2 9
0 10 -1 9
0 10 0 9
0 10 1 26
1 10 -5 24
1 10 -4 9
1 10 -3 9
1 10 -2 9
1 10 -1 9
1 10 0 9
1 10 1 24
1 10 2 61
2 10 -5 19
2 10 -4 9
2 10 -3 9
2 10 -2 9
2 10 -1 9
2 10 0 9
2 10 1 19
3 10 -5 19
3 10 -4 9
3 10 -3 9
3 10 -2 9
3 10 -1 9
3 10 0 9
3 10 1 26
4 10 -5 19
4 10 -4 19
4 10 -3 19
4 10 -2 20
4 10 -1 26
4 10 0 19
4 10 1 26
5 10 -2 28
-5 11 -4 29
-5 11 0 29
-4 11 -5 30
-4 11 -4 30
-4 11 -3 31
-4 11 -2 32
-4 11 -1 33
-4 11 0 30
-4 11 1 30
-3 11 -5 34
-3 11 -4 9
-3 11 -3 9
-3 11 -2 9
-3 11 -1 9
-3 11 0 9
-3 11 1 34
-2 11 -5 35
-2 11 -4 3
-2 11 -3 9
-2 11 -2 9
-2 11 -1 9
-2 11 0 9
-2 11 1 32
-1 11 -5 36
-1 11 -4 14
-1 11 -3 9
-1 11 -2 9
-1 11 -1 9
-1 11 0 9
-1 11 1 36
0 11 -6 37
0 11 -5 34
0 11 -4 9
0 11 -3 9
0 11 -2 38
0 11 -1 9
0 11 0 9
0 11 1 34
0 11 2 37
1 11 -5 32
1 11 -4 9
1 11 -3 9
1 11 -2 9
1 11 -1 9
1 11 0 9
1 11 1 32
1 11 2 61
2 11 -5 36
2 11 -4 9
2 11 -3 9
2 11 -2 9
2 11 -1 9
2 11 0 9
2 11 1 36
3 11 -5 30
3 11 -4 9
3 11 -3 9
3 11 -2 9
3 11 -1 9
3 11 0 9
3 11 1 30
4 11 -5 30
4 11 -4 30
4 11 -3 31
4 11 -2 32
4 11 -1 33
4 11 0 30
4 11 1 30
5 11 -4 29
5 11 -2 28
5 11 0 29
-4 12 -5 40
-4 12 -4 40
-4 12 -3 40
-4 12 -2 40
-4 12 -1 40
-4 12 0 40
-4 12 1 40
-3 12 -5 40
-3 12 -4 41
-3 12 -3 41
-3 12 -2 41
-3 12 -1 40
-3 12 0 3
-3 12 1 40
-2 12 -5 40
-2 12 -4 14
-2 12 -3 41
-2 12 -2 41
-2 12 -1 40
-2 12 0 3
-2 12 1 40
-1 12 -5 40
-1 12 -4 9
-1 12 -3 41
-1 12 -2 41
-1 12 -1 40
-1 12 0 3
-1 12 1 40
0 12 -5 40
0 12 -4 9
0 12 -3 41
0 12 -2 41
0 12 -1 40
0 12 0 3
0 12 1 40
1 12 -5 40
1 12 -4 9
1 12 -3 41
1 12 -2 41
1 12 -1 40
1 12 0 3
1 12 1 40
2 12 -5 40
2 12 -4 41
2 12 -3 41
2 12 -2 41
2 12 -1 40
2 12 0 3
2 12 1 40
3 12 -5 40
3 12 -4 41
3 12 -3 41
3 12 -2 41
3 12 -1 40
3 12 0 3
3 12 1 40
4 12 -5 40
4 12 -4 40
4 12 -3 40
4 12 -2 40
4 12 -1 40
4 12 0 40
4 12 1 40
-4 13 -5 19
-4 13 -4 19
-4 13 -3 19
-4 13 -2 26
-4 13 -1 19
-4 13 0 19
-4 13 1 44
-3 13 -5 19
-3 13 -4 9
-3 13 -3 10
-3 13 -2 45
-3 13 -1 19
-3 13 1 26
-2 13 -6 6
-2 13 -5 19
-2 13 -4 9
-2 13 -3 9
-2 13 -2 47
-2 13 -1 19
-2 13 0 6
-2 13 1 44
-1 13 -5 19
-1 13 -4 9
-1 13 -3 51
-1 13 -2 9
-1 13 -1 26
-1 13 1 26
0 13 -5 19
0 13 -4 9
0 13 -3 9
0 13 -2 59
0 13 -1 26
0 13 1 44
1 13 -6 6
1 13 -5 19
1 13 -4 59
1 13 -3 51
1 13 -2 59
1 13 -1 19
1 13 0 6
1 13 1 19
2 13 -5 19
2 13 -4 62
2 13 -3 9
2 13 -2 9
2 13 -1 19
2 13 1 44
3 13 -5 19
3 13 -4 53
3 13 -3 9
3 13 -2 63
3 13 -1 19
3 13 1 19
4 13 -5 19
4 13 -4 19
4 13 -3 19
4 13 -2 19
4 13 -1 19
4 13 0 19
4 13 1 44
-4 14 -5 19
-4 14 -4 26
-4 14 -3 26
-4 14 -2 26
-4 14 -1 19
-3 14 -5 19
-3 14 -4 9
-3 14 -3 56
-3 14 -2 9
-3 14 -1 19
-2 14 -5 24
-2 14 -4 9
-2 14 -3 9
-2 14 -2 9
-2 14 -1 24
-1 14 -5 26
-1 14 -4 9
-1 14 -3 9
-1 14 -2 9
-1 14 -1 19
0 14 -5 19
0 14 -4 9
0 14 -3 9
0 14 -2 9
0 14 -1 19
1 14 -6 22
1 14 -5 24
1 14 -4 9
1 14 -3 9
1 14 -2 9
1 14 -1 24
2 14 -5 19
2 14 -4 9
2 14 -3 9
2 14 -2 9
2 14 -1 26
3 14 -5 26
3 14 -4 9
3 14 -3 9
3 14 -2 63
3 14 -1 19
4 14 -5 26
4 14 -4 19
4 14 -3 26
4 14 -2 26
4 14 -1 26
-5 15 -4 29
-4 15 -5 30
-4 15 -4 30
-4 15 -3 30
-4 15 -2 30
-4 15 -1 30
-3 15 -5 34
-3 15 -4 9
-3 15 -3 9
-3 15 -2 9
-3 15 -1 34
-2 15 -5 32
-2 15 -4 9
-2 15 -3 9
-2 15 -2 9
-2 15 -1 32
-1 15 -5 36
-1 15 -4 9
-1 15 -3 9
-1 15 -2 9
-1 15 -1 36
0 15 -6 37
0 15 -5 34
0 15 -4 9
0 15 -3 38
0 15 -2 9
0 15 -1 34
0 15 0 37
1 15 -6 22
1 15 -5 32
1 15 -4 9
1 15 -3 9
1 15 -2 9
1 15 -1 32
2 15 -5 36
2 15 -4 9
2 15 -3 9
2 15 -2 9
2 15 -1 36
3 15 -5 30
3 15 -4 9
3 15 -3 9
3 15 -2 63
3 15 -1 30
4 15 -5 30
4 15 -4 30
4 15 -3 30
4 15 -2 30
4 15 -1 30
5 15 -4 29
-4 16 -5 40
-4 16 -4 40
-4 16 -3 40
-4 16 -2 40
-4 16 -1 40
-3 16 -5 40
-3 16 -4 3
-3 16 -3 3
-3 16 -2 3
-3 16 -1 40
-2 16 -5 40
-2 16 -4 3
-2 16 -3 3
-2 16 -2 3
-2 16 -1 40
-1 16 -5 40
-1 16 -4 3
-1 16 -3 3
-1 16 -2 3
-1 16 -1 40
0 16 -5 40
0 16 -4 3
0 16 -3 3
0 16 -2 3
0 16 -1 40
1 16 -5 40
1 16 -4 3
1 16 -3 3
1 16 -2 3
1 16 -1 40
2 16 -5 40
2 16 -4 3
2 16 -3 3
2 16 -2 3
2 16 -1 40
3 16 -5 40
3 16 -4 3
3 16 -3 3
3 16 -2 63
3 16 -1 40
4 16 -5 40
4 16 -4 40
4 16 -3 40
4 16 -2 40
4 16 -1 40
-4 17 -5 44
-4 17 -4 19
-4 17 -3 44
-4 17 -2 19
-4 17 -1 44
-3 17 -5 26
-3 17 -1 19
-2 17 -5 44
-2 17 -4 51
-2 17 -2 51
-2 17 -1 44
-1 17 -5 19
-1 17 -3 46
-1 17 -1 19
0 17 -5 44
0 17 -3 12
0 17 -1 44
1 17 -5 19
1 17 -3 14
1 17 -1 19
2 17 -5 44
2 17 -4 51
2 17 -2 51
2 17 -1 44
3 17 -5 19
3 17 -1 19
4 17 -5 44
4 17 -4 19
4 17 -3 44
4 17 -2 26
4 17 -1 44
-2 18 -4 51
-2 18 -2 51
2 18 -4 51
2 18 -2 51
-2 19 -4 51
-2 19 -2 51
2 19 -4 51
2 19 -2 51
-2 20 -4 43
-2 20 -3 42
-2 20 -2 43
-1 20 -4 42
-1 20 -3 43
-1 20 -2 42
0 20 -4 43
0 20 -3 42
0 20 -2 43
1 20 -4 42
1 20 -3 43
1 20 -2 42
2 20 -4 43
2 20 -3 42
2 20 -2 43
