core 0 1 9
P minecraft:sandstone_stairs[facing=east,half=bottom,shape=straight,waterlogged=false]
P minecraft:sandstone_stairs[facing=south,half=bottom,shape=straight,waterlogged=false]
P minecraft:cut_sandstone
P minecraft:sandstone
P minecraft:sandstone_stairs[facing=north,half=bottom,shape=straight,waterlogged=false]
P minecraft:sandstone_stairs[facing=west,half=bottom,shape=straight,waterlogged=false]
P minecraft:smooth_sandstone_slab[type=top,waterlogged=false]
P minecraft:bookshelf
P minecraft:air
P minecraft:jungle_stairs[facing=north,half=bottom,shape=straight,waterlogged=false]
P minecraft:jungle_slab[type=top,waterlogged=false]
P minecraft:decorated_pot[cracked=false,facing=north,waterlogged=false]
P minecraft:jungle_planks
P minecraft:jungle_door[facing=north,half=lower,hinge=left,open=false,powered=false]
P minecraft:potted_cactus
P minecraft:lectern[facing=west,has_book=false,powered=false]
P minecraft:jungle_trapdoor[facing=east,half=bottom,open=true,powered=false,waterlogged=false]
P minecraft:smooth_sandstone
P minecraft:smooth_quartz
P minecraft:glass_pane[east=false,north=true,south=true,waterlogged=false,west=false]
P minecraft:glass_pane[east=true,north=false,south=false,waterlogged=false,west=true]
P minecraft:candle[candles=3,lit=true,waterlogged=false]
P minecraft:jungle_trapdoor[facing=south,half=bottom,open=true,powered=false,waterlogged=false]
P minecraft:jungle_door[facing=north,half=upper,hinge=left,open=false,powered=false]
P minecraft:sandstone_stairs[facing=south,half=top,shape=straight,waterlogged=false]
P minecraft:glass_pane[east=false,north=false,south=false,waterlogged=false,west=false]
P minecraft:sandstone_stairs[facing=north,half=top,shape=straight,waterlogged=false]
P minecraft:lantern[hanging=true,waterlogged=false]
P minecraft:sandstone_stairs[facing=east,half=top,shape=straight,waterlogged=false]
P minecraft:sandstone_stairs[facing=west,half=top,shape=straight,waterlogged=false]
P minecraft:chiseled_quartz_block
P minecraft:white_wool
P minecraft:blue_wool
P minecraft:jungle_fence[east=false,north=false,south=true,waterlogged=false,west=false]
P minecraft:jungle_fence[east=false,north=true,south=true,waterlogged=false,west=false]
P minecraft:jungle_fence[east=true,north=false,south=false,waterlogged=false,west=false]
P minecraft:jungle_fence[east=false,north=false,south=false,waterlogged=false,west=true]
P minecraft:jungle_fence[east=true,north=true,south=false,waterlogged=false,west=false]
P minecraft:chain[axis=y,waterlogged=false]
P minecraft:stripped_jungle_log[axis=x]
P minecraft:yellow_terracotta
P minecraft:stripped_jungle_log[axis=z]
P minecraft:quartz_bricks
P minecraft:smooth_sandstone_slab[type=bottom,waterlogged=false]
P minecraft:oxidized_cut_copper
P minecraft:gold_block
P minecraft:lightning_rod[facing=up,powered=false,waterlogged=false]
-9 0 -8 0
-9 0 -7 0
-9 0 -6 0
-9 0 -5 0
-9 0 -4 0
-9 0 -3 0
-9 0 -2 0
-9 0 -1 0
-9 0 0 0
-9 0 1 0
-9 0 2 0
-9 0 3 0
-9 0 4 0
-9 0 5 0
-9 0 6 0
-9 0 7 0
-9 0 8 0
-8 0 -9 1
-8 0 -8 2
-8 0 -7 2
-8 0 -6 3
-8 0 -5 2
-8 0 -4 2
-8 0 -3 3
-8 0 -2 2
-8 0 -1 2
-8 0 0 2
-8 0 1 2
-8 0 2 2
-8 0 3 2
-8 0 4 2
-8 0 5 2
-8 0 6 3
-8 0 7 3
-8 0 8 3
-8 0 9 4
-7 0 -9 1
-7 0 -8 2
-7 0 -7 2
-7 0 -6 2
-7 0 -5 2
-7 0 -4 2
-7 0 -3 2
-7 0 -2 2
-7 0 -1 2
-7 0 0 2
-7 0 1 2
-7 0 2 2
-7 0 3 2
-7 0 4 2
-7 0 5 2
-7 0 6 2
-7 0 7 2
-7 0 8 2
-7 0 9 4
-6 0 -9 1
-6 0 -8 2
-6 0 -7 2
-6 0 -6 2
-6 0 -5 2
-6 0 -4 2
-6 0 -3 2
-6 0 -2 2
-6 0 -1 2
-6 0 0 2
-6 0 1 2
-6 0 2 2
-6 0 3 2
-6 0 4 2
-6 0 5 2
-6 0 6 2
-6 0 7 2
-6 0 8 2
-6 0 9 4
-5 0 -9 1
-5 0 -8 2
-5 0 -7 2
-5 0 -6 2
-5 0 -5 2
-5 0 -4 2
-5 0 -3 2
-5 0 -2 2
-5 0 -1 2
-5 0 0 2
-5 0 1 2
-5 0 2 2
-5 0 3 2
-5 0 4 2
-5 0 5 2
-5 0 6 2
-5 0 7 2
-5 0 8 2
-5 0 9 4
-4 0 -9 1
-4 0 -8 2
-4 0 -7 2
-4 0 -6 2
-4 0 -5 2
-4 0 -4 2
-4 0 -3 2
-4 0 -2 2
-4 0 -1 2
-4 0 0 2
-4 0 1 2
-4 0 2 2
-4 0 3 2
-4 0 4 2
-4 0 5 2
-4 0 6 2
-4 0 7 2
-4 0 8 3
-4 0 9 4
-3 0 -9 1
-3 0 -8 2
-3 0 -7 2
-3 0 -6 2
-3 0 -5 2
-3 0 -4 2
-3 0 -3 2
-3 0 -2 2
-3 0 -1 2
-3 0 0 2
-3 0 1 2
-3 0 2 2
-3 0 3 2
-3 0 4 2
-3 0 5 2
-3 0 6 2
-3 0 7 2
-3 0 8 3
-3 0 9 4
-2 0 -9 1
-2 0 -8 2
-2 0 -7 2
-2 0 -6 2
-2 0 -5 2
-2 0 -4 2
-2 0 -3 2
-2 0 -2 2
-2 0 -1 2
-2 0 0 2
-2 0 1 2
-2 0 2 2
-2 0 3 2
-2 0 4 2
-2 0 5 2
-2 0 6 2
-2 0 7 2
-2 0 8 2
-2 0 9 4
-1 0 -9 1
-1 0 -8 2
-1 0 -7 2
-1 0 -6 2
-1 0 -5 2
-1 0 -4 2
-1 0 -3 2
-1 0 -2 2
-1 0 -1 2
-1 0 0 2
-1 0 1 2
-1 0 2 2
-1 0 3 2
-1 0 4 2
-1 0 5 2
-1 0 6 2
-1 0 7 2
-1 0 8 2
-1 0 9 4
0 0 -9 1
0 0 -8 2
0 0 -7 2
0 0 -6 2
0 0 -5 2
0 0 -4 2
0 0 -3 2
0 0 -2 2
0 0 -1 2
0 0 0 2
0 0 1 2
0 0 2 2
0 0 3 2
0 0 4 2
0 0 5 2
0 0 6 2
0 0 7 2
0 0 8 2
1 0 -9 1
1 0 -8 3
1 0 -7 2
1 0 -6 2
1 0 -5 2
1 0 -4 2
1 0 -3 2
1 0 -2 2
1 0 -1 2
1 0 0 2
1 0 1 2
1 0 2 2
1 0 3 2
1 0 4 2
1 0 5 2
1 0 6 2
1 0 7 2
1 0 8 2
1 0 9 4
2 0 -9 1
2 0 -8 2
2 0 -7 2
2 0 -6 2
2 0 -5 2
2 0 -4 2
2 0 -3 2
2 0 -2 2
2 0 -1 2
2 0 0 2
2 0 1 2
2 0 2 2
2 0 3 2
2 0 4 2
2 0 5 2
2 0 6 2
2 0 7 2
2 0 8 2
2 0 9 4
3 0 -9 1
3 0 -8 2
3 0 -7 2
3 0 -6 2
3 0 -5 2
3 0 -4 2
3 0 -3 2
3 0 -2 2
3 0 -1 2
3 0 0 2
3 0 1 2
3 0 2 2
3 0 3 2
3 0 4 2
3 0 5 2
3 0 6 2
3 0 7 2
3 0 8 3
3 0 9 4
4 0 -9 1
4 0 -8 3
4 0 -7 2
4 0 -6 2
4 0 -5 2
4 0 -4 2
4 0 -3 2
4 0 -2 2
4 0 -1 2
4 0 0 2
4 0 1 2
4 0 2 2
4 0 3 2
4 0 4 2
4 0 5 2
4 0 6 2
4 0 7 2
4 0 8 2
4 0 9 4
5 0 -9 1
5 0 -8 2
5 0 -7 2
5 0 -6 2
5 0 -5 2
5 0 -4 2
5 0 -3 2
5 0 -2 2
5 0 -1 2
5 0 0 2
5 0 1 2
5 0 2 2
5 0 3 2
5 0 4 2
5 0 5 2
5 0 6 2
5 0 7 2
5 0 8 3
5 0 9 4
6 0 -9 1
6 0 -8 3
6 0 -7 2
6 0 -6 2
6 0 -5 2
6 0 -4 2
6 0 -3 2
6 0 -2 2
6 0 -1 2
6 0 0 2
6 0 1 2
6 0 2 2
6 0 3 2
6 0 4 2
6 0 5 2
6 0 6 2
6 0 7 2
6 0 8 3
6 0 9 4
7 0 -9 1
7 0 -8 2
7 0 -7 2
7 0 -6 2
7 0 -5 2
7 0 -4 2
7 0 -3 2
7 0 -2 2
7 0 -1 2
7 0 0 2
7 0 1 2
7 0 2 2
7 0 3 2
7 0 4 2
7 0 5 2
7 0 6 2
7 0 7 2
7 0 8 2
7 0 9 4
8 0 -9 1
8 0 -8 3
8 0 -7 2
8 0 -6 2
8 0 -5 3
8 0 -4 2
8 0 -3 3
8 0 -2 3
8 0 -1 2
8 0 0 3
8 0 1 3
8 0 2 2
8 0 3 2
8 0 4 2
8 0 5 3
8 0 6 2
8 0 7 3
8 0 8 2
8 0 9 4
9 0 -8 5
9 0 -7 5
9 0 -6 5
9 0 -5 5
9 0 -4 5
9 0 -3 5
9 0 -2 5
9 0 -1 5
9 0 0 5
9 0 1 5
9 0 2 5
9 0 3 5
9 0 4 5
9 0 5 5
9 0 6 5
9 0 7 5
9 0 8 5
-9 1 -5 6
-9 1 -2 6
-9 1 1 6
-9 1 4 6
-8 1 -8 2
-8 1 -7 2
-8 1 -6 2
-8 1 -5 2
-8 1 -4 2
-8 1 -3 2
-8 1 -2 2
-8 1 -1 3
-8 1 0 3
-8 1 1 3
-8 1 2 2
-8 1 3 3
-8 1 4 2
-8 1 5 3
-8 1 6 3
-8 1 7 2
-8 1 8 2
-7 1 -8 2
-7 1 -7 7
-7 1 -6 7
-7 1 -5 7
-7 1 -4 7
-7 1 -3 7
-7 1 -2 7
-7 1 -1 7
-7 1 0 7
-7 1 1 7
-7 1 2 7
-7 1 3 7
-7 1 4 7
-7 1 5 7
-7 1 6 7
-7 1 7 7
-7 1 8 2
-6 1 -8 2
-6 1 -7 7
-6 1 -6 8
-6 1 -5 8
-6 1 -4 8
-6 1 -3 8
-6 1 -2 8
-6 1 -1 8
-6 1 0 8
-6 1 1 8
-6 1 2 8
-6 1 3 8
-6 1 4 8
-6 1 5 8
-6 1 6 8
-6 1 7 7
-6 1 8 2
-5 1 -9 6
-5 1 -8 2
-5 1 -7 7
-5 1 -6 8
-5 1 -5 8
-5 1 -4 8
-5 1 -3 8
-5 1 -2 8
-5 1 -1 8
-5 1 0 8
-5 1 1 8
-5 1 2 8
-5 1 3 8
-5 1 4 8
-5 1 5 8
-5 1 6 8
-5 1 7 7
-5 1 8 2
-5 1 9 6
-4 1 -8 3
-4 1 -7 7
-4 1 -6 8
-4 1 -5 8
-4 1 -4 8
-4 1 -3 8
-4 1 -2 8
-4 1 -1 8
-4 1 0 8
-4 1 1 8
-4 1 2 8
-4 1 3 8
-4 1 4 8
-4 1 5 8
-4 1 6 8
-4 1 7 7
-4 1 8 2
-3 1 -8 3
-3 1 -7 7
-3 1 -6 8
-3 1 -5 8
-3 1 -4 8
-3 1 -3 8
-3 1 -2 8
-3 1 -1 8
-3 1 0 8
-3 1 1 9
-3 1 2 10
-3 1 3 9
-3 1 4 10
-3 1 5 9
-3 1 6 10
-3 1 7 7
-3 1 8 2
-2 1 -9 6
-2 1 -8 3
-2 1 -7 7
-2 1 -6 8
-2 1 -5 8
-2 1 -4 8
-2 1 -3 8
-2 1 -2 8
-2 1 -1 8
-2 1 0 8
-2 1 1 8
-2 1 2 8
-2 1 3 8
-2 1 4 8
-2 1 5 8
-2 1 6 8
-2 1 7 7
-2 1 8 2
-2 1 9 11
-1 1 -8 3
-1 1 -7 7
-1 1 -6 8
-1 1 -5 8
-1 1 -4 8
-1 1 -3 12
-1 1 -2 12
-1 1 -1 12
-1 1 0 9
-1 1 1 8
-1 1 2 8
-1 1 3 8
-1 1 4 8
-1 1 5 8
-1 1 6 8
-1 1 7 8
-1 1 8 2
0 1 -8 2
0 1 -7 7
0 1 -6 8
0 1 -5 8
0 1 -4 8
0 1 -3 12
0 1 -2 12
0 1 -1 12
0 1 0 9
0 1 1 8
0 1 2 8
0 1 3 8
0 1 4 8
0 1 5 8
0 1 6 8
0 1 7 8
0 1 8 13
1 1 -9 6
1 1 -8 3
1 1 -7 7
1 1 -6 8
1 1 -5 8
1 1 -4 8
1 1 -3 12
1 1 -2 12
1 1 -1 12
1 1 0 9
1 1 1 8
1 1 2 8
1 1 3 8
1 1 4 8
1 1 5 8
1 1 6 8
1 1 7 8
1 1 8 2
2 1 -8 3
2 1 -7 7
2 1 -6 8
2 1 -5 8
2 1 -4 8
2 1 -3 8
2 1 -2 8
2 1 -1 8
2 1 0 8
2 1 1 8
2 1 2 8
2 1 3 8
2 1 4 8
2 1 5 8
2 1 6 8
2 1 7 7
2 1 8 2
2 1 9 14
3 1 -8 2
3 1 -7 7
3 1 -6 8
3 1 -5 8
3 1 -4 8
3 1 -3 8
3 1 -2 8
3 1 -1 8
3 1 0 8
3 1 1 15
3 1 2 10
3 1 3 9
3 1 4 10
3 1 5 9
3 1 6 10
3 1 7 7
3 1 8 2
4 1 -9 6
4 1 -8 2
4 1 -7 7
4 1 -6 8
4 1 -5 8
4 1 -4 8
4 1 -3 8
4 1 -2 8
4 1 -1 8
4 1 0 8
4 1 1 8
4 1 2 8
4 1 3 8
4 1 4 8
4 1 5 8
4 1 6 8
4 1 7 7
4 1 8 3
4 1 9 6
5 1 -8 2
5 1 -7 7
5 1 -6 8
5 1 -5 8
5 1 -4 8
5 1 -3 8
5 1 -2 8
5 1 -1 8
5 1 0 8
5 1 1 8
5 1 2 8
5 1 3 8
5 1 4 8
5 1 5 8
5 1 6 8
5 1 7 7
5 1 8 3
6 1 -8 3
6 1 -7 7
6 1 -6 8
6 1 -5 8
6 1 -4 8
6 1 -3 8
6 1 -2 8
6 1 -1 8
6 1 0 8
6 1 1 8
6 1 2 8
6 1 3 8
6 1 4 8
6 1 5 8
6 1 6 8
6 1 7 7
6 1 8 2
7 1 -8 2
7 1 -7 7
7 1 -6 7
7 1 -5 7
7 1 -4 7
7 1 -3 7
7 1 -2 7
7 1 -1 7
7 1 0 7
7 1 1 7
7 1 2 7
7 1 3 7
7 1 4 7
7 1 5 7
7 1 6 7
7 1 7 7
7 1 8 3
8 1 -8 2
8 1 -7 2
8 1 -6 2
8 1 -5 3
8 1 -4 2
8 1 -3 2
8 1 -2 2
8 1 -1 2
8 1 0 3
8 1 1 2
8 1 2 2
8 1 3 2
8 1 4 3
8 1 5 3
8 1 6 3
8 1 7 2
8 1 8 2
9 1 -5 6
9 1 -2 6
9 1 1 6
9 1 4 6
-9 2 -5 16
-8 2 -8 17
-8 2 -7 18
-8 2 -6 17
-8 2 -5 19
-8 2 -4 17
-8 2 -3 18
-8 2 -2 19
-8 2 -1 17
-8 2 0 18
-8 2 1 19
-8 2 2 18
-8 2 3 17
-8 2 4 19
-8 2 5 18
-8 2 6 18
-8 2 7 18
-8 2 8 17
-7 2 -8 17
-7 2 -7 7
-7 2 -6 7
-7 2 -5 8
-7 2 -4 7
-7 2 -3 7
-7 2 -2 8
-7 2 -1 7
-7 2 0 7
-7 2 1 8
-7 2 2 7
-7 2 3 7
-7 2 4 8
-7 2 5 7
-7 2 6 7
-7 2 7 7
-7 2 8 18
-6 2 -8 18
-6 2 -7 7
-6 2 -6 8
-6 2 -5 8
-6 2 -4 8
-6 2 -3 8
-6 2 -2 8
-6 2 -1 8
-6 2 0 8
-6 2 1 8
-6 2 2 8
-6 2 3 8
-6 2 4 8
-6 2 5 8
-6 2 6 8
-6 2 7 7
-6 2 8 17
-5 2 -8 20
-5 2 -7 8
-5 2 -6 8
-5 2 -5 8
-5 2 -4 8
-5 2 -3 8
-5 2 -2 8
-5 2 -1 8
-5 2 0 8
-5 2 1 8
-5 2 2 8
-5 2 3 8
-5 2 4 8
-5 2 5 8
-5 2 6 8
-5 2 7 8
-5 2 8 20
-4 2 -8 17
-4 2 -7 7
-4 2 -6 8
-4 2 -5 8
-4 2 -4 8
-4 2 -3 8
-4 2 -2 8
-4 2 -1 8
-4 2 0 8
-4 2 1 8
-4 2 2 8
-4 2 3 8
-4 2 4 8
-4 2 5 8
-4 2 6 8
-4 2 7 7
-4 2 8 17
-3 2 -8 18
-3 2 -7 7
-3 2 -6 8
-3 2 -5 8
-3 2 -4 8
-3 2 -3 8
-3 2 -2 8
-3 2 -1 8
-3 2 0 8
-3 2 1 8
-3 2 2 21
-3 2 3 8
-3 2 4 21
-3 2 5 8
-3 2 6 21
-3 2 7 7
-3 2 8 18
-2 2 -9 22
-2 2 -8 20
-2 2 -7 8
-2 2 -6 8
-2 2 -5 8
-2 2 -4 8
-2 2 -3 8
-2 2 -2 8
-2 2 -1 8
-2 2 0 8
-2 2 1 8
-2 2 2 8
-2 2 3 8
-2 2 4 8
-2 2 5 8
-2 2 6 8
-2 2 7 8
-2 2 8 20
-1 2 -8 18
-1 2 -7 7
-1 2 -6 8
-1 2 -5 8
-1 2 -4 8
-1 2 -3 12
-1 2 -2 12
-1 2 -1 9
-1 2 0 8
-1 2 1 8
-1 2 2 8
-1 2 3 8
-1 2 4 8
-1 2 5 8
-1 2 6 8
-1 2 7 8
-1 2 8 17
0 2 -8 18
0 2 -7 7
0 2 -6 8
0 2 -5 8
0 2 -4 8
0 2 -3 12
0 2 -2 12
0 2 -1 9
0 2 0 8
0 2 1 8
0 2 2 8
0 2 3 8
0 2 4 8
0 2 5 8
0 2 6 8
0 2 7 8
0 2 8 23
1 2 -8 20
1 2 -7 8
1 2 -6 8
1 2 -5 8
1 2 -4 8
1 2 -3 12
1 2 -2 12
1 2 -1 9
1 2 0 8
1 2 1 8
1 2 2 8
1 2 3 8
1 2 4 8
1 2 5 8
1 2 6 8
1 2 7 8
1 2 8 17
2 2 -8 18
2 2 -7 7
2 2 -6 8
2 2 -5 8
2 2 -4 8
2 2 -3 8
2 2 -2 8
2 2 -1 8
2 2 0 8
2 2 1 8
2 2 2 8
2 2 3 8
2 2 4 8
2 2 5 8
2 2 6 8
2 2 7 7
2 2 8 17
3 2 -8 18
3 2 -7 7
3 2 -6 8
3 2 -5 8
3 2 -4 8
3 2 -3 8
3 2 -2 8
3 2 -1 8
3 2 0 8
3 2 1 8
3 2 2 21
3 2 3 8
3 2 4 21
3 2 5 8
3 2 6 21
3 2 7 7
3 2 8 18
4 2 -9 22
4 2 -8 20
4 2 -7 8
4 2 -6 8
4 2 -5 8
4 2 -4 8
4 2 -3 8
4 2 -2 8
4 2 -1 8
4 2 0 8
4 2 1 8
4 2 2 8
4 2 3 8
4 2 4 8
4 2 5 8
4 2 6 8
4 2 7 8
4 2 8 20
5 2 -8 17
5 2 -7 7
5 2 -6 8
5 2 -5 8
5 2 -4 8
5 2 -3 8
5 2 -2 8
5 2 -1 8
5 2 0 8
5 2 1 8
5 2 2 8
5 2 3 8
5 2 4 8
5 2 5 8
5 2 6 8
5 2 7 7
5 2 8 17
6 2 -8 18
6 2 -7 7
6 2 -6 8
6 2 -5 8
6 2 -4 8
6 2 -3 8
6 2 -2 8
6 2 -1 8
6 2 0 8
6 2 1 8
6 2 2 8
6 2 3 8
6 2 4 8
6 2 5 8
6 2 6 8
6 2 7 7
6 2 8 18
7 2 -8 17
7 2 -7 7
7 2 -6 7
7 2 -5 8
7 2 -4 7
7 2 -3 7
7 2 -2 8
7 2 -1 7
7 2 0 7
7 2 1 8
7 2 2 7
7 2 3 7
7 2 4 8
7 2 5 7
7 2 6 7
7 2 7 7
7 2 8 18
8 2 -8 17
8 2 -7 18
8 2 -6 17
8 2 -5 19
8 2 -4 18
8 2 -3 18
8 2 -2 19
8 2 -1 18
8 2 0 17
8 2 1 19
8 2 2 17
8 2 3 18
8 2 4 19
8 2 5 18
8 2 6 18
8 2 7 18
8 2 8 17
-9 3 -5 16
-8 3 -8 18
-8 3 -7 17
-8 3 -6 24
-8 3 -5 25
-8 3 -4 26
-8 3 -3 24
-8 3 -2 25
-8 3 -1 26
-8 3 0 24
-8 3 1 25
-8 3 2 26
-8 3 3 24
-8 3 4 25
-8 3 5 26
-8 3 6 18
-8 3 7 18
-8 3 8 17
-7 3 -8 18
-7 3 -7 7
-7 3 -6 7
-7 3 -5 8
-7 3 -4 7
-7 3 -3 7
-7 3 -2 8
-7 3 -1 7
-7 3 0 7
-7 3 1 27
-7 3 2 7
-7 3 3 7
-7 3 4 8
-7 3 5 7
-7 3 6 7
-7 3 7 7
-7 3 8 17
-6 3 -8 28
-6 3 -7 7
-6 3 -6 8
-6 3 -5 8
-6 3 -4 8
-6 3 -3 8
-6 3 -2 8
-6 3 -1 8
-6 3 0 8
-6 3 1 8
-6 3 2 8
-6 3 3 8
-6 3 4 8
-6 3 5 8
-6 3 6 8
-6 3 7 7
-6 3 8 28
-5 3 -8 25
-5 3 -7 8
-5 3 -6 8
-5 3 -5 8
-5 3 -4 8
-5 3 -3 8
-5 3 -2 8
-5 3 -1 8
-5 3 0 8
-5 3 1 8
-5 3 2 8
-5 3 3 8
-5 3 4 8
-5 3 5 8
-5 3 6 8
-5 3 7 8
-5 3 8 25
-4 3 -8 29
-4 3 -7 7
-4 3 -6 8
-4 3 -5 8
-4 3 -4 8
-4 3 -3 8
-4 3 -2 8
-4 3 -1 8
-4 3 0 8
-4 3 1 8
-4 3 2 8
-4 3 3 8
-4 3 4 8
-4 3 5 8
-4 3 6 8
-4 3 7 7
-4 3 8 29
-3 3 -8 28
-3 3 -7 7
-3 3 -6 8
-3 3 -5 8
-3 3 -4 8
-3 3 -3 8
-3 3 -2 8
-3 3 -1 8
-3 3 0 8
-3 3 1 8
-3 3 2 8
-3 3 3 8
-3 3 4 8
-3 3 5 8
-3 3 6 8
-3 3 7 7
-3 3 8 28
-2 3 -9 22
-2 3 -8 25
-2 3 -7 8
-2 3 -6 8
-2 3 -5 8
-2 3 -4 8
-2 3 -3 8
-2 3 -2 8
-2 3 -1 8
-2 3 0 8
-2 3 1 8
-2 3 2 8
-2 3 3 8
-2 3 4 8
-2 3 5 8
-2 3 6 8
-2 3 7 8
-2 3 8 25
-1 3 -8 29
-1 3 -7 7
-1 3 -6 8
-1 3 -5 8
-1 3 -4 8
-1 3 -3 12
-1 3 -2 9
-1 3 -1 8
-1 3 0 8
-1 3 1 8
-1 3 2 8
-1 3 3 8
-1 3 4 8
-1 3 5 8
-1 3 6 8
-1 3 7 8
-1 3 8 28
0 3 -8 28
0 3 -7 7
0 3 -6 8
0 3 -5 8
0 3 -4 8
0 3 -3 12
0 3 -2 9
0 3 -1 8
0 3 0 8
0 3 1 8
0 3 2 8
0 3 3 8
0 3 4 8
0 3 5 8
0 3 6 8
0 3 7 8
0 3 8 30
1 3 -8 25
1 3 -7 27
1 3 -6 8
1 3 -5 8
1 3 -4 8
1 3 -3 12
1 3 -2 9
1 3 -1 8
1 3 0 8
1 3 1 8
1 3 2 8
1 3 3 8
1 3 4 8
1 3 5 8
1 3 6 8
1 3 7 8
1 3 8 29
1 3 9 27
2 3 -8 29
2 3 -7 7
2 3 -6 8
2 3 -5 8
2 3 -4 8
2 3 -3 8
2 3 -2 8
2 3 -1 8
2 3 0 8
2 3 1 8
2 3 2 8
2 3 3 8
2 3 4 8
2 3 5 8
2 3 6 8
2 3 7 7
2 3 8 18
3 3 -8 28
3 3 -7 7
3 3 -6 8
3 3 -5 8
3 3 -4 8
3 3 -3 8
3 3 -2 8
3 3 -1 8
3 3 0 8
3 3 1 8
3 3 2 8
3 3 3 8
3 3 4 8
3 3 5 8
3 3 6 8
3 3 7 7
3 3 8 28
4 3 -9 22
4 3 -8 25
4 3 -7 8
4 3 -6 8
4 3 -5 8
4 3 -4 8
4 3 -3 8
4 3 -2 8
4 3 -1 8
4 3 0 8
4 3 1 8
4 3 2 8
4 3 3 8
4 3 4 8
4 3 5 8
4 3 6 8
4 3 7 8
4 3 8 25
5 3 -8 29
5 3 -7 7
5 3 -6 8
5 3 -5 8
5 3 -4 8
5 3 -3 27
5 3 -2 8
5 3 -1 8
5 3 0 8
5 3 1 27
5 3 2 8
5 3 3 8
5 3 4 8
5 3 5 27
5 3 6 8
5 3 7 7
5 3 8 29
6 3 -8 18
6 3 -7 7
6 3 -6 8
6 3 -5 8
6 3 -4 8
6 3 -3 8
6 3 -2 8
6 3 -1 8
6 3 0 8
6 3 1 8
6 3 2 8
6 3 3 8
6 3 4 8
6 3 5 8
6 3 6 8
6 3 7 7
6 3 8 18
7 3 -8 18
7 3 -7 7
7 3 -6 7
7 3 -5 8
7 3 -4 7
7 3 -3 7
7 3 -2 8
7 3 -1 7
7 3 0 7
7 3 1 8
7 3 2 7
7 3 3 7
7 3 4 8
7 3 5 7
7 3 6 7
7 3 7 7
7 3 8 18
8 3 -8 17
8 3 -7 18
8 3 -6 24
8 3 -5 25
8 3 -4 26
8 3 -3 24
8 3 -2 25
8 3 -1 26
8 3 0 24
8 3 1 25
8 3 2 26
8 3 3 24
8 3 4 25
8 3 5 26
8 3 6 18
8 3 7 18
8 3 8 18
-8 4 -8 18
-8 4 -7 17
-8 4 -6 18
-8 4 -5 18
-8 4 -4 17
-8 4 -3 18
-8 4 -2 18
-8 4 -1 17
-8 4 0 18
-8 4 1 18
-8 4 2 18
-8 4 3 18
-8 4 4 18
-8 4 5 18
-8 4 6 18
-8 4 7 18
-8 4 8 17
-7 4 -8 18
-7 4 -7 12
-7 4 -6 12
-7 4 -5 12
-7 4 -4 12
-7 4 -3 12
-7 4 -2 12
-7 4 -1 12
-7 4 0 12
-7 4 1 12
-7 4 2 12
-7 4 3 12
-7 4 4 12
-7 4 5 12
-7 4 6 12
-7 4 7 12
-7 4 8 18
-6 4 -8 18
-6 4 -7 12
-6 4 -6 12
-6 4 -5 12
-6 4 -4 12
-6 4 -3 12
-6 4 -2 12
-6 4 -1 12
-6 4 0 12
-6 4 1 12
-6 4 2 12
-6 4 3 12
-6 4 4 12
-6 4 5 12
-6 4 6 12
-6 4 7 12
-6 4 8 17
-5 4 -8 17
-5 4 -7 12
-5 4 -6 12
-5 4 -5 12
-5 4 -4 12
-5 4 -3 12
-5 4 -2 12
-5 4 -1 12
-5 4 0 12
-5 4 1 12
-5 4 2 12
-5 4 3 12
-5 4 4 12
-5 4 5 12
-5 4 6 12
-5 4 7 12
-5 4 8 18
-4 4 -8 18
-4 4 -7 12
-4 4 -6 12
-4 4 -5 12
-4 4 -4 12
-4 4 -3 12
-4 4 -2 12
-4 4 -1 12
-4 4 0 12
-4 4 1 12
-4 4 2 12
-4 4 3 12
-4 4 4 12
-4 4 5 12
-4 4 6 12
-4 4 7 12
-4 4 8 18
-3 4 -8 18
-3 4 -7 12
-3 4 -6 12
-3 4 -5 12
-3 4 -4 12
-3 4 -3 8
-3 4 -2 8
-3 4 -1 8
-3 4 0 8
-3 4 1 8
-3 4 2 8
-3 4 3 8
-3 4 4 8
-3 4 5 8
-3 4 6 8
-3 4 7 8
-3 4 8 18
-2 4 -8 18
-2 4 -7 12
-2 4 -6 12
-2 4 -5 12
-2 4 -4 12
-2 4 -3 8
-2 4 -2 8
-2 4 -1 8
-2 4 0 8
-2 4 1 8
-2 4 2 8
-2 4 3 8
-2 4 4 8
-2 4 5 8
-2 4 6 8
-2 4 7 8
-2 4 8 18
-1 4 -8 18
-1 4 -7 12
-1 4 -6 12
-1 4 -5 12
-1 4 -4 12
-1 4 -3 9
-1 4 -2 8
-1 4 -1 8
-1 4 0 8
-1 4 1 8
-1 4 2 8
-1 4 3 8
-1 4 4 8
-1 4 5 8
-1 4 6 8
-1 4 7 8
-1 4 8 17
-1 4 9 31
0 4 -8 17
0 4 -7 12
0 4 -6 12
0 4 -5 12
0 4 -4 12
0 4 -3 9
0 4 -2 8
0 4 -1 8
0 4 0 8
0 4 1 8
0 4 2 8
0 4 3 8
0 4 4 8
0 4 5 8
0 4 6 8
0 4 7 8
0 4 8 18
0 4 9 32
1 4 -8 18
1 4 -7 12
1 4 -6 12
1 4 -5 12
1 4 -4 12
1 4 -3 9
1 4 -2 8
1 4 -1 8
1 4 0 8
1 4 1 8
1 4 2 8
1 4 3 8
1 4 4 8
1 4 5 8
1 4 6 8
1 4 7 8
1 4 8 18
1 4 9 31
2 4 -8 17
2 4 -7 12
2 4 -6 12
2 4 -5 12
2 4 -4 12
2 4 -3 8
2 4 -2 8
2 4 -1 8
2 4 0 8
2 4 1 8
2 4 2 8
2 4 3 8
2 4 4 8
2 4 5 8
2 4 6 8
2 4 7 8
2 4 8 18
3 4 -8 18
3 4 -7 12
3 4 -6 12
3 4 -5 12
3 4 -4 12
3 4 -3 8
3 4 -2 8
3 4 -1 8
3 4 0 8
3 4 1 8
3 4 2 8
3 4 3 8
3 4 4 8
3 4 5 8
3 4 6 8
3 4 7 8
3 4 8 17
4 4 -8 18
4 4 -7 12
4 4 -6 12
4 4 -5 12
4 4 -4 12
4 4 -3 12
4 4 -2 12
4 4 -1 12
4 4 0 12
4 4 1 12
4 4 2 12
4 4 3 12
4 4 4 12
4 4 5 12
4 4 6 12
4 4 7 12
4 4 8 18
5 4 -8 18
5 4 -7 12
5 4 -6 12
5 4 -5 12
5 4 -4 12
5 4 -3 12
5 4 -2 12
5 4 -1 12
5 4 0 12
5 4 1 12
5 4 2 12
5 4 3 12
5 4 4 12
5 4 5 12
5 4 6 12
5 4 7 12
5 4 8 18
6 4 -8 18
6 4 -7 12
6 4 -6 12
6 4 -5 12
6 4 -4 12
6 4 -3 12
6 4 -2 12
6 4 -1 12
6 4 0 12
6 4 1 12
6 4 2 12
6 4 3 12
6 4 4 12
6 4 5 12
6 4 6 12
6 4 7 12
6 4 8 17
7 4 -8 18
7 4 -7 12
7 4 -6 12
7 4 -5 12
7 4 -4 12
7 4 -3 12
7 4 -2 12
7 4 -1 12
7 4 0 12
7 4 1 12
7 4 2 12
7 4 3 12
7 4 4 12
7 4 5 12
7 4 6 12
7 4 7 12
7 4 8 18
8 4 -8 17
8 4 -7 17
8 4 -6 18
8 4 -5 18
8 4 -4 18
8 4 -3 18
8 4 -2 17
8 4 -1 17
8 4 0 18
8 4 1 17
8 4 2 18
8 4 3 18
8 4 4 17
8 4 5 18
8 4 6 17
8 4 7 18
8 4 8 18
-8 5 -8 18
-8 5 -7 18
-8 5 -6 17
-8 5 -5 19
-8 5 -4 17
-8 5 -3 18
-8 5 -2 19
-8 5 -1 18
-8 5 0 18
-8 5 1 19
-8 5 2 18
-8 5 3 18
-8 5 4 19
-8 5 5 17
-8 5 6 17
-8 5 7 18
-8 5 8 17
-7 5 -8 18
-7 5 -7 7
-7 5 -6 7
-7 5 -5 8
-7 5 -4 7
-7 5 -3 7
-7 5 -2 8
-7 5 -1 7
-7 5 0 7
-7 5 1 8
-7 5 2 7
-7 5 3 7
-7 5 4 8
-7 5 5 7
-7 5 6 7
-7 5 7 7
-7 5 8 18
-6 5 -8 18
-6 5 -7 7
-6 5 -6 8
-6 5 -5 8
-6 5 -4 8
-6 5 -3 8
-6 5 -2 8
-6 5 -1 8
-6 5 0 8
-6 5 1 8
-6 5 2 8
-6 5 3 8
-6 5 4 8
-6 5 5 8
-6 5 6 8
-6 5 7 7
-6 5 8 17
-5 5 -8 20
-5 5 -7 8
-5 5 -6 8
-5 5 -5 8
-5 5 -4 8
-5 5 -3 8
-5 5 -2 8
-5 5 -1 8
-5 5 0 8
-5 5 1 8
-5 5 2 8
-5 5 3 8
-5 5 4 8
-5 5 5 8
-5 5 6 8
-5 5 7 8
-5 5 8 20
-4 5 -8 18
-4 5 -7 7
-4 5 -6 8
-4 5 -5 8
-4 5 -4 8
-4 5 -3 33
-4 5 -2 34
-4 5 -1 34
-4 5 0 34
-4 5 1 34
-4 5 2 34
-4 5 3 34
-4 5 4 34
-4 5 5 34
-4 5 6 34
-4 5 7 34
-4 5 8 18
-3 5 -8 18
-3 5 -7 7
-3 5 -6 8
-3 5 -5 8
-3 5 -4 35
-3 5 -3 8
-3 5 -2 8
-3 5 -1 8
-3 5 0 8
-3 5 1 8
-3 5 2 8
-3 5 3 8
-3 5 4 8
-3 5 5 8
-3 5 6 8
-3 5 7 8
-3 5 8 17
-2 5 -8 20
-2 5 -7 8
-2 5 -6 8
-2 5 -5 8
-2 5 -4 36
-2 5 -3 8
-2 5 -2 8
-2 5 -1 8
-2 5 0 8
-2 5 1 8
-2 5 2 8
-2 5 3 8
-2 5 4 8
-2 5 5 8
-2 5 6 8
-2 5 7 8
-2 5 8 20
-1 5 -8 18
-1 5 -7 7
-1 5 -6 8
-1 5 -5 8
-1 5 -4 8
-1 5 -3 8
-1 5 -2 8
-1 5 -1 8
-1 5 0 8
-1 5 1 8
-1 5 2 8
-1 5 3 8
-1 5 4 8
-1 5 5 8
-1 5 6 8
-1 5 7 8
-1 5 8 17
0 5 -8 18
0 5 -7 7
0 5 -6 8
0 5 -5 8
0 5 -4 8
0 5 -3 8
0 5 -2 8
0 5 -1 8
0 5 0 8
0 5 1 8
0 5 2 8
0 5 3 8
0 5 4 27
0 5 5 8
0 5 6 8
0 5 7 8
0 5 8 18
1 5 -8 20
1 5 -7 8
1 5 -6 8
1 5 -5 8
1 5 -4 8
1 5 -3 8
1 5 -2 8
1 5 -1 8
1 5 0 8
1 5 1 8
1 5 2 8
1 5 3 8
1 5 4 8
1 5 5 8
1 5 6 8
1 5 7 8
1 5 8 18
2 5 -8 18
2 5 -7 7
2 5 -6 8
2 5 -5 8
2 5 -4 35
2 5 -3 8
2 5 -2 8
2 5 -1 8
2 5 0 8
2 5 1 8
2 5 2 8
2 5 3 8
2 5 4 8
2 5 5 8
2 5 6 8
2 5 7 8
2 5 8 17
3 5 -8 18
3 5 -7 7
3 5 -6 8
3 5 -5 8
3 5 -4 36
3 5 -3 8
3 5 -2 8
3 5 -1 8
3 5 0 8
3 5 1 8
3 5 2 8
3 5 3 8
3 5 4 8
3 5 5 8
3 5 6 8
3 5 7 8
3 5 8 18
4 5 -8 20
4 5 -7 8
4 5 -6 8
4 5 -5 8
4 5 -4 8
4 5 -3 33
4 5 -2 34
4 5 -1 34
4 5 0 34
4 5 1 34
4 5 2 34
4 5 3 34
4 5 4 34
4 5 5 34
4 5 6 34
4 5 7 37
4 5 8 20
5 5 -8 18
5 5 -7 7
5 5 -6 8
5 5 -5 8
5 5 -4 8
5 5 -3 8
5 5 -2 8
5 5 -1 8
5 5 0 8
5 5 1 8
5 5 2 8
5 5 3 8
5 5 4 8
5 5 5 8
5 5 6 8
5 5 7 7
5 5 8 18
6 5 -8 18
6 5 -7 7
6 5 -6 8
6 5 -5 8
6 5 -4 8
6 5 -3 8
6 5 -2 8
6 5 -1 8
6 5 0 8
6 5 1 8
6 5 2 8
6 5 3 8
6 5 4 8
6 5 5 8
6 5 6 8
6 5 7 7
6 5 8 18
7 5 -8 17
7 5 -7 7
7 5 -6 7
7 5 -5 8
7 5 -4 7
7 5 -3 7
7 5 -2 8
7 5 -1 7
7 5 0 7
7 5 1 8
7 5 2 7
7 5 3 7
7 5 4 8
7 5 5 7
7 5 6 7
7 5 7 7
7 5 8 18
8 5 -8 17
8 5 -7 17
8 5 -6 18
8 5 -5 19
8 5 -4 18
8 5 -3 18
8 5 -2 19
8 5 -1 18
8 5 0 17
8 5 1 19
8 5 2 18
8 5 3 17
8 5 4 19
8 5 5 18
8 5 6 18
8 5 7 17
8 5 8 18
-8 6 -8 17
-8 6 -7 17
-8 6 -6 18
-8 6 -5 19
-8 6 -4 17
-8 6 -3 18
-8 6 -2 19
-8 6 -1 17
-8 6 0 18
-8 6 1 19
-8 6 2 17
-8 6 3 18
-8 6 4 19
-8 6 5 17
-8 6 6 17
-8 6 7 17
-8 6 8 18
-7 6 -8 17
-7 6 -7 7
-7 6 -6 7
-7 6 -5 8
-7 6 -4 7
-7 6 -3 7
-7 6 -2 8
-7 6 -1 7
-7 6 0 7
-7 6 1 8
-7 6 2 7
-7 6 3 7
-7 6 4 8
-7 6 5 7
-7 6 6 7
-7 6 7 7
-7 6 8 18
-6 6 -8 18
-6 6 -7 7
-6 6 -6 8
-6 6 -5 8
-6 6 -4 8
-6 6 -3 8
-6 6 -2 8
-6 6 -1 8
-6 6 0 8
-6 6 1 8
-6 6 2 8
-6 6 3 8
-6 6 4 8
-6 6 5 8
-6 6 6 8
-6 6 7 7
-6 6 8 18
-5 6 -8 20
-5 6 -7 8
-5 6 -6 8
-5 6 -5 8
-5 6 -4 8
-5 6 -3 8
-5 6 -2 8
-5 6 -1 8
-5 6 0 8
-5 6 1 8
-5 6 2 8
-5 6 3 8
-5 6 4 8
-5 6 5 8
-5 6 6 8
-5 6 7 8
-5 6 8 20
-4 6 -8 17
-4 6 -7 7
-4 6 -6 8
-4 6 -5 8
-4 6 -4 8
-4 6 -3 8
-4 6 -2 8
-4 6 -1 8
-4 6 0 8
-4 6 1 8
-4 6 2 8
-4 6 3 8
-4 6 4 8
-4 6 5 8
-4 6 6 8
-4 6 7 8
-4 6 8 18
-3 6 -8 18
-3 6 -7 7
-3 6 -6 8
-3 6 -5 8
-3 6 -4 8
-3 6 -3 8
-3 6 -2 8
-3 6 -1 8
-3 6 0 8
-3 6 1 8
-3 6 2 8
-3 6 3 8
-3 6 4 8
-3 6 5 8
-3 6 6 8
-3 6 7 8
-3 6 8 18
-2 6 -8 20
-2 6 -7 8
-2 6 -6 8
-2 6 -5 8
-2 6 -4 8
-2 6 -3 8
-2 6 -2 8
-2 6 -1 8
-2 6 0 8
-2 6 1 8
-2 6 2 8
-2 6 3 8
-2 6 4 8
-2 6 5 8
-2 6 6 8
-2 6 7 8
-2 6 8 20
-1 6 -8 17
-1 6 -7 7
-1 6 -6 8
-1 6 -5 8
-1 6 -4 8
-1 6 -3 8
-1 6 -2 8
-1 6 -1 8
-1 6 0 8
-1 6 1 8
-1 6 2 8
-1 6 3 8
-1 6 4 8
-1 6 5 8
-1 6 6 8
-1 6 7 8
-1 6 8 18
0 6 -8 18
0 6 -7 7
0 6 -6 8
0 6 -5 8
0 6 -4 8
0 6 -3 8
0 6 -2 8
0 6 -1 8
0 6 0 8
0 6 1 8
0 6 2 8
0 6 3 8
0 6 4 38
0 6 5 8
0 6 6 8
0 6 7 8
0 6 8 18
1 6 -8 20
1 6 -7 8
1 6 -6 8
1 6 -5 8
1 6 -4 8
1 6 -3 8
1 6 -2 8
1 6 -1 8
1 6 0 8
1 6 1 8
1 6 2 8
1 6 3 8
1 6 4 8
1 6 5 8
1 6 6 8
1 6 7 8
1 6 8 18
2 6 -8 18
2 6 -7 7
2 6 -6 8
2 6 -5 8
2 6 -4 8
2 6 -3 8
2 6 -2 8
2 6 -1 8
2 6 0 8
2 6 1 8
2 6 2 8
2 6 3 8
2 6 4 8
2 6 5 8
2 6 6 8
2 6 7 8
2 6 8 18
3 6 -8 17
3 6 -7 7
3 6 -6 8
3 6 -5 8
3 6 -4 8
3 6 -3 8
3 6 -2 8
3 6 -1 8
3 6 0 8
3 6 1 8
3 6 2 8
3 6 3 8
3 6 4 8
3 6 5 8
3 6 6 8
3 6 7 8
3 6 8 18
4 6 -8 20
4 6 -7 8
4 6 -6 8
4 6 -5 8
4 6 -4 8
4 6 -3 8
4 6 -2 8
4 6 -1 8
4 6 0 8
4 6 1 8
4 6 2 8
4 6 3 8
4 6 4 8
4 6 5 8
4 6 6 8
4 6 7 8
4 6 8 20
5 6 -8 18
5 6 -7 7
5 6 -6 8
5 6 -5 8
5 6 -4 8
5 6 -3 8
5 6 -2 8
5 6 -1 8
5 6 0 8
5 6 1 8
5 6 2 8
5 6 3 8
5 6 4 8
5 6 5 8
5 6 6 8
5 6 7 7
5 6 8 18
6 6 -8 17
6 6 -7 7
6 6 -6 8
6 6 -5 8
6 6 -4 8
6 6 -3 8
6 6 -2 8
6 6 -1 8
6 6 0 8
6 6 1 8
6 6 2 8
6 6 3 8
6 6 4 8
6 6 5 8
6 6 6 8
6 6 7 7
6 6 8 18
7 6 -8 18
7 6 -7 7
7 6 -6 7
7 6 -5 8
7 6 -4 7
7 6 -3 7
7 6 -2 8
7 6 -1 7
7 6 0 7
7 6 1 8
7 6 2 7
7 6 3 7
7 6 4 8
7 6 5 7
7 6 6 7
7 6 7 7
7 6 8 18
8 6 -8 18
8 6 -7 18
8 6 -6 18
8 6 -5 19
8 6 -4 18
8 6 -3 18
8 6 -2 19
8 6 -1 17
8 6 0 18
8 6 1 19
8 6 2 18
8 6 3 17
8 6 4 19
8 6 5 18
8 6 6 18
8 6 7 17
8 6 8 17
-9 7 -4 39
-9 7 0 39
-9 7 4 39
-8 7 -8 40
-8 7 -7 40
-8 7 -6 40
-8 7 -5 40
-8 7 -4 40
-8 7 -3 40
-8 7 -2 40
-8 7 -1 40
-8 7 0 40
-8 7 1 40
-8 7 2 40
-8 7 3 40
-8 7 4 40
-8 7 5 40
-8 7 6 40
-8 7 7 40
-8 7 8 40
-7 7 -8 40
-7 7 -7 7
-7 7 -6 7
-7 7 -5 7
-7 7 -4 7
-7 7 -3 7
-7 7 -2 7
-7 7 -1 7
-7 7 0 7
-7 7 1 7
-7 7 2 7
-7 7 3 7
-7 7 4 7
-7 7 5 7
-7 7 6 7
-7 7 7 7
-7 7 8 40
-6 7 -8 40
-6 7 -7 7
-6 7 -6 8
-6 7 -5 8
-6 7 -4 8
-6 7 -3 8
-6 7 -2 8
-6 7 -1 8
-6 7 0 8
-6 7 1 8
-6 7 2 8
-6 7 3 8
-6 7 4 8
-6 7 5 8
-6 7 6 8
-6 7 7 7
-6 7 8 40
-5 7 -8 40
-5 7 -7 7
-5 7 -6 8
-5 7 -5 8
-5 7 -4 8
-5 7 -3 8
-5 7 -2 8
-5 7 -1 8
-5 7 0 8
-5 7 1 8
-5 7 2 8
-5 7 3 8
-5 7 4 8
-5 7 5 8
-5 7 6 8
-5 7 7 7
-5 7 8 40
-4 7 -9 41
-4 7 -8 40
-4 7 -7 7
-4 7 -6 8
-4 7 -5 8
-4 7 -4 8
-4 7 -3 8
-4 7 -2 8
-4 7 -1 8
-4 7 0 8
-4 7 1 8
-4 7 2 8
-4 7 3 8
-4 7 4 8
-4 7 5 8
-4 7 6 8
-4 7 7 8
-4 7 8 40
-4 7 9 41
-3 7 -8 40
-3 7 -7 7
-3 7 -6 8
-3 7 -5 8
-3 7 -4 8
-3 7 -3 8
-3 7 -2 8
-3 7 -1 8
-3 7 0 8
-3 7 1 8
-3 7 2 8
-3 7 3 8
-3 7 4 8
-3 7 5 8
-3 7 6 8
-3 7 7 8
-3 7 8 40
-2 7 -8 40
-2 7 -7 7
-2 7 -6 8
-2 7 -5 8
-2 7 -4 8
-2 7 -3 8
-2 7 -2 8
-2 7 -1 8
-2 7 0 8
-2 7 1 8
-2 7 2 8
-2 7 3 8
-2 7 4 8
-2 7 5 8
-2 7 6 8
-2 7 7 8
-2 7 8 40
-1 7 -8 40
-1 7 -7 7
-1 7 -6 8
-1 7 -5 8
-1 7 -4 8
-1 7 -3 8
-1 7 -2 8
-1 7 -1 8
-1 7 0 8
-1 7 1 8
-1 7 2 8
-1 7 3 8
-1 7 4 8
-1 7 5 8
-1 7 6 8
-1 7 7 8
-1 7 8 40
0 7 -9 41
0 7 -8 40
0 7 -7 7
0 7 -6 8
0 7 -5 8
0 7 -4 8
0 7 -3 8
0 7 -2 8
0 7 -1 8
0 7 0 27
0 7 1 8
0 7 2 8
0 7 3 8
0 7 4 38
0 7 5 8
0 7 6 8
0 7 7 8
0 7 8 40
0 7 9 41
1 7 -8 40
1 7 -7 7
1 7 -6 8
1 7 -5 8
1 7 -4 8
1 7 -3 8
1 7 -2 8
1 7 -1 8
1 7 0 8
1 7 1 8
1 7 2 8
1 7 3 8
1 7 4 8
1 7 5 8
1 7 6 8
1 7 7 8
1 7 8 40
2 7 -8 40
2 7 -7 7
2 7 -6 8
2 7 -5 8
2 7 -4 8
2 7 -3 8
2 7 -2 8
2 7 -1 8
2 7 0 8
2 7 1 8
2 7 2 8
2 7 3 8
2 7 4 8
2 7 5 8
2 7 6 8
2 7 7 8
2 7 8 40
3 7 -8 40
3 7 -7 7
3 7 -6 8
3 7 -5 8
3 7 -4 8
3 7 -3 8
3 7 -2 8
3 7 -1 8
3 7 0 8
3 7 1 8
3 7 2 8
3 7 3 8
3 7 4 8
3 7 5 8
3 7 6 8
3 7 7 8
3 7 8 40
4 7 -9 41
4 7 -8 40
4 7 -7 7
4 7 -6 8
4 7 -5 8
4 7 -4 8
4 7 -3 8
4 7 -2 8
4 7 -1 8
4 7 0 8
4 7 1 8
4 7 2 8
4 7 3 8
4 7 4 8
4 7 5 8
4 7 6 8
4 7 7 8
4 7 8 40
4 7 9 41
5 7 -8 40
5 7 -7 7
5 7 -6 8
5 7 -5 8
5 7 -4 8
5 7 -3 27
5 7 -2 8
5 7 -1 8
5 7 0 8
5 7 1 27
5 7 2 8
5 7 3 8
5 7 4 8
5 7 5 27
5 7 6 8
5 7 7 7
5 7 8 40
6 7 -8 40
6 7 -7 7
6 7 -6 8
6 7 -5 8
6 7 -4 8
6 7 -3 8
6 7 -2 8
6 7 -1 8
6 7 0 8
6 7 1 8
6 7 2 8
6 7 3 8
6 7 4 8
6 7 5 8
6 7 6 8
6 7 7 7
6 7 8 40
7 7 -8 40
7 7 -7 7
7 7 -6 7
7 7 -5 7
7 7 -4 7
7 7 -3 7
7 7 -2 7
7 7 -1 7
7 7 0 7
7 7 1 7
7 7 2 7
7 7 3 7
7 7 4 7
7 7 5 7
7 7 6 7
7 7 7 7
7 7 8 40
8 7 -8 40
8 7 -7 40
8 7 -6 40
8 7 -5 40
8 7 -4 40
8 7 -3 40
8 7 -2 40
8 7 -1 40
8 7 0 40
8 7 1 40
8 7 2 40
8 7 3 40
8 7 4 40
8 7 5 40
8 7 6 40
8 7 7 40
8 7 8 40
9 7 -4 39
9 7 0 39
9 7 4 39
-8 8 -8 42
-8 8 -7 42
-8 8 -6 42
-8 8 -5 42
-8 8 -4 42
-8 8 -3 42
-8 8 -2 42
-8 8 -1 42
-8 8 0 42
-8 8 1 42
-8 8 2 42
-8 8 3 42
-8 8 4 42
-8 8 5 42
-8 8 6 42
-8 8 7 42
-8 8 8 42
-7 8 -8 42
-7 8 -7 2
-7 8 -6 2
-7 8 -5 2
-7 8 -4 2
-7 8 -3 2
-7 8 -2 2
-7 8 -1 2
-7 8 0 2
-7 8 1 2
-7 8 2 2
-7 8 3 2
-7 8 4 2
-7 8 5 2
-7 8 6 2
-7 8 7 2
-7 8 8 42
-6 8 -8 42
-6 8 -7 2
-6 8 -6 2
-6 8 -5 2
-6 8 -4 2
-6 8 -3 2
-6 8 -2 8
-6 8 -1 8
-6 8 0 8
-6 8 1 8
-6 8 2 8
-6 8 3 2
-6 8 4 2
-6 8 5 2
-6 8 6 2
-6 8 7 2
-6 8 8 42
-5 8 -8 42
-5 8 -7 2
-5 8 -6 2
-5 8 -5 2
-5 8 -4 8
-5 8 -3 8
-5 8 -2 8
-5 8 -1 8
-5 8 0 8
-5 8 1 8
-5 8 2 8
-5 8 3 8
-5 8 4 8
-5 8 5 2
-5 8 6 2
-5 8 7 2
-5 8 8 42
-4 8 -8 42
-4 8 -7 2
-4 8 -6 2
-4 8 -5 8
-4 8 -4 8
-4 8 -3 8
-4 8 -2 8
-4 8 -1 8
-4 8 0 8
-4 8 1 8
-4 8 2 8
-4 8 3 8
-4 8 4 8
-4 8 5 8
-4 8 6 2
-4 8 7 2
-4 8 8 42
-3 8 -8 42
-3 8 -7 2
-3 8 -6 2
-3 8 -5 8
-3 8 -4 8
-3 8 -3 8
-3 8 -2 8
-3 8 -1 8
-3 8 0 8
-3 8 1 8
-3 8 2 8
-3 8 3 8
-3 8 4 8
-3 8 5 8
-3 8 6 2
-3 8 7 2
-3 8 8 42
-2 8 -8 42
-2 8 -7 2
-2 8 -6 8
-2 8 -5 8
-2 8 -4 8
-2 8 -3 8
-2 8 -2 8
-2 8 -1 8
-2 8 0 8
-2 8 1 8
-2 8 2 8
-2 8 3 8
-2 8 4 8
-2 8 5 8
-2 8 6 8
-2 8 7 2
-2 8 8 42
-1 8 -8 42
-1 8 -7 2
-1 8 -6 8
-1 8 -5 8
-1 8 -4 8
-1 8 -3 8
-1 8 -2 8
-1 8 -1 8
-1 8 0 8
-1 8 1 8
-1 8 2 8
-1 8 3 8
-1 8 4 8
-1 8 5 8
-1 8 6 8
-1 8 7 2
-1 8 8 42
0 8 -8 42
0 8 -7 2
0 8 -6 8
0 8 -5 8
0 8 -4 8
0 8 -3 8
0 8 -2 8
0 8 -1 8
0 8 0 8
0 8 1 8
0 8 2 8
0 8 3 8
0 8 4 8
0 8 5 8
0 8 6 8
0 8 7 2
0 8 8 42
1 8 -8 42
1 8 -7 2
1 8 -6 8
1 8 -5 8
1 8 -4 8
1 8 -3 8
1 8 -2 8
1 8 -1 8
1 8 0 8
1 8 1 8
1 8 2 8
1 8 3 8
1 8 4 8
1 8 5 8
1 8 6 8
1 8 7 2
1 8 8 42
2 8 -8 42
2 8 -7 2
2 8 -6 8
2 8 -5 8
2 8 -4 8
2 8 -3 8
2 8 -2 8
2 8 -1 8
2 8 0 8
2 8 1 8
2 8 2 8
2 8 3 8
2 8 4 8
2 8 5 8
2 8 6 8
2 8 7 2
2 8 8 42
3 8 -8 42
3 8 -7 2
3 8 -6 2
3 8 -5 8
3 8 -4 8
3 8 -3 8
3 8 -2 8
3 8 -1 8
3 8 0 8
3 8 1 8
3 8 2 8
3 8 3 8
3 8 4 8
3 8 5 8
3 8 6 2
3 8 7 2
3 8 8 42
4 8 -8 42
4 8 -7 2
4 8 -6 2
4 8 -5 8
4 8 -4 8
4 8 -3 8
4 8 -2 8
4 8 -1 8
4 8 0 8
4 8 1 8
4 8 2 8
4 8 3 8
4 8 4 8
4 8 5 8
4 8 6 2
4 8 7 2
4 8 8 42
5 8 -8 42
5 8 -7 2
5 8 -6 2
5 8 -5 2
5 8 -4 8
5 8 -3 8
5 8 -2 8
5 8 -1 8
5 8 0 8
5 8 1 8
5 8 2 8
5 8 3 8
5 8 4 8
5 8 5 2
5 8 6 2
5 8 7 2
5 8 8 42
6 8 -8 42
6 8 -7 2
6 8 -6 2
6 8 -5 2
6 8 -4 2
6 8 -3 2
6 8 -2 8
6 8 -1 8
6 8 0 8
6 8 1 8
6 8 2 8
6 8 3 2
6 8 4 2
6 8 5 2
6 8 6 2
6 8 7 2
6 8 8 42
7 8 -8 42
7 8 -7 2
7 8 -6 2
7 8 -5 2
7 8 -4 2
7 8 -3 2
7 8 -2 2
7 8 -1 2
7 8 0 2
7 8 1 2
7 8 2 2
7 8 3 2
7 8 4 2
7 8 5 2
7 8 6 2
7 8 7 2
7 8 8 42
8 8 -8 42
8 8 -7 42
8 8 -6 42
8 8 -5 42
8 8 -4 42
8 8 -3 42
8 8 -2 42
8 8 -1 42
8 8 0 42
8 8 1 42
8 8 2 42
8 8 3 42
8 8 4 42
8 8 5 42
8 8 6 42
8 8 7 42
8 8 8 42
-8 9 -8 18
-8 9 -7 43
-8 9 -6 17
-8 9 -5 43
-8 9 -4 17
-8 9 -3 43
-8 9 -2 18
-8 9 -1 43
-8 9 0 17
-8 9 1 43
-8 9 2 18
-8 9 3 43
-8 9 4 18
-8 9 5 43
-8 9 6 18
-8 9 7 43
-8 9 8 18
-7 9 -8 43
-7 9 -2 30
-7 9 -1 30
-7 9 0 30
-7 9 1 30
-7 9 2 30
-7 9 8 43
-6 9 -8 17
-6 9 -4 30
-6 9 -3 30
-6 9 -2 8
-6 9 -1 8
-6 9 0 8
-6 9 1 8
-6 9 2 8
-6 9 3 30
-6 9 4 30
-6 9 8 17
-5 9 -8 43
-5 9 -5 30
-5 9 -4 8
-5 9 -3 8
-5 9 -2 8
-5 9 -1 8
-5 9 0 8
-5 9 1 8
-5 9 2 8
-5 9 3 8
-5 9 4 8
-5 9 5 30
-5 9 8 43
-4 9 -8 18
-4 9 -6 30
-4 9 -5 8
-4 9 -4 8
-4 9 -3 8
-4 9 -2 8
-4 9 -1 8
-4 9 0 8
-4 9 1 8
-4 9 2 8
-4 9 3 8
-4 9 4 8
-4 9 5 8
-4 9 6 30
-4 9 8 18
-3 9 -8 43
-3 9 -6 30
-3 9 -5 8
-3 9 -4 8
-3 9 -3 8
-3 9 -2 8
-3 9 -1 8
-3 9 0 8
-3 9 1 8
-3 9 2 8
-3 9 3 8
-3 9 4 8
-3 9 5 8
-3 9 6 30
-3 9 8 43
-2 9 -8 18
-2 9 -7 30
-2 9 -6 8
-2 9 -5 8
-2 9 -4 8
-2 9 -3 8
-2 9 -2 8
-2 9 -1 8
-2 9 0 8
-2 9 1 8
-2 9 2 8
-2 9 3 8
-2 9 4 8
-2 9 5 8
-2 9 6 8
-2 9 7 30
-2 9 8 18
-1 9 -8 43
-1 9 -7 30
-1 9 -6 8
-1 9 -5 8
-1 9 -4 8
-1 9 -3 8
-1 9 -2 8
-1 9 -1 8
-1 9 0 8
-1 9 1 8
-1 9 2 8
-1 9 3 8
-1 9 4 8
-1 9 5 8
-1 9 6 8
-1 9 7 30
-1 9 8 43
0 9 -8 18
0 9 -7 30
0 9 -6 8
0 9 -5 8
0 9 -4 8
0 9 -3 8
0 9 -2 8
0 9 -1 8
0 9 0 8
0 9 1 8
0 9 2 8
0 9 3 8
0 9 4 8
0 9 5 8
0 9 6 8
0 9 7 30
0 9 8 18
1 9 -8 43
1 9 -7 30
1 9 -6 8
1 9 -5 8
1 9 -4 8
1 9 -3 8
1 9 -2 8
1 9 -1 8
1 9 0 8
1 9 1 8
1 9 2 8
1 9 3 8
1 9 4 8
1 9 5 8
1 9 6 8
1 9 7 30
1 9 8 43
2 9 -8 18
2 9 -7 30
2 9 -6 8
2 9 -5 8
2 9 -4 8
2 9 -3 8
2 9 -2 8
2 9 -1 8
2 9 0 8
2 9 1 8
2 9 2 8
2 9 3 8
2 9 4 8
2 9 5 8
2 9 6 8
2 9 7 30
2 9 8 17
3 9 -8 43
3 9 -6 30
3 9 -5 8
3 9 -4 8
3 9 -3 8
3 9 -2 8
3 9 -1 8
3 9 0 8
3 9 1 8
3 9 2 8
3 9 3 8
3 9 4 8
3 9 5 8
3 9 6 30
3 9 8 43
4 9 -8 18
4 9 -6 30
4 9 -5 8
4 9 -4 8
4 9 -3 8
4 9 -2 8
4 9 -1 8
4 9 0 8
4 9 1 8
4 9 2 8
4 9 3 8
4 9 4 8
4 9 5 8
4 9 6 30
4 9 8 18
5 9 -8 43
5 9 -5 30
5 9 -4 8
5 9 -3 8
5 9 -2 8
5 9 -1 8
5 9 0 8
5 9 1 8
5 9 2 8
5 9 3 8
5 9 4 8
5 9 5 30
5 9 8 43
6 9 -8 17
6 9 -4 30
6 9 -3 30
6 9 -2 8
6 9 -1 8
6 9 0 8
6 9 1 8
6 9 2 8
6 9 3 30
6 9 4 30
6 9 8 18
7 9 -8 43
7 9 -2 30
7 9 -1 30
7 9 0 30
7 9 1 30
7 9 2 30
7 9 8 43
8 9 -8 18
8 9 -7 43
8 9 -6 18
8 9 -5 43
8 9 -4 18
8 9 -3 43
8 9 -2 18
8 9 -1 43
8 9 0 17
8 9 1 43
8 9 2 18
8 9 3 43
8 9 4 17
8 9 5 43
8 9 6 18
8 9 7 43
8 9 8 18
-7 10 -2 44
-7 10 -1 44
-7 10 0 44
-7 10 1 44
-7 10 2 44
-6 10 -4 44
-6 10 -3 44
-6 10 -2 44
-6 10 -1 8
-6 10 0 8
-6 10 1 8
-6 10 2 44
-6 10 3 44
-6 10 4 44
-5 10 -5 44
-5 10 -4 44
-5 10 -3 8
-5 10 -2 8
-5 10 -1 8
-5 10 0 8
-5 10 1 8
-5 10 2 8
-5 10 3 8
-5 10 4 44
-5 10 5 44
-4 10 -6 44
-4 10 -5 44
-4 10 -4 8
-4 10 -3 8
-4 10 -2 8
-4 10 -1 8
-4 10 0 8
-4 10 1 8
-4 10 2 8
-4 10 3 8
-4 10 4 8
-4 10 5 44
-4 10 6 44
-3 10 -6 44
-3 10 -5 8
-3 10 -4 8
-3 10 -3 8
-3 10 -2 8
-3 10 -1 8
-3 10 0 8
-3 10 1 8
-3 10 2 8
-3 10 3 8
-3 10 4 8
-3 10 5 8
-3 10 6 44
-2 10 -7 44
-2 10 -6 44
-2 10 -5 8
-2 10 -4 8
-2 10 -3 8
-2 10 -2 8
-2 10 -1 8
-2 10 0 8
-2 10 1 8
-2 10 2 8
-2 10 3 8
-2 10 4 8
-2 10 5 8
-2 10 6 44
-2 10 7 44
-1 10 -7 44
-1 10 -6 8
-1 10 -5 8
-1 10 -4 8
-1 10 -3 8
-1 10 -2 8
-1 10 -1 8
-1 10 0 8
-1 10 1 8
-1 10 2 8
-1 10 3 8
-1 10 4 8
-1 10 5 8
-1 10 6 8
-1 10 7 44
0 10 -7 44
0 10 -6 8
0 10 -5 8
0 10 -4 8
0 10 -3 8
0 10 -2 8
0 10 -1 8
0 10 0 8
0 10 1 8
0 10 2 8
0 10 3 8
0 10 4 8
0 10 5 8
0 10 6 8
0 10 7 44
1 10 -7 44
1 10 -6 8
1 10 -5 8
1 10 -4 8
1 10 -3 8
1 10 -2 8
1 10 -1 8
1 10 0 8
1 10 1 8
1 10 2 8
1 10 3 8
1 10 4 8
1 10 5 8
1 10 6 8
1 10 7 44
2 10 -7 44
2 10 -6 44
2 10 -5 8
2 10 -4 8
2 10 -3 8
2 10 -2 8
2 10 -1 8
2 10 0 8
2 10 1 8
2 10 2 8
2 10 3 8
2 10 4 8
2 10 5 8
2 10 6 44
2 10 7 44
3 10 -6 44
3 10 -5 8
3 10 -4 8
3 10 -3 8
3 10 -2 8
3 10 -1 8
3 10 0 8
3 10 1 8
3 10 2 8
3 10 3 8
3 10 4 8
3 10 5 8
3 10 6 44
4 10 -6 44
4 10 -5 44
4 10 -4 8
4 10 -3 8
4 10 -2 8
4 10 -1 8
4 10 0 8
4 10 1 8
4 10 2 8
4 10 3 8
4 10 4 8
4 10 5 44
4 10 6 44
5 10 -5 44
5 10 -4 44
5 10 -3 8
5 10 -2 8
5 10 -1 8
5 10 0 8
5 10 1 8
5 10 2 8
5 10 3 8
5 10 4 44
5 10 5 44
6 10 -4 44
6 10 -3 44
6 10 -2 44
6 10 -1 8
6 10 0 8
6 10 1 8
6 10 2 44
6 10 3 44
6 10 4 44
7 10 -2 44
7 10 -1 44
7 10 0 44
7 10 1 44
7 10 2 44
-7 11 -1 44
-7 11 0 44
-7 11 1 44
-6 11 -3 44
-6 11 -2 44
-6 11 -1 44
-6 11 0 8
-6 11 1 44
-6 11 2 44
-6 11 3 44
-5 11 -5 44
-5 11 -4 44
-5 11 -3 8
-5 11 -2 8
-5 11 -1 8
-5 11 0 8
-5 11 1 8
-5 11 2 8
-5 11 3 8
-5 11 4 44
-5 11 5 44
-4 11 -5 44
-4 11 -4 8
-4 11 -3 8
-4 11 -2 8
-4 11 -1 8
-4 11 0 8
-4 11 1 8
-4 11 2 8
-4 11 3 8
-4 11 4 8
-4 11 5 44
-3 11 -6 44
-3 11 -5 8
-3 11 -4 8
-3 11 -3 8
-3 11 -2 8
-3 11 -1 8
-3 11 0 8
-3 11 1 8
-3 11 2 8
-3 11 3 8
-3 11 4 8
-3 11 5 8
-3 11 6 44
-2 11 -6 44
-2 11 -5 8
-2 11 -4 8
-2 11 -3 8
-2 11 -2 8
-2 11 -1 8
-2 11 0 8
-2 11 1 8
-2 11 2 8
-2 11 3 8
-2 11 4 8
-2 11 5 8
-2 11 6 44
-1 11 -7 44
-1 11 -6 44
-1 11 -5 8
-1 11 -4 8
-1 11 -3 8
-1 11 -2 8
-1 11 -1 8
-1 11 0 8
-1 11 1 8
-1 11 2 8
-1 11 3 8
-1 11 4 8
-1 11 5 8
-1 11 6 44
-1 11 7 44
0 11 -7 44
0 11 -6 8
0 11 -5 8
0 11 -4 8
0 11 -3 8
0 11 -2 8
0 11 -1 8
0 11 0 8
0 11 1 8
0 11 2 8
0 11 3 8
0 11 4 8
0 11 5 8
0 11 6 8
0 11 7 44
1 11 -7 44
1 11 -6 44
1 11 -5 8
1 11 -4 8
1 11 -3 8
1 11 -2 8
1 11 -1 8
1 11 0 8
1 11 1 8
1 11 2 8
1 11 3 8
1 11 4 8
1 11 5 8
1 11 6 44
1 11 7 44
2 11 -6 44
2 11 -5 8
2 11 -4 8
2 11 -3 8
2 11 -2 8
2 11 -1 8
2 11 0 8
2 11 1 8
2 11 2 8
2 11 3 8
2 11 4 8
2 11 5 8
2 11 6 44
3 11 -6 44
3 11 -5 8
3 11 -4 8
3 11 -3 8
3 11 -2 8
3 11 -1 8
3 11 0 8
3 11 1 8
3 11 2 8
3 11 3 8
3 11 4 8
3 11 5 8
3 11 6 44
4 11 -5 44
4 11 -4 8
4 11 -3 8
4 11 -2 8
4 11 -1 8
4 11 0 8
4 11 1 8
4 11 2 8
4 11 3 8
4 11 4 8
4 11 5 44
5 11 -5 44
5 11 -4 44
5 11 -3 8
5 11 -2 8
5 11 -1 8
5 11 0 8
5 11 1 8
5 11 2 8
5 11 3 8
5 11 4 44
5 11 5 44
6 11 -3 44
6 11 -2 44
6 11 -1 44
6 11 0 8
6 11 1 44
6 11 2 44
6 11 3 44
7 11 -1 44
7 11 0 44
7 11 1 44
-6 12 -3 44
-6 12 -2 44
-6 12 -1 44
-6 12 0 44
-6 12 1 44
-6 12 2 44
-6 12 3 44
-5 12 -4 44
-5 12 -3 44
-5 12 -2 8
-5 12 -1 8
-5 12 0 8
-5 12 1 8
-5 12 2 8
-5 12 3 44
-5 12 4 44
-4 12 -5 44
-4 12 -4 44
-4 12 -3 8
-4 12 -2 8
-4 12 -1 8
-4 12 0 8
-4 12 1 8
-4 12 2 8
-4 12 3 8
-4 12 4 44
-4 12 5 44
-3 12 -6 44
-3 12 -5 44
-3 12 -4 8
-3 12 -3 8
-3 12 -2 8
-3 12 -1 8
-3 12 0 8
-3 12 1 8
-3 12 2 8
-3 12 3 8
-3 12 4 8
-3 12 5 44
-3 12 6 44
-2 12 -6 44
-2 12 -5 8
-2 12 -4 8
-2 12 -3 8
-2 12 -2 8
-2 12 -1 8
-2 12 0 8
-2 12 1 8
-2 12 2 8
-2 12 3 8
-2 12 4 8
-2 12 5 8
-2 12 6 44
-1 12 -6 44
-1 12 -5 8
-1 12 -4 8
-1 12 -3 8
-1 12 -2 8
-1 12 -1 8
-1 12 0 8
-1 12 1 8
-1 12 2 8
-1 12 3 8
-1 12 4 8
-1 12 5 8
-1 12 6 44
0 12 -6 44
0 12 -5 8
0 12 -4 8
0 12 -3 8
0 12 -2 8
0 12 -1 8
0 12 0 8
0 12 1 8
0 12 2 8
0 12 3 8
0 12 4 8
0 12 5 8
0 12 6 44
1 12 -6 44
1 12 -5 8
1 12 -4 8
1 12 -3 8
1 12 -2 8
1 12 -1 8
1 12 0 8
1 12 1 8
1 12 2 8
1 12 3 8
1 12 4 8
1 12 5 8
1 12 6 44
2 12 -6 44
2 12 -5 8
2 12 -4 8
2 12 -3 8
2 12 -2 8
2 12 -1 8
2 12 0 8
2 12 1 8
2 12 2 8
2 12 3 8
2 12 4 8
2 12 5 8
2 12 6 44
3 12 -6 44
3 12 -5 44
3 12 -4 8
3 12 -3 8
3 12 -2 8
3 12 -1 8
3 12 0 8
3 12 1 8
3 12 2 8
3 12 3 8
3 12 4 8
3 12 5 44
3 12 6 44
4 12 -5 44
4 12 -4 44
4 12 -3 8
4 12 -2 8
4 12 -1 8
4 12 0 8
4 12 1 8
4 12 2 8
4 12 3 8
4 12 4 44
4 12 5 44
5 12 -4 44
5 12 -3 44
5 12 -2 8
5 12 -1 8
5 12 0 8
5 12 1 8
5 12 2 8
5 12 3 44
5 12 4 44
6 12 -3 44
6 12 -2 44
6 12 -1 44
6 12 0 44
6 12 1 44
6 12 2 44
6 12 3 44
-6 13 -1 44
-6 13 0 44
-6 13 1 44
-5 13 -3 44
-5 13 -2 44
-5 13 -1 44
-5 13 0 44
-5 13 1 44
-5 13 2 44
-5 13 3 44
-4 13 -4 44
-4 13 -3 44
-4 13 -2 8
-4 13 -1 8
-4 13 0 8
-4 13 1 8
-4 13 2 8
-4 13 3 44
-4 13 4 44
-3 13 -5 44
-3 13 -4 44
-3 13 -3 8
-3 13 -2 8
-3 13 -1 8
-3 13 0 8
-3 13 1 8
-3 13 2 8
-3 13 3 8
-3 13 4 44
-3 13 5 44
-2 13 -5 44
-2 13 -4 8
-2 13 -3 8
-2 13 -2 8
-2 13 -1 8
-2 13 0 8
-2 13 1 8
-2 13 2 8
-2 13 3 8
-2 13 4 8
-2 13 5 44
-1 13 -6 44
-1 13 -5 44
-1 13 -4 8
-1 13 -3 8
-1 13 -2 8
-1 13 -1 8
-1 13 0 8
-1 13 1 8
-1 13 2 8
-1 13 3 8
-1 13 4 8
-1 13 5 44
-1 13 6 44
0 13 -6 44
0 13 -5 44
0 13 -4 8
0 13 -3 8
0 13 -2 8
0 13 -1 8
0 13 0 8
0 13 1 8
0 13 2 8
0 13 3 8
0 13 4 8
0 13 5 44
0 13 6 44
1 13 -6 44
1 13 -5 44
1 13 -4 8
1 13 -3 8
1 13 -2 8
1 13 -1 8
1 13 0 8
1 13 1 8
1 13 2 8
1 13 3 8
1 13 4 8
1 13 5 44
1 13 6 44
2 13 -5 44
2 13 -4 8
2 13 -3 8
2 13 -2 8
2 13 -1 8
2 13 0 8
2 13 1 8
2 13 2 8
2 13 3 8
2 13 4 8
2 13 5 44
3 13 -5 44
3 13 -4 44
3 13 -3 8
3 13 -2 8
3 13 -1 8
3 13 0 8
3 13 1 8
3 13 2 8
3 13 3 8
3 13 4 44
3 13 5 44
4 13 -4 44
4 13 -3 44
4 13 -2 8
4 13 -1 8
4 13 0 8
4 13 1 8
4 13 2 8
4 13 3 44
4 13 4 44
5 13 -3 44
5 13 -2 44
5 13 -1 44
5 13 0 44
5 13 1 44
5 13 2 44
5 13 3 44
6 13 -1 44
6 13 0 44
6 13 1 44
-5 14 -2 44
-5 14 -1 44
-5 14 0 44
-5 14 1 44
-5 14 2 44
-4 14 -3 44
-4 14 -2 44
-4 14 -1 44
-4 14 0 44
-4 14 1 44
-4 14 2 44
-4 14 3 44
-3 14 -4 44
-3 14 -3 44
-3 14 -2 8
-3 14 -1 8
-3 14 0 8
-3 14 1 8
-3 14 2 8
-3 14 3 44
-3 14 4 44
-2 14 -5 44
-2 14 -4 44
-2 14 -3 8
-2 14 -2 8
-2 14 -1 8
-2 14 0 8
-2 14 1 8
-2 14 2 8
-2 14 3 8
-2 14 4 44
-2 14 5 44
-1 14 -5 44
-1 14 -4 44
-1 14 -3 8
-1 14 -2 8
-1 14 -1 8
-1 14 0 8
-1 14 1 8
-1 14 2 8
-1 14 3 8
-1 14 4 44
-1 14 5 44
0 14 -5 44
0 14 -4 44
0 14 -3 8
0 14 -2 8
0 14 -1 8
0 14 0 8
0 14 1 8
0 14 2 8
0 14 3 8
0 14 4 44
0 14 5 44
1 14 -5 44
1 14 -4 44
1 14 -3 8
1 14 -2 8
1 14 -1 8
1 14 0 8
1 14 1 8
1 14 2 8
1 14 3 8
1 14 4 44
1 14 5 44
2 14 -5 44
2 14 -4 44
2 14 -3 8
2 14 -2 8
2 14 -1 8
2 14 0 8
2 14 1 8
2 14 2 8
2 14 3 8
2 14 4 44
2 14 5 44
3 14 -4 44
3 14 -3 44
3 14 -2 8
3 14 -1 8
3 14 0 8
3 14 1 8
3 14 2 8
3 14 3 44
3 14 4 44
4 14 -3 44
4 14 -2 44
4 14 -1 44
4 14 0 44
4 14 1 44
4 14 2 44
4 14 3 44
5 14 -2 44
5 14 -1 44
5 14 0 44
5 14 1 44
5 14 2 44
-4 15 -1 44
-4 15 0 44
-4 15 1 44
-3 15 -3 44
-3 15 -2 44
-3 15 -1 44
-3 15 0 44
-3 15 1 44
-3 15 2 44
-3 15 3 44
-2 15 -3 44
-2 15 -2 44
-2 15 -1 44
-2 15 0 8
-2 15 1 44
-2 15 2 44
-2 15 3 44
-1 15 -4 44
-1 15 -3 44
-1 15 -2 44
-1 15 -1 8
-1 15 0 8
-1 15 1 8
-1 15 2 44
-1 15 3 44
-1 15 4 44
0 15 -4 44
0 15 -3 44
0 15 -2 8
0 15 -1 8
0 15 0 8
0 15 1 8
0 15 2 8
0 15 3 44
0 15 4 44
1 15 -4 44
1 15 -3 44
1 15 -2 44
1 15 -1 8
1 15 0 8
1 15 1 8
1 15 2 44
1 15 3 44
1 15 4 44
2 15 -3 44
2 15 -2 44
2 15 -1 44
2 15 0 8
2 15 1 44
2 15 2 44
2 15 3 44
3 15 -3 44
3 15 -2 44
3 15 -1 44
3 15 0 44
3 15 1 44
3 15 2 44
3 15 3 44
4 15 -1 44
4 15 0 44
4 15 1 44
-2 16 -1 44
-2 16 0 44
-2 16 1 44
-1 16 -2 44
-1 16 -1 44
-1 16 0 44
-1 16 1 44
-1 16 2 44
0 16 -2 44
0 16 -1 44
0 16 0 44
0 16 1 44
0 16 2 44
1 16 -2 44
1 16 -1 44
1 16 0 44
1 16 1 44
1 16 2 44
2 16 -1 44
2 16 0 44
2 16 1 44
0 17 0 45
0 18 0 46
