core 0 1 5
P minecraft:cut_sandstone
P minecraft:smooth_sandstone
P minecraft:air
P minecraft:hay_block[axis=x]
P minecraft:hay_block[axis=y]
P minecraft:ladder[facing=north,waterlogged=false]
P minecraft:jungle_fence[east=false,north=true,south=false,waterlogged=false,west=false]
P minecraft:composter
P minecraft:glass_pane[east=false,north=true,south=true,waterlogged=false,west=false]
P minecraft:glass_pane[east=true,north=false,south=false,waterlogged=false,west=true]
P minecraft:white_wool
P minecraft:orange_wool
P minecraft:orange_terracotta
P minecraft:decorated_pot[cracked=false,facing=north,waterlogged=false]
P minecraft:orange_bed[facing=north,occupied=false,part=head]
P minecraft:orange_bed[facing=north,occupied=false,part=foot]
P minecraft:lantern[hanging=false,waterlogged=false]
P minecraft:orange_carpet
P minecraft:chiseled_sandstone
P minecraft:smooth_sandstone_slab[type=bottom,waterlogged=false]
P minecraft:cyan_terracotta
P minecraft:potted_cactus
P minecraft:gold_block
-3 0 -4 0
-3 0 -3 0
-3 0 -2 0
-3 0 -1 0
-3 0 0 0
-3 0 1 0
-3 0 2 0
-3 0 3 0
-3 0 4 0
-2 0 -4 0
-2 0 -3 1
-2 0 -2 1
-2 0 -1 1
-2 0 0 1
-2 0 1 1
-2 0 2 1
-2 0 3 1
-2 0 4 0
-1 0 -4 0
-1 0 -3 1
-1 0 -2 1
-1 0 -1 1
-1 0 0 1
-1 0 1 1
-1 0 2 1
-1 0 3 1
-1 0 4 0
0 0 -4 0
0 0 -3 1
0 0 -2 1
0 0 -1 1
0 0 0 1
0 0 1 1
0 0 2 1
0 0 3 1
0 0 4 0
1 0 -4 0
1 0 -3 1
1 0 -2 1
1 0 -1 1
1 0 0 1
1 0 1 1
1 0 2 1
1 0 3 1
1 0 4 0
2 0 -4 0
2 0 -3 1
2 0 -2 1
2 0 -1 1
2 0 0 1
2 0 1 1
2 0 2 1
2 0 3 1
2 0 4 0
3 0 -4 0
3 0 -3 0
3 0 -2 0
3 0 -1 0
3 0 0 0
3 0 1 0
3 0 2 0
3 0 3 0
3 0 4 0
-3 1 -4 0
-3 1 -3 0
-3 1 -2 0
-3 1 -1 0
-3 1 0 0
-3 1 1 0
-3 1 2 0
-3 1 3 0
-3 1 4 0
-2 1 -4 0
-2 1 -3 2
-2 1 -2 2
-2 1 -1 3
-2 1 0 4
-2 1 1 2
-2 1 2 2
-2 1 3 5
-2 1 4 0
-2 1 5 6
-1 1 -4 0
-1 1 -3 2
-1 1 -2 2
-1 1 -1 2
-1 1 0 2
-1 1 1 2
-1 1 2 2
-1 1 3 2
-1 1 4 2
0 1 -4 0
0 1 -3 7
0 1 -2 2
0 1 -1 2
0 1 0 2
0 1 1 2
0 1 2 2
0 1 3 2
0 1 4 2
1 1 -4 0
1 1 -3 2
1 1 -2 2
1 1 -1 2
1 1 0 2
1 1 1 2
1 1 2 2
1 1 3 2
1 1 4 2
2 1 -4 0
2 1 -3 2
2 1 -2 2
2 1 -1 2
2 1 0 2
2 1 1 2
2 1 2 2
2 1 3 2
2 1 4 0
2 1 5 6
3 1 -4 0
3 1 -3 0
3 1 -2 0
3 1 -1 0
3 1 0 0
3 1 1 0
3 1 2 0
3 1 3 0
3 1 4 0
-3 2 -4 0
-3 2 -3 0
-3 2 -2 8
-3 2 -1 0
-3 2 0 8
-3 2 1 0
-3 2 2 8
-3 2 3 0
-3 2 4 0
-2 2 -4 0
-2 2 -3 2
-2 2 -2 2
-2 2 -1 2
-2 2 0 2
-2 2 1 2
-2 2 2 2
-2 2 3 5
-2 2 4 0
-2 2 5 6
-1 2 -4 9
-1 2 -3 2
-1 2 -2 2
-1 2 -1 2
-1 2 0 2
-1 2 1 2
-1 2 2 2
-1 2 3 2
-1 2 4 2
0 2 -4 0
0 2 -3 2
0 2 -2 2
0 2 -1 2
0 2 0 2
0 2 1 2
0 2 2 2
0 2 3 2
0 2 4 2
1 2 -4 9
1 2 -3 2
1 2 -2 2
1 2 -1 2
1 2 0 2
1 2 1 2
1 2 2 2
1 2 3 2
1 2 4 2
2 2 -4 0
2 2 -3 2
2 2 -2 2
2 2 -1 2
2 2 0 2
2 2 1 2
2 2 2 2
2 2 3 2
2 2 4 0
2 2 5 6
3 2 -4 0
3 2 -3 0
3 2 -2 8
3 2 -1 0
3 2 0 8
3 2 1 0
3 2 2 8
3 2 3 0
3 2 4 0
-3 3 -4 0
-3 3 -3 0
-3 3 -2 8
-3 3 -1 0
-3 3 0 8
-3 3 1 0
-3 3 2 8
-3 3 3 0
-3 3 4 0
-2 3 -4 0
-2 3 -3 2
-2 3 -2 2
-2 3 -1 2
-2 3 0 2
-2 3 1 2
-2 3 2 2
-2 3 3 5
-2 3 4 0
-2 3 5 10
-1 3 -4 9
-1 3 -3 2
-1 3 -2 2
-1 3 -1 2
-1 3 0 2
-1 3 1 2
-1 3 2 2
-1 3 3 2
-1 3 4 0
-1 3 5 11
0 3 -4 0
0 3 -3 2
0 3 -2 2
0 3 -1 2
0 3 0 2
0 3 1 2
0 3 2 2
0 3 3 2
0 3 4 0
0 3 5 10
1 3 -4 9
1 3 -3 2
1 3 -2 2
1 3 -1 2
1 3 0 2
1 3 1 2
1 3 2 2
1 3 3 2
1 3 4 0
1 3 5 11
2 3 -4 0
2 3 -3 2
2 3 -2 2
2 3 -1 2
2 3 0 2
2 3 1 2
2 3 2 2
2 3 3 2
2 3 4 0
2 3 5 10
3 3 -4 0
3 3 -3 0
3 3 -2 8
3 3 -1 0
3 3 0 8
3 3 1 0
3 3 2 8
3 3 3 0
3 3 4 0
-3 4 -4 0
-3 4 -3 12
-3 4 -2 0
-3 4 -1 12
-3 4 0 0
-3 4 1 12
-3 4 2 0
-3 4 3 12
-3 4 4 0
-2 4 -4 12
-2 4 -3 1
-2 4 -2 1
-2 4 -1 1
-2 4 0 1
-2 4 1 1
-2 4 2 1
-2 4 3 5
-2 4 4 12
-1 4 -4 0
-1 4 -3 1
-1 4 -2 1
-1 4 -1 1
-1 4 0 1
-1 4 1 1
-1 4 2 1
-1 4 3 1
-1 4 4 0
0 4 -4 12
0 4 -3 1
0 4 -2 1
0 4 -1 1
0 4 0 1
0 4 1 1
0 4 2 1
0 4 3 1
0 4 4 12
1 4 -4 0
1 4 -3 1
1 4 -2 1
1 4 -1 1
1 4 0 1
1 4 1 1
1 4 2 1
1 4 3 1
1 4 4 0
2 4 -4 12
2 4 -3 1
2 4 -2 1
2 4 -1 1
2 4 0 1
2 4 1 1
2 4 2 1
2 4 3 1
2 4 4 12
3 4 -4 0
3 4 -3 12
3 4 -2 0
3 4 -1 12
3 4 0 0
3 4 1 12
3 4 2 0
3 4 3 12
3 4 4 0
-3 5 -4 0
-3 5 -3 1
-3 5 -2 1
-3 5 -1 1
-3 5 0 1
-3 5 1 1
-3 5 2 1
-3 5 3 1
-3 5 4 0
-2 5 -4 1
-2 5 -3 13
-2 5 -2 2
-2 5 -1 2
-2 5 0 2
-2 5 1 2
-2 5 2 2
-2 5 3 5
-2 5 4 1
-1 5 -4 1
-1 5 -3 2
-1 5 -2 2
-1 5 -1 2
-1 5 0 2
-1 5 1 2
-1 5 2 2
-1 5 3 2
-1 5 4 1
0 5 -4 1
0 5 -3 14
0 5 -2 15
0 5 -1 2
0 5 0 16
0 5 1 2
0 5 2 2
0 5 3 2
0 5 4 1
1 5 -4 1
1 5 -3 2
1 5 -2 2
1 5 -1 2
1 5 0 2
1 5 1 17
1 5 2 2
1 5 3 2
1 5 4 1
2 5 -4 1
2 5 -3 14
2 5 -2 15
2 5 -1 2
2 5 0 2
2 5 1 2
2 5 2 2
2 5 3 2
2 5 4 1
3 5 -4 0
3 5 -3 1
3 5 -2 1
3 5 -1 1
3 5 0 1
3 5 1 1
3 5 2 1
3 5 3 1
3 5 4 0
-3 6 -4 0
-3 6 -3 1
-3 6 -2 8
-3 6 -1 1
-3 6 0 8
-3 6 1 1
-3 6 2 8
-3 6 3 1
-3 6 4 0
-2 6 -4 1
-2 6 -3 2
-2 6 -2 2
-2 6 -1 2
-2 6 0 2
-2 6 1 2
-2 6 2 2
-2 6 3 5
-2 6 4 1
-1 6 -4 9
-1 6 -3 2
-1 6 -2 2
-1 6 -1 2
-1 6 0 2
-1 6 1 2
-1 6 2 2
-1 6 3 2
-1 6 4 9
0 6 -4 1
0 6 -3 2
0 6 -2 2
0 6 -1 2
0 6 0 2
0 6 1 2
0 6 2 2
0 6 3 2
0 6 4 1
1 6 -4 9
1 6 -3 2
1 6 -2 2
1 6 -1 2
1 6 0 2
1 6 1 2
1 6 2 2
1 6 3 2
1 6 4 9
2 6 -4 1
2 6 -3 2
2 6 -2 2
2 6 -1 2
2 6 0 2
2 6 1 2
2 6 2 2
2 6 3 2
2 6 4 1
3 6 -4 0
3 6 -3 1
3 6 -2 8
3 6 -1 1
3 6 0 8
3 6 1 1
3 6 2 8
3 6 3 1
3 6 4 0
-3 7 -4 0
-3 7 -3 1
-3 7 -2 8
-3 7 -1 1
-3 7 0 8
-3 7 1 1
-3 7 2 8
-3 7 3 1
-3 7 4 0
-2 7 -4 1
-2 7 -3 2
-2 7 -2 2
-2 7 -1 2
-2 7 0 2
-2 7 1 2
-2 7 2 2
-2 7 3 5
-2 7 4 1
-1 7 -4 9
-1 7 -3 2
-1 7 -2 2
-1 7 -1 2
-1 7 0 2
-1 7 1 2
-1 7 2 2
-1 7 3 2
-1 7 4 9
0 7 -4 1
0 7 -3 2
0 7 -2 2
0 7 -1 2
0 7 0 2
0 7 1 2
0 7 2 2
0 7 3 2
0 7 4 1
1 7 -4 9
1 7 -3 2
1 7 -2 2
1 7 -1 2
1 7 0 2
1 7 1 2
1 7 2 2
1 7 3 2
1 7 4 9
2 7 -4 1
2 7 -3 2
2 7 -2 2
2 7 -1 2
2 7 0 2
2 7 1 2
2 7 2 2
2 7 3 2
2 7 4 1
3 7 -4 0
3 7 -3 1
3 7 -2 8
3 7 -1 1
3 7 0 8
3 7 1 1
3 7 2 8
3 7 3 1
3 7 4 0
-3 8 -4 0
-3 8 -3 12
-3 8 -2 0
-3 8 -1 12
-3 8 0 0
-3 8 1 12
-3 8 2 0
-3 8 3 12
-3 8 4 0
-2 8 -4 12
-2 8 -3 1
-2 8 -2 1
-2 8 -1 1
-2 8 0 1
-2 8 1 1
-2 8 2 1
-2 8 3 5
-2 8 4 12
-1 8 -4 0
-1 8 -3 1
-1 8 -2 1
-1 8 -1 1
-1 8 0 1
-1 8 1 1
-1 8 2 1
-1 8 3 1
-1 8 4 0
0 8 -4 12
0 8 -3 1
0 8 -2 1
0 8 -1 1
0 8 0 1
0 8 1 1
0 8 2 1
0 8 3 1
0 8 4 12
1 8 -4 0
1 8 -3 1
1 8 -2 1
1 8 -1 1
1 8 0 1
1 8 1 1
1 8 2 1
1 8 3 1
1 8 4 0
2 8 -4 12
2 8 -3 1
2 8 -2 1
2 8 -1 1
2 8 0 1
2 8 1 1
2 8 2 1
2 8 3 1
2 8 4 12
3 8 -4 0
3 8 -3 12
3 8 -2 0
3 8 -1 12
3 8 0 0
3 8 1 12
3 8 2 0
3 8 3 12
3 8 4 0
-3 9 -4 0
-3 9 -3 1
-3 9 -2 1
-3 9 -1 1
-3 9 0 1
-3 9 1 1
-3 9 2 1
-3 9 3 1
-3 9 4 0
-2 9 -4 1
-2 9 -3 13
-2 9 -2 2
-2 9 -1 2
-2 9 0 2
-2 9 1 2
-2 9 2 2
-2 9 3 5
-2 9 4 1
-1 9 -4 1
-1 9 -3 2
-1 9 -2 2
-1 9 -1 2
-1 9 0 2
-1 9 1 2
-1 9 2 2
-1 9 3 2
-1 9 4 1
0 9 -4 1
0 9 -3 14
0 9 -2 15
0 9 -1 2
0 9 0 16
0 9 1 2
0 9 2 2
0 9 3 2
0 9 4 1
1 9 -4 1
1 9 -3 2
1 9 -2 2
1 9 -1 2
1 9 0 2
1 9 1 17
1 9 2 2
1 9 3 2
1 9 4 1
2 9 -4 1
2 9 -3 14
2 9 -2 15
2 9 -1 2
2 9 0 2
2 9 1 2
2 9 2 2
2 9 3 2
2 9 4 1
3 9 -4 0
3 9 -3 1
3 9 -2 1
3 9 -1 1
3 9 0 1
3 9 1 1
3 9 2 1
3 9 3 1
3 9 4 0
-3 10 -4 0
-3 10 -3 1
-3 10 -2 8
-3 10 -1 1
-3 10 0 8
-3 10 1 1
-3 10 2 8
-3 10 3 1
-3 10 4 0
-2 10 -4 1
-2 10 -3 2
-2 10 -2 2
-2 10 -1 2
-2 10 0 2
-2 10 1 2
-2 10 2 2
-2 10 3 5
-2 10 4 1
-1 10 -4 9
-1 10 -3 2
-1 10 -2 2
-1 10 -1 2
-1 10 0 2
-1 10 1 2
-1 10 2 2
-1 10 3 2
-1 10 4 9
0 10 -4 1
0 10 -3 2
0 10 -2 2
0 10 -1 2
0 10 0 2
0 10 1 2
0 10 2 2
0 10 3 2
0 10 4 1
1 10 -4 9
1 10 -3 2
1 10 -2 2
1 10 -1 2
1 10 0 2
1 10 1 2
1 10 2 2
1 10 3 2
1 10 4 9
2 10 -4 1
2 10 -3 2
2 10 -2 2
2 10 -1 2
2 10 0 2
2 10 1 2
2 10 2 2
2 10 3 2
2 10 4 1
3 10 -4 0
3 10 -3 1
3 10 -2 8
3 10 -1 1
3 10 0 8
3 10 1 1
3 10 2 8
3 10 3 1
3 10 4 0
-3 11 -4 0
-3 11 -3 1
-3 11 -2 8
-3 11 -1 1
-3 11 0 8
-3 11 1 1
-3 11 2 8
-3 11 3 1
-3 11 4 0
-2 11 -4 1
-2 11 -3 2
-2 11 -2 2
-2 11 -1 2
-2 11 0 2
-2 11 1 2
-2 11 2 2
-2 11 3 5
-2 11 4 1
-1 11 -4 9
-1 11 -3 2
-1 11 -2 2
-1 11 -1 2
-1 11 0 2
-1 11 1 2
-1 11 2 2
-1 11 3 2
-1 11 4 9
0 11 -4 1
0 11 -3 2
0 11 -2 2
0 11 -1 2
0 11 0 2
0 11 1 2
0 11 2 2
0 11 3 2
0 11 4 1
1 11 -4 9
1 11 -3 2
1 11 -2 2
1 11 -1 2
1 11 0 2
1 11 1 2
1 11 2 2
1 11 3 2
1 11 4 9
2 11 -4 1
2 11 -3 2
2 11 -2 2
2 11 -1 2
2 11 0 2
2 11 1 2
2 11 2 2
2 11 3 2
2 11 4 1
3 11 -4 0
3 11 -3 1
3 11 -2 8
3 11 -1 1
3 11 0 8
3 11 1 1
3 11 2 8
3 11 3 1
3 11 4 0
-3 12 -4 0
-3 12 -3 12
-3 12 -2 0
-3 12 -1 12
-3 12 0 0
-3 12 1 12
-3 12 2 0
-3 12 3 12
-3 12 4 0
-2 12 -4 12
-2 12 -3 2
-2 12 -2 2
-2 12 -1 2
-2 12 0 2
-2 12 1 2
-2 12 2 2
-2 12 3 5
-2 12 4 12
-1 12 -4 0
-1 12 -3 2
-1 12 -2 2
-1 12 -1 2
-1 12 0 2
-1 12 1 2
-1 12 2 2
-1 12 3 2
-1 12 4 0
0 12 -4 12
0 12 -3 2
0 12 -2 2
0 12 -1 2
0 12 0 2
0 12 1 2
0 12 2 2
0 12 3 2
0 12 4 12
1 12 -4 0
1 12 -3 2
1 12 -2 2
1 12 -1 2
1 12 0 2
1 12 1 2
1 12 2 2
1 12 3 2
1 12 4 0
2 12 -4 12
2 12 -3 2
2 12 -2 2
2 12 -1 2
2 12 0 2
2 12 1 2
2 12 2 2
2 12 3 2
2 12 4 12
3 12 -4 0
3 12 -3 12
3 12 -2 0
3 12 -1 12
3 12 0 0
3 12 1 12
3 12 2 0
3 12 3 12
3 12 4 0
-3 13 -4 0
-3 13 -3 0
-3 13 -2 0
-3 13 -1 0
-3 13 0 0
-3 13 1 0
-3 13 2 0
-3 13 3 0
-3 13 4 0
-2 13 -4 0
-2 13 -3 1
-2 13 -2 1
-2 13 -1 1
-2 13 0 1
-2 13 1 1
-2 13 2 1
-2 13 3 5
-2 13 4 0
-1 13 -4 0
-1 13 -3 1
-1 13 -2 1
-1 13 -1 1
-1 13 0 1
-1 13 1 1
-1 13 2 1
-1 13 3 1
-1 13 4 0
0 13 -4 0
0 13 -3 1
0 13 -2 1
0 13 -1 1
0 13 0 1
0 13 1 1
0 13 2 1
0 13 3 1
0 13 4 0
1 13 -4 0
1 13 -3 1
1 13 -2 1
1 13 -1 1
1 13 0 1
1 13 1 1
1 13 2 1
1 13 3 1
1 13 4 0
2 13 -4 0
2 13 -3 1
2 13 -2 1
2 13 -1 1
2 13 0 1
2 13 1 1
2 13 2 1
2 13 3 1
2 13 4 0
3 13 -4 0
3 13 -3 0
3 13 -2 0
3 13 -1 0
3 13 0 0
3 13 1 0
3 13 2 0
3 13 3 0
3 13 4 0
-3 14 -4 18
-3 14 -3 1
-3 14 -2 19
-3 14 -1 1
-3 14 0 19
-3 14 1 1
-3 14 2 19
-3 14 3 1
-3 14 4 18
-2 14 -4 1
-2 14 -2 20
-2 14 -1 20
-2 14 0 20
-2 14 4 1
-1 14 -4 19
-1 14 -2 20
-1 14 -1 20
-1 14 0 20
-1 14 4 19
0 14 -4 1
0 14 -2 20
0 14 -1 20
0 14 0 20
0 14 4 1
1 14 -4 19
1 14 4 19
2 14 -4 1
2 14 1 21
2 14 4 1
3 14 -4 18
3 14 -3 1
3 14 -2 19
3 14 -1 1
3 14 0 19
3 14 1 1
3 14 2 19
3 14 3 1
3 14 4 18
-3 15 -4 16
-3 15 4 16
-1 15 -1 20
3 15 -4 16
3 15 4 16
-1 16 -1 22
