core 0 1 5
P minecraft:cut_sandstone
P minecraft:farmland[moisture=7]
P minecraft:water[level=0]
P minecraft:lantern[hanging=false,waterlogged=false]
P minecraft:wheat[age=2]
P minecraft:wheat[age=4]
P minecraft:wheat[age=3]
P minecraft:wheat[age=7]
P minecraft:wheat[age=6]
P minecraft:wheat[age=5]
P minecraft:beetroots[age=3]
P minecraft:beetroots[age=2]
P minecraft:composter[level=3]
-4 0 -4 0
-4 0 -3 0
-4 0 -2 0
-4 0 -1 0
-4 0 0 0
-4 0 1 0
-4 0 2 0
-4 0 3 0
-4 0 4 0
-3 0 -4 0
-3 0 -3 1
-3 0 -2 1
-3 0 -1 1
-3 0 0 1
-3 0 1 1
-3 0 2 1
-3 0 3 1
-3 0 4 0
-2 0 -4 0
-2 0 -3 1
-2 0 -2 1
-2 0 -1 1
-2 0 0 1
-2 0 1 1
-2 0 2 1
-2 0 3 1
-2 0 4 0
-1 0 -4 0
-1 0 -3 1
-1 0 -2 1
-1 0 -1 1
-1 0 0 1
-1 0 1 1
-1 0 2 1
-1 0 3 1
-1 0 4 0
0 0 -4 0
0 0 -3 2
0 0 -2 2
0 0 -1 2
0 0 0 2
0 0 1 2
0 0 2 2
0 0 3 2
0 0 4 0
1 0 -4 0
1 0 -3 1
1 0 -2 1
1 0 -1 1
1 0 0 1
1 0 1 1
1 0 2 1
1 0 3 1
1 0 4 0
2 0 -4 0
2 0 -3 1
2 0 -2 1
2 0 -1 1
2 0 0 1
2 0 1 1
2 0 2 1
2 0 3 1
2 0 4 0
3 0 -4 0
3 0 -3 1
3 0 -2 1
3 0 -1 1
3 0 0 1
3 0 1 1
3 0 2 1
3 0 3 1
3 0 4 0
4 0 -4 0
4 0 -3 0
4 0 -2 0
4 0 -1 0
4 0 0 0
4 0 1 0
4 0 2 0
4 0 3 0
4 0 4 0
-4 1 4 3
-3 1 -3 4
-3 1 -2 5
-3 1 -1 6
-3 1 0 7
-3 1 1 7
-3 1 2 5
-3 1 3 5
-2 1 -3 8
-2 1 -2 6
-2 1 -1 8
-2 1 0 4
-2 1 1 8
-2 1 2 7
-2 1 3 6
-1 1 -3 9
-1 1 -2 7
-1 1 -1 9
-1 1 0 7
-1 1 1 8
-1 1 2 5
-1 1 3 8
1 1 -3 10
1 1 -2 10
1 1 -1 11
1 1 0 11
1 1 1 10
1 1 2 10
1 1 3 10
2 1 -3 10
2 1 -2 10
2 1 -1 11
2 1 0 11
2 1 1 11
2 1 2 11
2 1 3 11
3 1 -3 11
3 1 -2 10
3 1 -1 11
3 1 0 11
3 1 1 10
3 1 2 11
3 1 3 10
4 1 4 12
