core 0 1 6
P minecraft:cut_sandstone
P minecraft:smooth_sandstone
P minecraft:water[level=0]
P minecraft:chiseled_stone_bricks
P minecraft:smooth_sandstone_slab[type=bottom,waterlogged=false]
P minecraft:smooth_sandstone_stairs[facing=west,half=top,shape=straight,waterlogged=false]
P minecraft:smooth_sandstone_stairs[facing=north,half=top,shape=straight,waterlogged=false]
P minecraft:smooth_sandstone_stairs[facing=south,half=top,shape=straight,waterlogged=false]
P minecraft:smooth_sandstone_stairs[facing=east,half=top,shape=straight,waterlogged=false]
P minecraft:sandstone_wall[east=none,north=none,south=none,up=true,waterlogged=false,west=none]
P minecraft:lantern[hanging=false,waterlogged=false]
-5 -1 -4 0
-5 -1 -3 0
-5 -1 -2 0
-5 -1 -1 0
-5 -1 0 0
-5 -1 1 0
-5 -1 2 0
-5 -1 3 0
-5 -1 4 0
-4 -1 -5 0
-4 -1 -4 0
-4 -1 -3 0
-4 -1 -2 0
-4 -1 -1 0
-4 -1 0 0
-4 -1 1 0
-4 -1 2 0
-4 -1 3 0
-4 -1 4 0
-4 -1 5 0
-3 -1 -5 0
-3 -1 -4 0
-3 -1 -3 0
-3 -1 -2 0
-3 -1 -1 0
-3 -1 0 0
-3 -1 1 0
-3 -1 2 0
-3 -1 3 0
-3 -1 4 0
-3 -1 5 0
-2 -1 -5 0
-2 -1 -4 0
-2 -1 -3 0
-2 -1 -2 0
-2 -1 -1 0
-2 -1 0 0
-2 -1 1 0
-2 -1 2 0
-2 -1 3 0
-2 -1 4 0
-2 -1 5 0
-1 -1 -5 0
-1 -1 -4 0
-1 -1 -3 0
-1 -1 -2 0
-1 -1 -1 0
-1 -1 0 0
-1 -1 1 0
-1 -1 2 0
-1 -1 3 0
-1 -1 4 0
-1 -1 5 0
0 -1 -5 0
0 -1 -4 0
0 -1 -3 0
0 -1 -2 0
0 -1 -1 0
0 -1 0 0
0 -1 1 0
0 -1 2 0
0 -1 3 0
0 -1 4 0
0 -1 5 0
1 -1 -5 0
1 -1 -4 0
1 -1 -3 0
1 -1 -2 0
1 -1 -1 0
1 -1 0 0
1 -1 1 0
1 -1 2 0
1 -1 3 0
1 -1 4 0
1 -1 5 0
2 -1 -5 0
2 -1 -4 0
2 -1 -3 0
2 -1 -2 0
2 -1 -1 0
2 -1 0 0
2 -1 1 0
2 -1 2 0
2 -1 3 0
2 -1 4 0
2 -1 5 0
3 -1 -5 0
3 -1 -4 0
3 -1 -3 0
3 -1 -2 0
3 -1 -1 0
3 -1 0 0
3 -1 1 0
3 -1 2 0
3 -1 3 0
3 -1 4 0
3 -1 5 0
4 -1 -5 0
4 -1 -4 0
4 -1 -3 0
4 -1 -2 0
4 -1 -1 0
4 -1 0 0
4 -1 1 0
4 -1 2 0
4 -1 3 0
4 -1 4 0
4 -1 5 0
5 -1 -4 0
5 -1 -3 0
5 -1 -2 0
5 -1 -1 0
5 -1 0 0
5 -1 1 0
5 -1 2 0
5 -1 3 0
5 -1 4 0
-5 0 -4 1
-5 0 -3 1
-5 0 -2 1
-5 0 -1 1
-5 0 0 1
-5 0 1 1
-5 0 2 1
-5 0 3 1
-5 0 4 1
-4 0 -5 1
-4 0 -4 1
-4 0 -3 0
-4 0 -2 0
-4 0 -1 0
-4 0 0 0
-4 0 1 0
-4 0 2 0
-4 0 3 0
-4 0 4 1
-4 0 5 1
-3 0 -5 1
-3 0 -4 0
-3 0 -3 0
-3 0 -2 2
-3 0 -1 2
-3 0 0 2
-3 0 1 2
-3 0 2 2
-3 0 3 0
-3 0 4 0
-3 0 5 1
-2 0 -5 1
-2 0 -4 0
-2 0 -3 2
-2 0 -2 2
-2 0 -1 2
-2 0 0 2
-2 0 1 2
-2 0 2 2
-2 0 3 2
-2 0 4 0
-2 0 5 1
-1 0 -5 1
-1 0 -4 0
-1 0 -3 2
-1 0 -2 2
-1 0 -1 2
-1 0 0 2
-1 0 1 2
-1 0 2 2
-1 0 3 2
-1 0 4 0
-1 0 5 1
0 0 -5 1
0 0 -4 0
0 0 -3 2
0 0 -2 2
0 0 -1 2
0 0 0 3
0 0 1 2
0 0 2 2
0 0 3 2
0 0 4 0
0 0 5 1
1 0 -5 1
1 0 -4 0
1 0 -3 2
1 0 -2 2
1 0 -1 2
1 0 0 2
1 0 1 2
1 0 2 2
1 0 3 2
1 0 4 0
1 0 5 1
2 0 -5 1
2 0 -4 0
2 0 -3 2
2 0 -2 2
2 0 -1 2
2 0 0 2
2 0 1 2
2 0 2 2
2 0 3 2
2 0 4 0
2 0 5 1
3 0 -5 1
3 0 -4 0
3 0 -3 0
3 0 -2 2
3 0 -1 2
3 0 0 2
3 0 1 2
3 0 2 2
3 0 3 0
3 0 4 0
3 0 5 1
4 0 -5 1
4 0 -4 1
4 0 -3 0
4 0 -2 0
4 0 -1 0
4 0 0 0
4 0 1 0
4 0 2 0
4 0 3 0
4 0 4 1
4 0 5 1
5 0 -4 1
5 0 -3 1
5 0 -2 1
5 0 -1 1
5 0 0 1
5 0 1 1
5 0 2 1
5 0 3 1
5 0 4 1
-4 1 -3 4
-4 1 -2 4
-4 1 -1 4
-4 1 0 4
-4 1 1 4
-4 1 2 4
-4 1 3 4
-3 1 -4 4
-3 1 -3 4
-3 1 3 4
-3 1 4 4
-2 1 -4 4
-2 1 4 4
-1 1 -4 4
-1 1 4 4
0 1 -4 4
0 1 0 0
0 1 4 4
1 1 -4 4
1 1 4 4
2 1 -4 4
2 1 4 4
3 1 -4 4
3 1 -3 4
3 1 3 4
3 1 4 4
4 1 -3 4
4 1 -2 4
4 1 -1 4
4 1 0 4
4 1 1 4
4 1 2 4
4 1 3 4
0 2 0 0
-1 3 0 5
0 3 -1 6
0 3 0 3
0 3 1 7
1 3 0 8
0 4 0 9
0 5 0 10
