core 0 1 4
P minecraft:cut_sandstone
P minecraft:smooth_sandstone
P minecraft:sandstone
P minecraft:ladder[facing=south,waterlogged=false]
P minecraft:air
P minecraft:decorated_pot[cracked=false,facing=north,waterlogged=false]
P minecraft:red_carpet
P minecraft:potted_cactus
P minecraft:acacia_door[facing=north,half=lower,hinge=left,open=false,powered=false]
P minecraft:flower_pot
P minecraft:barrel[facing=up,open=false]
P minecraft:glass_pane[east=false,north=true,south=true,waterlogged=false,west=false]
P minecraft:glass_pane[east=true,north=false,south=false,waterlogged=false,west=true]
P minecraft:acacia_door[facing=north,half=upper,hinge=left,open=false,powered=false]
P minecraft:lantern[hanging=false,waterlogged=false]
P minecraft:acacia_trapdoor[facing=south,half=top,open=false,powered=false,waterlogged=false]
P minecraft:chiseled_sandstone
P minecraft:red_bed[facing=north,occupied=false,part=head]
P minecraft:red_bed[facing=north,occupied=false,part=foot]
P minecraft:sandstone_slab[type=bottom,waterlogged=false]
P minecraft:jungle_fence[east=false,north=false,south=false,waterlogged=false,west=false]
P minecraft:red_wool
P minecraft:white_wool
-4 0 -3 0
-4 0 -2 0
-4 0 -1 0
-4 0 0 0
-4 0 1 0
-4 0 2 0
-4 0 3 0
-3 0 -3 0
-3 0 -2 0
-3 0 -1 0
-3 0 0 0
-3 0 1 0
-3 0 2 0
-3 0 3 0
-2 0 -3 0
-2 0 -2 0
-2 0 -1 0
-2 0 0 0
-2 0 1 0
-2 0 2 0
-2 0 3 0
-1 0 -3 0
-1 0 -2 0
-1 0 -1 0
-1 0 0 0
-1 0 1 0
-1 0 2 0
-1 0 3 0
0 0 -3 0
0 0 -2 0
0 0 -1 0
0 0 0 0
0 0 1 0
0 0 2 0
0 0 3 0
1 0 -3 0
1 0 -2 0
1 0 -1 0
1 0 0 0
1 0 1 0
1 0 2 0
1 0 3 0
2 0 -3 0
2 0 -2 0
2 0 -1 0
2 0 0 0
2 0 1 0
2 0 2 0
2 0 3 0
3 0 -3 0
3 0 -2 0
3 0 -1 0
3 0 0 0
3 0 1 0
3 0 2 0
3 0 3 0
4 0 -3 0
4 0 -2 0
4 0 -1 0
4 0 0 0
4 0 1 0
4 0 2 0
4 0 3 0
-4 1 -3 1
-4 1 -2 2
-4 1 -1 2
-4 1 0 2
-4 1 1 2
-4 1 2 2
-4 1 3 1
-3 1 -3 2
-3 1 -2 3
-3 1 -1 4
-3 1 0 4
-3 1 1 4
-3 1 2 5
-3 1 3 2
-2 1 -3 2
-2 1 -2 4
-2 1 -1 4
-2 1 0 4
-2 1 1 4
-2 1 2 4
-2 1 3 2
-1 1 -3 2
-1 1 -2 4
-1 1 -1 6
-1 1 0 6
-1 1 1 6
-1 1 2 4
-1 1 3 2
-1 1 4 7
0 1 -3 2
0 1 -2 4
0 1 -1 6
0 1 0 6
0 1 1 6
0 1 2 4
0 1 3 8
1 1 -3 2
1 1 -2 4
1 1 -1 6
1 1 0 6
1 1 1 6
1 1 2 4
1 1 3 2
1 1 4 9
2 1 -3 2
2 1 -2 4
2 1 -1 4
2 1 0 4
2 1 1 4
2 1 2 4
2 1 3 2
3 1 -3 2
3 1 -2 4
3 1 -1 4
3 1 0 4
3 1 1 4
3 1 2 10
3 1 3 2
4 1 -3 1
4 1 -2 2
4 1 -1 2
4 1 0 2
4 1 1 2
4 1 2 2
4 1 3 1
-4 2 -3 1
-4 2 -2 2
-4 2 -1 11
-4 2 0 2
-4 2 1 2
-4 2 2 2
-4 2 3 1
-3 2 -3 2
-3 2 -2 3
-3 2 -1 4
-3 2 0 4
-3 2 1 4
-3 2 2 4
-3 2 3 2
-2 2 -3 12
-2 2 -2 4
-2 2 -1 4
-2 2 0 4
-2 2 1 4
-2 2 2 4
-2 2 3 2
-1 2 -3 2
-1 2 -2 4
-1 2 -1 4
-1 2 0 4
-1 2 1 4
-1 2 2 4
-1 2 3 2
0 2 -3 2
0 2 -2 4
0 2 -1 4
0 2 0 4
0 2 1 4
0 2 2 4
0 2 3 13
1 2 -3 12
1 2 -2 4
1 2 -1 4
1 2 0 4
1 2 1 4
1 2 2 4
1 2 3 2
2 2 -3 2
2 2 -2 4
2 2 -1 4
2 2 0 4
2 2 1 4
2 2 2 4
2 2 3 2
3 2 -3 2
3 2 -2 4
3 2 -1 4
3 2 0 4
3 2 1 4
3 2 2 14
3 2 3 2
4 2 -3 1
4 2 -2 2
4 2 -1 11
4 2 0 2
4 2 1 2
4 2 2 2
4 2 3 1
-4 3 -3 1
-4 3 -2 2
-4 3 -1 2
-4 3 0 2
-4 3 1 2
-4 3 2 2
-4 3 3 1
-3 3 -3 2
-3 3 -2 3
-3 3 -1 4
-3 3 0 4
-3 3 1 4
-3 3 2 4
-3 3 3 2
-2 3 -3 2
-2 3 -2 4
-2 3 -1 4
-2 3 0 4
-2 3 1 4
-2 3 2 4
-2 3 3 2
-1 3 -3 2
-1 3 -2 4
-1 3 -1 4
-1 3 0 4
-1 3 1 4
-1 3 2 4
-1 3 3 2
-1 3 4 15
0 3 -3 2
0 3 -2 4
0 3 -1 4
0 3 0 4
0 3 1 4
0 3 2 4
0 3 3 16
0 3 4 15
1 3 -3 2
1 3 -2 4
1 3 -1 4
1 3 0 4
1 3 1 4
1 3 2 4
1 3 3 2
1 3 4 15
2 3 -3 2
2 3 -2 4
2 3 -1 4
2 3 0 4
2 3 1 4
2 3 2 4
2 3 3 2
3 3 -3 2
3 3 -2 4
3 3 -1 4
3 3 0 4
3 3 1 4
3 3 2 4
3 3 3 2
4 3 -3 1
4 3 -2 2
4 3 -1 2
4 3 0 2
4 3 1 2
4 3 2 2
4 3 3 1
-4 4 -3 1
-4 4 -2 1
-4 4 -1 1
-4 4 0 1
-4 4 1 1
-4 4 2 1
-4 4 3 1
-3 4 -3 1
-3 4 -2 3
-3 4 -1 0
-3 4 0 0
-3 4 1 0
-3 4 2 0
-3 4 3 1
-2 4 -3 1
-2 4 -2 0
-2 4 -1 0
-2 4 0 0
-2 4 1 0
-2 4 2 0
-2 4 3 1
-1 4 -3 1
-1 4 -2 0
-1 4 -1 0
-1 4 0 0
-1 4 1 0
-1 4 2 0
-1 4 3 1
0 4 -3 1
0 4 -2 0
0 4 -1 0
0 4 0 0
0 4 1 0
0 4 2 0
0 4 3 1
1 4 -3 1
1 4 -2 0
1 4 -1 0
1 4 0 0
1 4 1 0
1 4 2 0
1 4 3 1
2 4 -3 1
2 4 -2 0
2 4 -1 0
2 4 0 0
2 4 1 0
2 4 2 0
2 4 3 1
3 4 -3 1
3 4 -2 0
3 4 -1 0
3 4 0 0
3 4 1 0
3 4 2 0
3 4 3 1
4 4 -3 1
4 4 -2 1
4 4 -1 1
4 4 0 1
4 4 1 1
4 4 2 1
4 4 3 1
-4 5 -3 1
-4 5 -2 2
-4 5 -1 2
-4 5 0 2
-4 5 1 2
-4 5 2 2
-4 5 3 1
-3 5 -3 2
-3 5 -2 3
-3 5 -1 4
-3 5 0 4
-3 5 1 4
-3 5 2 4
-3 5 3 2
-2 5 -3 2
-2 5 -2 4
-2 5 -1 4
-2 5 0 4
-2 5 1 4
-2 5 2 4
-2 5 3 2
-1 5 -3 2
-1 5 -2 4
-1 5 -1 4
-1 5 0 4
-1 5 1 4
-1 5 2 4
-1 5 3 2
0 5 -3 2
0 5 -2 4
0 5 -1 4
0 5 0 4
0 5 1 4
0 5 2 4
0 5 3 2
1 5 -3 2
1 5 -2 17
1 5 -1 18
1 5 0 4
1 5 1 4
1 5 2 4
1 5 3 2
2 5 -3 2
2 5 -2 4
2 5 -1 4
2 5 0 4
2 5 1 4
2 5 2 4
2 5 3 2
3 5 -3 2
3 5 -2 17
3 5 -1 18
3 5 0 4
3 5 1 4
3 5 2 4
3 5 3 2
4 5 -3 1
4 5 -2 2
4 5 -1 2
4 5 0 2
4 5 1 2
4 5 2 2
4 5 3 1
-4 6 -3 1
-4 6 -2 2
-4 6 -1 11
-4 6 0 2
-4 6 1 2
-4 6 2 2
-4 6 3 1
-3 6 -3 2
-3 6 -2 3
-3 6 -1 4
-3 6 0 4
-3 6 1 4
-3 6 2 4
-3 6 3 2
-2 6 -3 12
-2 6 -2 4
-2 6 -1 4
-2 6 0 4
-2 6 1 4
-2 6 2 4
-2 6 3 2
-1 6 -3 2
-1 6 -2 4
-1 6 -1 4
-1 6 0 4
-1 6 1 4
-1 6 2 4
-1 6 3 2
0 6 -3 2
0 6 -2 4
0 6 -1 4
0 6 0 4
0 6 1 4
0 6 2 4
0 6 3 2
1 6 -3 12
1 6 -2 4
1 6 -1 4
1 6 0 4
1 6 1 4
1 6 2 4
1 6 3 2
2 6 -3 2
2 6 -2 4
2 6 -1 4
2 6 0 4
2 6 1 4
2 6 2 4
2 6 3 2
3 6 -3 2
3 6 -2 4
3 6 -1 4
3 6 0 4
3 6 1 4
3 6 2 4
3 6 3 2
4 6 -3 1
4 6 -2 2
4 6 -1 11
4 6 0 2
4 6 1 2
4 6 2 2
4 6 3 1
-4 7 -3 1
-4 7 -2 2
-4 7 -1 2
-4 7 0 2
-4 7 1 2
-4 7 2 2
-4 7 3 1
-3 7 -3 2
-3 7 -2 3
-3 7 -1 4
-3 7 0 4
-3 7 1 4
-3 7 2 4
-3 7 3 2
-2 7 -3 2
-2 7 -2 4
-2 7 -1 4
-2 7 0 4
-2 7 1 4
-2 7 2 4
-2 7 3 2
-1 7 -3 2
-1 7 -2 4
-1 7 -1 4
-1 7 0 4
-1 7 1 4
-1 7 2 4
-1 7 3 2
0 7 -3 2
0 7 -2 4
0 7 -1 4
0 7 0 4
0 7 1 4
0 7 2 4
0 7 3 2
1 7 -3 2
1 7 -2 4
1 7 -1 4
1 7 0 4
1 7 1 4
1 7 2 4
1 7 3 2
2 7 -3 2
2 7 -2 4
2 7 -1 4
2 7 0 4
2 7 1 4
2 7 2 4
2 7 3 2
3 7 -3 2
3 7 -2 4
3 7 -1 4
3 7 0 4
3 7 1 4
3 7 2 4
3 7 3 2
4 7 -3 1
4 7 -2 2
4 7 -1 2
4 7 0 2
4 7 1 2
4 7 2 2
4 7 3 1
-4 8 -3 1
-4 8 -2 1
-4 8 -1 1
-4 8 0 1
-4 8 1 1
-4 8 2 1
-4 8 3 1
-3 8 -3 1
-3 8 -2 3
-3 8 -1 4
-3 8 0 4
-3 8 1 4
-3 8 2 4
-3 8 3 1
-2 8 -3 1
-2 8 -2 4
-2 8 -1 4
-2 8 0 4
-2 8 1 4
-2 8 2 4
-2 8 3 1
-1 8 -3 1
-1 8 -2 4
-1 8 -1 4
-1 8 0 4
-1 8 1 4
-1 8 2 4
-1 8 3 1
0 8 -3 1
0 8 -2 4
0 8 -1 4
0 8 0 4
0 8 1 4
0 8 2 4
0 8 3 1
1 8 -3 1
1 8 -2 4
1 8 -1 4
1 8 0 4
1 8 1 4
1 8 2 4
1 8 3 1
2 8 -3 1
2 8 -2 4
2 8 -1 4
2 8 0 4
2 8 1 4
2 8 2 4
2 8 3 1
3 8 -3 1
3 8 -2 4
3 8 -1 4
3 8 0 4
3 8 1 4
3 8 2 4
3 8 3 1
4 8 -3 1
4 8 -2 1
4 8 -1 1
4 8 0 1
4 8 1 1
4 8 2 1
4 8 3 1
-4 9 -3 1
-4 9 -2 1
-4 9 -1 1
-4 9 0 1
-4 9 1 1
-4 9 2 1
-4 9 3 1
-3 9 -3 1
-3 9 -2 3
-3 9 -1 0
-3 9 0 0
-3 9 1 0
-3 9 2 0
-3 9 3 1
-2 9 -3 1
-2 9 -2 0
-2 9 -1 0
-2 9 0 0
-2 9 1 0
-2 9 2 0
-2 9 3 1
-1 9 -3 1
-1 9 -2 0
-1 9 -1 0
-1 9 0 0
-1 9 1 0
-1 9 2 0
-1 9 3 1
0 9 -3 1
0 9 -2 0
0 9 -1 0
0 9 0 0
0 9 1 0
0 9 2 0
0 9 3 1
1 9 -3 1
1 9 -2 0
1 9 -1 0
1 9 0 0
1 9 1 0
1 9 2 0
1 9 3 1
2 9 -3 1
2 9 -2 0
2 9 -1 0
2 9 0 0
2 9 1 0
2 9 2 0
2 9 3 1
3 9 -3 1
3 9 -2 0
3 9 -1 0
3 9 0 0
3 9 1 0
3 9 2 0
3 9 3 1
4 9 -3 1
4 9 -2 1
4 9 -1 1
4 9 0 1
4 9 1 1
4 9 2 1
4 9 3 1
-4 10 -3 16
-4 10 -2 2
-4 10 -1 19
-4 10 0 2
-4 10 1 19
-4 10 2 2
-4 10 3 16
-3 10 -3 2
-3 10 3 2
-2 10 -3 19
-2 10 -1 20
-2 10 1 20
-2 10 3 19
-1 10 -3 2
-1 10 3 2
0 10 -3 19
0 10 3 19
1 10 -3 2
1 10 3 2
2 10 -3 19
2 10 -1 20
2 10 1 20
2 10 3 19
3 10 -3 2
3 10 3 2
4 10 -3 16
4 10 -2 2
4 10 -1 19
4 10 0 2
4 10 1 19
4 10 2 2
4 10 3 16
-2 11 -1 20
-2 11 1 20
2 11 -1 20
2 11 1 20
-2 12 -1 21
-2 12 0 21
-2 12 1 21
-1 12 -1 22
-1 12 0 22
-1 12 1 22
0 12 -1 21
0 12 0 21
0 12 1 21
1 12 -1 22
1 12 0 22
1 12 1 22
2 12 -1 21
2 12 0 21
2 12 1 21
