core 0 1 5
P minecraft:cut_sandstone
P minecraft:smooth_sandstone
P minecraft:air
P minecraft:ladder[facing=south,waterlogged=false]
P minecraft:ladder[facing=north,waterlogged=false]
P minecraft:barrel[facing=up,open=false]
P minecraft:composter[level=4]
P minecraft:spruce_slab[type=top,waterlogged=false]
P minecraft:green_wool
P minecraft:yellow_wool
P minecraft:white_wool
P minecraft:lantern[hanging=true,waterlogged=false]
P minecraft:blue_wool
P minecraft:red_wool
P minecraft:glass_pane[east=false,north=true,south=true,waterlogged=false,west=false]
P minecraft:glass_pane[east=true,north=false,south=false,waterlogged=false,west=true]
P minecraft:smooth_sandstone_stairs[facing=south,half=bottom,shape=straight,waterlogged=false]
P minecraft:smooth_sandstone_stairs[facing=north,half=bottom,shape=straight,waterlogged=false]
P minecraft:smooth_sandstone_slab[type=bottom,waterlogged=false]
P minecraft:jungle_fence[east=false,north=false,south=false,waterlogged=false,west=false]
P minecraft:orange_wool
-6 0 -4 0
-6 0 -3 1
-6 0 -2 0
-6 0 -1 1
-6 0 0 0
-6 0 1 1
-6 0 2 0
-6 0 3 1
-6 0 4 0
-5 0 -4 1
-5 0 -3 0
-5 0 -2 1
-5 0 -1 0
-5 0 0 1
-5 0 1 0
-5 0 2 1
-5 0 3 0
-5 0 4 1
-4 0 -4 0
-4 0 -3 1
-4 0 -2 0
-4 0 -1 1
-4 0 0 0
-4 0 1 1
-4 0 2 0
-4 0 3 1
-4 0 4 0
-3 0 -4 1
-3 0 -3 0
-3 0 -2 1
-3 0 -1 0
-3 0 0 1
-3 0 1 0
-3 0 2 1
-3 0 3 0
-3 0 4 1
-2 0 -4 0
-2 0 -3 1
-2 0 -2 0
-2 0 -1 1
-2 0 0 0
-2 0 1 1
-2 0 2 0
-2 0 3 1
-2 0 4 0
-1 0 -4 1
-1 0 -3 0
-1 0 -2 1
-1 0 -1 0
-1 0 0 1
-1 0 1 0
-1 0 2 1
-1 0 3 0
-1 0 4 1
0 0 -4 0
0 0 -3 1
0 0 -2 0
0 0 -1 1
0 0 0 0
0 0 1 1
0 0 2 0
0 0 3 1
0 0 4 0
1 0 -4 1
1 0 -3 0
1 0 -2 1
1 0 -1 0
1 0 0 1
1 0 1 0
1 0 2 1
1 0 3 0
1 0 4 1
2 0 -4 0
2 0 -3 1
2 0 -2 0
2 0 -1 1
2 0 0 0
2 0 1 1
2 0 2 0
2 0 3 1
2 0 4 0
3 0 -4 1
3 0 -3 0
3 0 -2 1
3 0 -1 0
3 0 0 1
3 0 1 0
3 0 2 1
3 0 3 0
3 0 4 1
4 0 -4 0
4 0 -3 1
4 0 -2 0
4 0 -1 1
4 0 0 0
4 0 1 1
4 0 2 0
4 0 3 1
4 0 4 0
5 0 -4 1
5 0 -3 0
5 0 -2 1
5 0 -1 0
5 0 0 1
5 0 1 0
5 0 2 1
5 0 3 0
5 0 4 1
6 0 -4 0
6 0 -3 1
6 0 -2 0
6 0 -1 1
6 0 0 0
6 0 1 1
6 0 2 0
6 0 3 1
6 0 4 0
-6 1 -4 0
-6 1 -3 0
-6 1 -2 2
-6 1 -1 2
-6 1 0 0
-6 1 1 2
-6 1 2 2
-6 1 3 0
-6 1 4 0
-5 1 -4 2
-5 1 -3 3
-5 1 -2 2
-5 1 -1 2
-5 1 0 2
-5 1 1 2
-5 1 2 2
-5 1 3 4
-5 1 4 2
-4 1 -4 2
-4 1 -3 2
-4 1 -2 5
-4 1 -1 2
-4 1 0 2
-4 1 1 5
-4 1 2 2
-4 1 3 2
-4 1 4 2
-3 1 -4 0
-3 1 -3 2
-3 1 -2 6
-3 1 -1 2
-3 1 0 2
-3 1 1 7
-3 1 2 2
-3 1 3 2
-3 1 4 0
-2 1 -4 2
-2 1 -3 2
-2 1 -2 2
-2 1 -1 2
-2 1 0 2
-2 1 1 2
-2 1 2 2
-2 1 3 2
-2 1 4 2
-1 1 -4 2
-1 1 -3 2
-1 1 -2 5
-1 1 -1 2
-1 1 0 2
-1 1 1 5
-1 1 2 2
-1 1 3 2
-1 1 4 2
0 1 -4 0
0 1 -3 2
0 1 -2 6
0 1 -1 2
0 1 0 2
0 1 1 7
0 1 2 2
0 1 3 2
0 1 4 0
1 1 -4 2
1 1 -3 2
1 1 -2 2
1 1 -1 2
1 1 0 2
1 1 1 2
1 1 2 2
1 1 3 2
1 1 4 2
2 1 -4 2
2 1 -3 2
2 1 -2 5
2 1 -1 2
2 1 0 2
2 1 1 5
2 1 2 2
2 1 3 2
2 1 4 2
3 1 -4 0
3 1 -3 2
3 1 -2 6
3 1 -1 2
3 1 0 2
3 1 1 7
3 1 2 2
3 1 3 2
3 1 4 0
4 1 -4 2
4 1 -3 2
4 1 -2 2
4 1 -1 2
4 1 0 2
4 1 1 2
4 1 2 2
4 1 3 2
4 1 4 2
5 1 -4 2
5 1 -3 2
5 1 -2 2
5 1 -1 2
5 1 0 2
5 1 1 2
5 1 2 2
5 1 3 2
5 1 4 2
6 1 -4 0
6 1 -3 0
6 1 -2 2
6 1 -1 2
6 1 0 0
6 1 1 2
6 1 2 2
6 1 3 0
6 1 4 0
-6 2 -4 0
-6 2 -3 0
-6 2 -2 2
-6 2 -1 2
-6 2 0 0
-6 2 1 2
-6 2 2 2
-6 2 3 0
-6 2 4 0
-5 2 -4 2
-5 2 -3 3
-5 2 -2 2
-5 2 -1 2
-5 2 0 2
-5 2 1 2
-5 2 2 2
-5 2 3 2
-5 2 4 2
-4 2 -4 2
-4 2 -3 2
-4 2 -2 2
-4 2 -1 2
-4 2 0 2
-4 2 1 2
-4 2 2 2
-4 2 3 2
-4 2 4 2
-3 2 -4 0
-3 2 -3 2
-3 2 -2 2
-3 2 -1 2
-3 2 0 2
-3 2 1 2
-3 2 2 2
-3 2 3 2
-3 2 4 0
-2 2 -4 2
-2 2 -3 2
-2 2 -2 2
-2 2 -1 2
-2 2 0 2
-2 2 1 2
-2 2 2 2
-2 2 3 2
-2 2 4 2
-1 2 -4 2
-1 2 -3 2
-1 2 -2 2
-1 2 -1 2
-1 2 0 2
-1 2 1 2
-1 2 2 2
-1 2 3 2
-1 2 4 2
0 2 -4 0
0 2 -3 2
0 2 -2 2
0 2 -1 2
0 2 0 2
0 2 1 2
0 2 2 2
0 2 3 2
0 2 4 0
1 2 -4 2
1 2 -3 2
1 2 -2 2
1 2 -1 2
1 2 0 2
1 2 1 2
1 2 2 2
1 2 3 2
1 2 4 2
2 2 -4 2
2 2 -3 2
2 2 -2 2
2 2 -1 2
2 2 0 2
2 2 1 2
2 2 2 2
2 2 3 2
2 2 4 2
3 2 -4 0
3 2 -3 2
3 2 -2 2
3 2 -1 2
3 2 0 2
3 2 1 2
3 2 2 2
3 2 3 2
3 2 4 0
4 2 -4 2
4 2 -3 2
4 2 -2 2
4 2 -1 2
4 2 0 2
4 2 1 2
4 2 2 2
4 2 3 2
4 2 4 2
5 2 -4 2
5 2 -3 2
5 2 -2 2
5 2 -1 2
5 2 0 2
5 2 1 2
5 2 2 2
5 2 3 2
5 2 4 2
6 2 -4 0
6 2 -3 0
6 2 -2 2
6 2 -1 2
6 2 0 0
6 2 1 2
6 2 2 2
6 2 3 0
6 2 4 0
-6 3 -4 0
-6 3 -3 0
-6 3 -2 0
-6 3 -1 0
-6 3 0 0
-6 3 1 0
-6 3 2 0
-6 3 3 0
-6 3 4 0
-5 3 -4 0
-5 3 -3 3
-5 3 -2 2
-5 3 -1 2
-5 3 0 2
-5 3 1 2
-5 3 2 2
-5 3 3 2
-5 3 4 0
-4 3 -4 0
-4 3 -3 2
-4 3 -2 8
-4 3 -1 2
-4 3 0 2
-4 3 1 9
-4 3 2 2
-4 3 3 2
-4 3 4 0
-3 3 -4 0
-3 3 -3 2
-3 3 -2 10
-3 3 -1 2
-3 3 0 11
-3 3 1 10
-3 3 2 2
-3 3 3 2
-3 3 4 0
-2 3 -4 0
-2 3 -3 2
-2 3 -2 2
-2 3 -1 2
-2 3 0 2
-2 3 1 2
-2 3 2 2
-2 3 3 2
-2 3 4 0
-1 3 -4 0
-1 3 -3 2
-1 3 -2 10
-1 3 -1 2
-1 3 0 2
-1 3 1 12
-1 3 2 2
-1 3 3 2
-1 3 4 0
0 3 -4 0
0 3 -3 2
0 3 -2 10
0 3 -1 2
0 3 0 2
0 3 1 10
0 3 2 2
0 3 3 2
0 3 4 0
1 3 -4 0
1 3 -3 2
1 3 -2 2
1 3 -1 2
1 3 0 2
1 3 1 2
1 3 2 2
1 3 3 2
1 3 4 0
2 3 -4 0
2 3 -3 2
2 3 -2 13
2 3 -1 2
2 3 0 2
2 3 1 8
2 3 2 2
2 3 3 2
2 3 4 0
3 3 -4 0
3 3 -3 2
3 3 -2 10
3 3 -1 2
3 3 0 11
3 3 1 10
3 3 2 2
3 3 3 2
3 3 4 0
4 3 -4 0
4 3 -3 2
4 3 -2 2
4 3 -1 2
4 3 0 2
4 3 1 2
4 3 2 2
4 3 3 2
4 3 4 0
5 3 -4 0
5 3 -3 2
5 3 -2 2
5 3 -1 2
5 3 0 2
5 3 1 2
5 3 2 2
5 3 3 2
5 3 4 0
6 3 -4 0
6 3 -3 0
6 3 -2 0
6 3 -1 0
6 3 0 0
6 3 1 0
6 3 2 0
6 3 3 0
6 3 4 0
-6 4 -4 0
-6 4 -3 0
-6 4 -2 0
-6 4 -1 0
-6 4 0 0
-6 4 1 0
-6 4 2 0
-6 4 3 0
-6 4 4 0
-5 4 -4 0
-5 4 -3 3
-5 4 -2 1
-5 4 -1 1
-5 4 0 1
-5 4 1 1
-5 4 2 1
-5 4 3 1
-5 4 4 0
-4 4 -4 0
-4 4 -3 1
-4 4 -2 1
-4 4 -1 1
-4 4 0 1
-4 4 1 1
-4 4 2 1
-4 4 3 1
-4 4 4 0
-3 4 -4 0
-3 4 -3 1
-3 4 -2 1
-3 4 -1 1
-3 4 0 1
-3 4 1 1
-3 4 2 1
-3 4 3 1
-3 4 4 0
-2 4 -4 0
-2 4 -3 1
-2 4 -2 1
-2 4 -1 1
-2 4 0 1
-2 4 1 1
-2 4 2 1
-2 4 3 1
-2 4 4 0
-1 4 -4 0
-1 4 -3 1
-1 4 -2 1
-1 4 -1 1
-1 4 0 1
-1 4 1 1
-1 4 2 1
-1 4 3 1
-1 4 4 0
0 4 -4 0
0 4 -3 1
0 4 -2 1
0 4 -1 1
0 4 0 1
0 4 1 1
0 4 2 1
0 4 3 1
0 4 4 0
1 4 -4 0
1 4 -3 1
1 4 -2 1
1 4 -1 1
1 4 0 1
1 4 1 1
1 4 2 1
1 4 3 1
1 4 4 0
2 4 -4 0
2 4 -3 1
2 4 -2 1
2 4 -1 1
2 4 0 1
2 4 1 1
2 4 2 1
2 4 3 1
2 4 4 0
3 4 -4 0
3 4 -3 1
3 4 -2 1
3 4 -1 1
3 4 0 1
3 4 1 1
3 4 2 1
3 4 3 1
3 4 4 0
4 4 -4 0
4 4 -3 1
4 4 -2 1
4 4 -1 1
4 4 0 1
4 4 1 1
4 4 2 1
4 4 3 1
4 4 4 0
5 4 -4 0
5 4 -3 1
5 4 -2 1
5 4 -1 1
5 4 0 1
5 4 1 1
5 4 2 1
5 4 3 1
5 4 4 0
6 4 -4 0
6 4 -3 0
6 4 -2 0
6 4 -1 0
6 4 0 0
6 4 1 0
6 4 2 0
6 4 3 0
6 4 4 0
-6 5 -4 0
-6 5 -3 1
-6 5 -2 1
-6 5 -1 1
-6 5 0 1
-6 5 1 1
-6 5 2 1
-6 5 3 1
-6 5 4 0
-5 5 -4 1
-5 5 -3 2
-5 5 -2 2
-5 5 -1 2
-5 5 0 2
-5 5 1 2
-5 5 2 2
-5 5 3 2
-5 5 4 1
-4 5 -4 1
-4 5 -3 2
-4 5 -2 2
-4 5 -1 2
-4 5 0 2
-4 5 1 2
-4 5 2 2
-4 5 3 2
-4 5 4 1
-3 5 -4 1
-3 5 -3 2
-3 5 -2 2
-3 5 -1 2
-3 5 0 2
-3 5 1 2
-3 5 2 2
-3 5 3 2
-3 5 4 1
-2 5 -4 1
-2 5 -3 2
-2 5 -2 2
-2 5 -1 2
-2 5 0 2
-2 5 1 2
-2 5 2 2
-2 5 3 2
-2 5 4 1
-1 5 -4 1
-1 5 -3 2
-1 5 -2 2
-1 5 -1 2
-1 5 0 2
-1 5 1 2
-1 5 2 2
-1 5 3 2
-1 5 4 1
0 5 -4 1
0 5 -3 2
0 5 -2 2
0 5 -1 2
0 5 0 2
0 5 1 2
0 5 2 2
0 5 3 2
0 5 4 1
1 5 -4 1
1 5 -3 2
1 5 -2 2
1 5 -1 2
1 5 0 2
1 5 1 2
1 5 2 2
1 5 3 2
1 5 4 1
2 5 -4 1
2 5 -3 2
2 5 -2 2
2 5 -1 2
2 5 0 2
2 5 1 2
2 5 2 2
2 5 3 2
2 5 4 1
3 5 -4 1
3 5 -3 2
3 5 -2 2
3 5 -1 2
3 5 0 2
3 5 1 2
3 5 2 2
3 5 3 2
3 5 4 1
4 5 -4 1
4 5 -3 2
4 5 -2 2
4 5 -1 2
4 5 0 2
4 5 1 2
4 5 2 2
4 5 3 2
4 5 4 1
5 5 -4 1
5 5 -3 2
5 5 -2 2
5 5 -1 2
5 5 0 2
5 5 1 2
5 5 2 2
5 5 3 2
5 5 4 1
6 5 -4 0
6 5 -3 1
6 5 -2 1
6 5 -1 1
6 5 0 1
6 5 1 1
6 5 2 1
6 5 3 1
6 5 4 0
-6 6 -4 0
-6 6 -3 14
-6 6 -2 1
-6 6 -1 14
-6 6 0 1
-6 6 1 14
-6 6 2 1
-6 6 3 14
-6 6 4 0
-5 6 -4 15
-5 6 -3 2
-5 6 -2 2
-5 6 -1 2
-5 6 0 2
-5 6 1 2
-5 6 2 2
-5 6 3 2
-5 6 4 15
-4 6 -4 1
-4 6 -3 2
-4 6 -2 2
-4 6 -1 2
-4 6 0 2
-4 6 1 2
-4 6 2 2
-4 6 3 2
-4 6 4 1
-3 6 -4 15
-3 6 -3 2
-3 6 -2 2
-3 6 -1 2
-3 6 0 2
-3 6 1 2
-3 6 2 2
-3 6 3 2
-3 6 4 15
-2 6 -4 1
-2 6 -3 2
-2 6 -2 2
-2 6 -1 2
-2 6 0 2
-2 6 1 2
-2 6 2 2
-2 6 3 2
-2 6 4 1
-1 6 -4 15
-1 6 -3 2
-1 6 -2 2
-1 6 -1 2
-1 6 0 2
-1 6 1 2
-1 6 2 2
-1 6 3 2
-1 6 4 15
0 6 -4 1
0 6 -3 2
0 6 -2 2
0 6 -1 2
0 6 0 2
0 6 1 2
0 6 2 2
0 6 3 2
0 6 4 1
1 6 -4 15
1 6 -3 2
1 6 -2 2
1 6 -1 2
1 6 0 2
1 6 1 2
1 6 2 2
1 6 3 2
1 6 4 15
2 6 -4 1
2 6 -3 2
2 6 -2 2
2 6 -1 2
2 6 0 2
2 6 1 2
2 6 2 2
2 6 3 2
2 6 4 1
3 6 -4 15
3 6 -3 2
3 6 -2 2
3 6 -1 2
3 6 0 2
3 6 1 2
3 6 2 2
3 6 3 2
3 6 4 15
4 6 -4 1
4 6 -3 2
4 6 -2 2
4 6 -1 2
4 6 0 2
4 6 1 2
4 6 2 2
4 6 3 2
4 6 4 1
5 6 -4 15
5 6 -3 2
5 6 -2 2
5 6 -1 2
5 6 0 2
5 6 1 2
5 6 2 2
5 6 3 2
5 6 4 15
6 6 -4 0
6 6 -3 14
6 6 -2 1
6 6 -1 14
6 6 0 1
6 6 1 14
6 6 2 1
6 6 3 14
6 6 4 0
-6 7 -4 0
-6 7 -3 1
-6 7 -2 1
-6 7 -1 1
-6 7 0 1
-6 7 1 1
-6 7 2 1
-6 7 3 1
-6 7 4 0
-5 7 -4 1
-5 7 -3 2
-5 7 -2 2
-5 7 -1 2
-5 7 0 2
-5 7 1 2
-5 7 2 2
-5 7 3 2
-5 7 4 1
-4 7 -4 1
-4 7 -3 2
-4 7 -2 2
-4 7 -1 2
-4 7 0 2
-4 7 1 2
-4 7 2 2
-4 7 3 2
-4 7 4 1
-3 7 -4 1
-3 7 -3 2
-3 7 -2 2
-3 7 -1 2
-3 7 0 2
-3 7 1 2
-3 7 2 2
-3 7 3 2
-3 7 4 1
-2 7 -4 1
-2 7 -3 2
-2 7 -2 2
-2 7 -1 2
-2 7 0 2
-2 7 1 2
-2 7 2 2
-2 7 3 2
-2 7 4 1
-1 7 -4 1
-1 7 -3 2
-1 7 -2 2
-1 7 -1 2
-1 7 0 2
-1 7 1 2
-1 7 2 2
-1 7 3 2
-1 7 4 1
0 7 -4 1
0 7 -3 2
0 7 -2 2
0 7 -1 2
0 7 0 2
0 7 1 2
0 7 2 2
0 7 3 2
0 7 4 1
1 7 -4 1
1 7 -3 2
1 7 -2 2
1 7 -1 2
1 7 0 2
1 7 1 2
1 7 2 2
1 7 3 2
1 7 4 1
2 7 -4 1
2 7 -3 2
2 7 -2 2
2 7 -1 2
2 7 0 2
2 7 1 2
2 7 2 2
2 7 3 2
2 7 4 1
3 7 -4 1
3 7 -3 2
3 7 -2 2
3 7 -1 2
3 7 0 2
3 7 1 2
3 7 2 2
3 7 3 2
3 7 4 1
4 7 -4 1
4 7 -3 2
4 7 -2 2
4 7 -1 2
4 7 0 2
4 7 1 2
4 7 2 2
4 7 3 2
4 7 4 1
5 7 -4 1
5 7 -3 2
5 7 -2 2
5 7 -1 2
5 7 0 2
5 7 1 2
5 7 2 2
5 7 3 2
5 7 4 1
6 7 -4 0
6 7 -3 1
6 7 -2 1
6 7 -1 1
6 7 0 1
6 7 1 1
6 7 2 1
6 7 3 1
6 7 4 0
-7 8 -5 16
-7 8 5 17
-6 8 -5 16
-6 8 -4 0
-6 8 -3 0
-6 8 -2 0
-6 8 -1 0
-6 8 0 0
-6 8 1 0
-6 8 2 0
-6 8 3 0
-6 8 4 0
-6 8 5 17
-5 8 -5 16
-5 8 -4 0
-5 8 -3 2
-5 8 -2 2
-5 8 -1 2
-5 8 0 2
-5 8 1 2
-5 8 2 2
-5 8 3 2
-5 8 4 0
-5 8 5 17
-4 8 -5 16
-4 8 -4 0
-4 8 -3 2
-4 8 -2 2
-4 8 -1 2
-4 8 0 2
-4 8 1 2
-4 8 2 2
-4 8 3 2
-4 8 4 0
-4 8 5 17
-3 8 -5 16
-3 8 -4 0
-3 8 -3 2
-3 8 -2 2
-3 8 -1 2
-3 8 0 2
-3 8 1 2
-3 8 2 2
-3 8 3 2
-3 8 4 0
-3 8 5 17
-2 8 -5 16
-2 8 -4 0
-2 8 -3 2
-2 8 -2 2
-2 8 -1 2
-2 8 0 2
-2 8 1 2
-2 8 2 2
-2 8 3 2
-2 8 4 0
-2 8 5 17
-1 8 -5 16
-1 8 -4 0
-1 8 -3 2
-1 8 -2 2
-1 8 -1 2
-1 8 0 2
-1 8 1 2
-1 8 2 2
-1 8 3 2
-1 8 4 0
-1 8 5 17
0 8 -5 16
0 8 -4 0
0 8 -3 2
0 8 -2 2
0 8 -1 2
0 8 0 2
0 8 1 2
0 8 2 2
0 8 3 2
0 8 4 0
0 8 5 17
1 8 -5 16
1 8 -4 0
1 8 -3 2
1 8 -2 2
1 8 -1 2
1 8 0 2
1 8 1 2
1 8 2 2
1 8 3 2
1 8 4 0
1 8 5 17
2 8 -5 16
2 8 -4 0
2 8 -3 2
2 8 -2 2
2 8 -1 2
2 8 0 2
2 8 1 2
2 8 2 2
2 8 3 2
2 8 4 0
2 8 5 17
3 8 -5 16
3 8 -4 0
3 8 -3 2
3 8 -2 2
3 8 -1 2
3 8 0 2
3 8 1 2
3 8 2 2
3 8 3 2
3 8 4 0
3 8 5 17
4 8 -5 16
4 8 -4 0
4 8 -3 2
4 8 -2 2
4 8 -1 2
4 8 0 2
4 8 1 2
4 8 2 2
4 8 3 2
4 8 4 0
4 8 5 17
5 8 -5 16
5 8 -4 0
5 8 -3 2
5 8 -2 2
5 8 -1 2
5 8 0 2
5 8 1 2
5 8 2 2
5 8 3 2
5 8 4 0
5 8 5 17
6 8 -5 16
6 8 -4 0
6 8 -3 0
6 8 -2 0
6 8 -1 0
6 8 0 0
6 8 1 0
6 8 2 0
6 8 3 0
6 8 4 0
6 8 5 17
7 8 -5 16
7 8 5 17
-6 9 -4 0
-6 9 -3 0
-6 9 -2 0
-6 9 -1 0
-6 9 0 0
-6 9 1 0
-6 9 2 0
-6 9 3 0
-6 9 4 0
-5 9 -4 0
-5 9 -3 0
-5 9 -2 0
-5 9 -1 0
-5 9 0 0
-5 9 1 0
-5 9 2 0
-5 9 3 0
-5 9 4 0
-4 9 -4 0
-4 9 -3 0
-4 9 -2 0
-4 9 -1 0
-4 9 0 0
-4 9 1 0
-4 9 2 0
-4 9 3 0
-4 9 4 0
-3 9 -4 0
-3 9 -3 0
-3 9 -2 0
-3 9 -1 0
-3 9 0 0
-3 9 1 0
-3 9 2 0
-3 9 3 0
-3 9 4 0
-2 9 -4 0
-2 9 -3 0
-2 9 -2 0
-2 9 -1 0
-2 9 0 0
-2 9 1 0
-2 9 2 0
-2 9 3 0
-2 9 4 0
-1 9 -4 0
-1 9 -3 0
-1 9 -2 0
-1 9 -1 0
-1 9 0 0
-1 9 1 0
-1 9 2 0
-1 9 3 0
-1 9 4 0
0 9 -4 0
0 9 -3 0
0 9 -2 0
0 9 -1 0
0 9 0 0
0 9 1 0
0 9 2 0
0 9 3 0
0 9 4 0
1 9 -4 0
1 9 -3 0
1 9 -2 0
1 9 -1 0
1 9 0 0
1 9 1 0
1 9 2 0
1 9 3 0
1 9 4 0
2 9 -4 0
2 9 -3 0
2 9 -2 0
2 9 -1 0
2 9 0 0
2 9 1 0
2 9 2 0
2 9 3 0
2 9 4 0
3 9 -4 0
3 9 -3 0
3 9 -2 0
3 9 -1 0
3 9 0 0
3 9 1 0
3 9 2 0
3 9 3 0
3 9 4 0
4 9 -4 0
4 9 -3 0
4 9 -2 0
4 9 -1 0
4 9 0 0
4 9 1 0
4 9 2 0
4 9 3 0
4 9 4 0
5 9 -4 0
5 9 -3 0
5 9 -2 0
5 9 -1 0
5 9 0 0
5 9 1 0
5 9 2 0
5 9 3 0
5 9 4 0
6 9 -4 0
6 9 -3 0
6 9 -2 0
6 9 -1 0
6 9 0 0
6 9 1 0
6 9 2 0
6 9 3 0
6 9 4 0
-6 10 -4 1
-6 10 -3 18
-6 10 -2 1
-6 10 -1 18
-6 10 0 1
-6 10 1 18
-6 10 2 1
-6 10 3 18
-6 10 4 1
-5 10 -4 18
-5 10 4 18
-4 10 -4 1
-4 10 -1 19
-4 10 1 19
-4 10 4 1
-3 10 -4 18
-3 10 4 18
-2 10 -4 1
-2 10 4 1
-1 10 -4 18
-1 10 4 18
0 10 -4 1
0 10 4 1
1 10 -4 18
1 10 4 18
2 10 -4 1
2 10 4 1
3 10 -4 18
3 10 4 18
4 10 -4 1
4 10 -1 19
4 10 1 19
4 10 4 1
5 10 -4 18
5 10 4 18
6 10 -4 1
6 10 -3 18
6 10 -2 1
6 10 -1 18
6 10 0 1
6 10 1 18
6 10 2 1
6 10 3 18
6 10 4 1
-4 11 -1 19
-4 11 1 19
4 11 -1 19
4 11 1 19
-4 12 -1 10
-4 12 0 10
-4 12 1 10
-3 12 -1 20
-3 12 0 20
-3 12 1 20
-2 12 -1 10
-2 12 0 10
-2 12 1 10
-1 12 -1 20
-1 12 0 20
-1 12 1 20
0 12 -1 10
0 12 0 10
0 12 1 10
1 12 -1 20
1 12 0 20
1 12 1 20
2 12 -1 10
2 12 0 10
2 12 1 10
3 12 -1 20
3 12 0 20
3 12 1 20
4 12 -1 10
4 12 0 10
4 12 1 10
