core 0 1 7
P minecraft:sandstone_stairs[facing=east,half=bottom,shape=straight,waterlogged=false]
P minecraft:sandstone_stairs[facing=south,half=bottom,shape=straight,waterlogged=false]
P minecraft:sandstone
P minecraft:cut_sandstone
P minecraft:sandstone_stairs[facing=north,half=bottom,shape=straight,waterlogged=false]
P minecraft:sandstone_stairs[facing=west,half=bottom,shape=straight,waterlogged=false]
P minecraft:cyan_terracotta
P minecraft:smooth_sandstone_slab[type=top,waterlogged=false]
P minecraft:air
P minecraft:barrel[facing=up,open=false]
P minecraft:water_cauldron[level=3]
P minecraft:crafting_table
P minecraft:smoker[facing=south,lit=false]
P minecraft:lantern[hanging=false,waterlogged=false]
P minecraft:cyan_carpet
P minecraft:decorated_pot[cracked=false,facing=north,waterlogged=false]
P minecraft:brewing_stand[has_bottle_0=false,has_bottle_1=false,has_bottle_2=false]
P minecraft:acacia_stairs[facing=west,half=bottom,shape=straight,waterlogged=false]
P minecraft:bookshelf
P minecraft:acacia_stairs[facing=north,half=bottom,shape=straight,waterlogged=false]
P minecraft:acacia_fence[east=false,north=false,south=false,waterlogged=false,west=false]
P minecraft:acacia_stairs[facing=south,half=bottom,shape=straight,waterlogged=false]
P minecraft:acacia_door[facing=north,half=lower,hinge=left,open=false,powered=false]
P minecraft:acacia_stairs[facing=east,half=bottom,shape=straight,waterlogged=false]
P minecraft:potted_cactus
P minecraft:furnace[facing=west,lit=false]
P minecraft:chest[facing=west,type=single,waterlogged=false]
P minecraft:ladder[facing=north,waterlogged=false]
P minecraft:white_terracotta
P minecraft:glass_pane[east=false,north=true,south=true,waterlogged=false,west=false]
P minecraft:smooth_sandstone
P minecraft:glass_pane[east=true,north=false,south=false,waterlogged=false,west=true]
P minecraft:flower_pot
P minecraft:acacia_pressure_plate[powered=false]
P minecraft:acacia_door[facing=north,half=upper,hinge=left,open=false,powered=false]
P minecraft:potted_red_tulip
P minecraft:glass_pane[east=true,north=true,south=true,waterlogged=false,west=false]
P minecraft:acacia_trapdoor[facing=west,half=bottom,open=true,powered=false,waterlogged=false]
P minecraft:sandstone_stairs[facing=south,half=top,shape=straight,waterlogged=false]
P minecraft:glass_pane[east=false,north=false,south=false,waterlogged=false,west=false]
P minecraft:sandstone_stairs[facing=north,half=top,shape=straight,waterlogged=false]
P minecraft:sandstone_stairs[facing=east,half=top,shape=straight,waterlogged=false]
P minecraft:sandstone_stairs[facing=west,half=top,shape=straight,waterlogged=false]
P minecraft:chiseled_sandstone
P minecraft:lantern[hanging=true,waterlogged=false]
P minecraft:glass_pane[east=true,north=false,south=false,waterlogged=false,west=false]
P minecraft:white_wool
P minecraft:cyan_wool
P minecraft:stripped_acacia_log[axis=x]
P minecraft:stripped_acacia_log[axis=z]
P minecraft:smooth_sandstone_slab[type=bottom,waterlogged=false]
P minecraft:oxidized_cut_copper
P minecraft:gold_block
P minecraft:lightning_rod[facing=up,powered=false,waterlogged=false]
-6 0 -6 0
-6 0 -5 0
-6 0 -4 0
-6 0 -3 0
-6 0 -2 0
-6 0 -1 0
-6 0 0 0
-6 0 1 0
-6 0 2 0
-6 0 3 0
-6 0 4 0
-6 0 5 0
-6 0 6 0
-5 0 -7 1
-5 0 -6 2
-5 0 -5 3
-5 0 -4 3
-5 0 -3 3
-5 0 -2 3
-5 0 -1 2
-5 0 0 2
-5 0 1 3
-5 0 2 2
-5 0 3 2
-5 0 4 3
-5 0 5 3
-5 0 6 3
-5 0 7 4
-4 0 -7 1
-4 0 -6 3
-4 0 -5 3
-4 0 -4 3
-4 0 -3 3
-4 0 -2 3
-4 0 -1 3
-4 0 0 3
-4 0 1 3
-4 0 2 3
-4 0 3 3
-4 0 4 3
-4 0 5 3
-4 0 6 3
-4 0 7 4
-3 0 -7 1
-3 0 -6 2
-3 0 -5 3
-3 0 -4 3
-3 0 -3 3
-3 0 -2 3
-3 0 -1 3
-3 0 0 3
-3 0 1 3
-3 0 2 3
-3 0 3 3
-3 0 4 3
-3 0 5 3
-3 0 6 3
-3 0 7 4
-2 0 -7 1
-2 0 -6 3
-2 0 -5 3
-2 0 -4 3
-2 0 -3 3
-2 0 -2 3
-2 0 -1 3
-2 0 0 3
-2 0 1 3
-2 0 2 3
-2 0 3 3
-2 0 4 3
-2 0 5 3
-2 0 6 3
-2 0 7 4
-1 0 -7 1
-1 0 -6 3
-1 0 -5 3
-1 0 -4 3
-1 0 -3 3
-1 0 -2 3
-1 0 -1 3
-1 0 0 3
-1 0 1 3
-1 0 2 3
-1 0 3 3
-1 0 4 3
-1 0 5 3
-1 0 6 3
-1 0 7 4
0 0 -7 1
0 0 -6 3
0 0 -5 3
0 0 -4 3
0 0 -3 3
0 0 -2 3
0 0 -1 3
0 0 0 3
0 0 1 3
0 0 2 3
0 0 3 3
0 0 4 3
0 0 5 3
0 0 6 2
1 0 -7 1
1 0 -6 3
1 0 -5 3
1 0 -4 3
1 0 -3 3
1 0 -2 3
1 0 -1 3
1 0 0 3
1 0 1 3
1 0 2 3
1 0 3 3
1 0 4 3
1 0 5 3
1 0 6 3
1 0 7 4
2 0 -7 1
2 0 -6 3
2 0 -5 3
2 0 -4 3
2 0 -3 3
2 0 -2 3
2 0 -1 3
2 0 0 3
2 0 1 3
2 0 2 3
2 0 3 3
2 0 4 3
2 0 5 3
2 0 6 3
2 0 7 4
3 0 -7 1
3 0 -6 3
3 0 -5 3
3 0 -4 3
3 0 -3 3
3 0 -2 3
3 0 -1 3
3 0 0 3
3 0 1 3
3 0 2 3
3 0 3 3
3 0 4 3
3 0 5 3
3 0 6 3
3 0 7 4
4 0 -7 1
4 0 -6 2
4 0 -5 3
4 0 -4 3
4 0 -3 3
4 0 -2 3
4 0 -1 3
4 0 0 3
4 0 1 3
4 0 2 3
4 0 3 3
4 0 4 3
4 0 5 3
4 0 6 2
4 0 7 4
5 0 -7 1
5 0 -6 2
5 0 -5 3
5 0 -4 3
5 0 -3 2
5 0 -2 2
5 0 -1 3
5 0 0 2
5 0 1 2
5 0 2 3
5 0 3 3
5 0 4 3
5 0 5 3
5 0 6 3
5 0 7 4
6 0 -6 5
6 0 -5 5
6 0 -4 5
6 0 -3 5
6 0 -2 5
6 0 -1 5
6 0 0 5
6 0 1 5
6 0 2 5
6 0 3 5
6 0 4 6
6 0 5 6
6 0 6 6
7 0 4 6
7 0 5 6
7 0 6 6
8 0 4 6
8 0 5 6
8 0 6 6
-6 1 -2 7
-6 1 1 7
-6 1 4 7
-5 1 -6 2
-5 1 -5 2
-5 1 -4 2
-5 1 -3 3
-5 1 -2 3
-5 1 -1 2
-5 1 0 3
-5 1 1 2
-5 1 2 3
-5 1 3 3
-5 1 4 3
-5 1 5 3
-5 1 6 2
-4 1 -6 3
-4 1 -5 8
-4 1 -4 9
-4 1 -3 8
-4 1 -2 8
-4 1 -1 8
-4 1 0 10
-4 1 1 11
-4 1 2 8
-4 1 3 8
-4 1 4 8
-4 1 5 8
-4 1 6 3
-3 1 -6 2
-3 1 -5 12
-3 1 -4 8
-3 1 -3 13
-3 1 -2 8
-3 1 -1 8
-3 1 0 13
-3 1 1 8
-3 1 2 8
-3 1 3 13
-3 1 4 8
-3 1 5 8
-3 1 6 3
-2 1 -7 7
-2 1 -6 3
-2 1 -5 8
-2 1 -4 8
-2 1 -3 14
-2 1 -2 14
-2 1 -1 14
-2 1 0 14
-2 1 1 14
-2 1 2 14
-2 1 3 14
-2 1 4 14
-2 1 5 8
-2 1 6 3
-2 1 7 15
-1 1 -6 3
-1 1 -5 16
-1 1 -4 8
-1 1 -3 14
-1 1 -2 14
-1 1 -1 14
-1 1 0 14
-1 1 1 17
-1 1 2 14
-1 1 3 14
-1 1 4 14
-1 1 5 8
-1 1 6 3
0 1 -6 2
0 1 -5 18
0 1 -4 8
0 1 -3 14
0 1 -2 14
0 1 -1 14
0 1 0 19
0 1 1 20
0 1 2 21
0 1 3 14
0 1 4 14
0 1 5 8
0 1 6 22
1 1 -7 7
1 1 -6 3
1 1 -5 8
1 1 -4 8
1 1 -3 14
1 1 -2 14
1 1 -1 14
1 1 0 14
1 1 1 23
1 1 2 14
1 1 3 14
1 1 4 14
1 1 5 8
1 1 6 2
2 1 -6 3
2 1 -5 8
2 1 -4 8
2 1 -3 14
2 1 -2 14
2 1 -1 14
2 1 0 14
2 1 1 14
2 1 2 14
2 1 3 14
2 1 4 14
2 1 5 8
2 1 6 3
2 1 7 24
3 1 -6 3
3 1 -5 8
3 1 -4 8
3 1 -3 13
3 1 -2 8
3 1 -1 8
3 1 0 13
3 1 1 8
3 1 2 8
3 1 3 13
3 1 4 8
3 1 5 8
3 1 6 3
4 1 -6 3
4 1 -5 8
4 1 -4 8
4 1 -3 8
4 1 -2 8
4 1 -1 8
4 1 0 25
4 1 1 9
4 1 2 8
4 1 3 26
4 1 4 8
4 1 5 27
4 1 6 3
5 1 -6 3
5 1 -5 3
5 1 -4 3
5 1 -3 3
5 1 -2 3
5 1 -1 2
5 1 0 3
5 1 1 2
5 1 2 3
5 1 3 3
5 1 4 3
5 1 5 2
5 1 6 2
6 1 -2 7
6 1 1 7
6 1 4 3
6 1 5 3
6 1 6 3
7 1 4 3
7 1 5 8
7 1 6 3
8 1 4 3
8 1 5 3
8 1 6 3
-5 2 -6 28
-5 2 -5 28
-5 2 -4 28
-5 2 -3 28
-5 2 -2 29
-5 2 -1 28
-5 2 0 28
-5 2 1 29
-5 2 2 30
-5 2 3 28
-5 2 4 29
-5 2 5 28
-5 2 6 28
-4 2 -6 30
-4 2 -5 8
-4 2 -4 8
-4 2 -3 8
-4 2 -2 8
-4 2 -1 8
-4 2 0 8
-4 2 1 8
-4 2 2 8
-4 2 3 8
-4 2 4 8
-4 2 5 8
-4 2 6 28
-3 2 -6 28
-3 2 -5 8
-3 2 -4 8
-3 2 -3 8
-3 2 -2 8
-3 2 -1 8
-3 2 0 8
-3 2 1 8
-3 2 2 8
-3 2 3 8
-3 2 4 8
-3 2 5 8
-3 2 6 28
-2 2 -6 31
-2 2 -5 8
-2 2 -4 8
-2 2 -3 8
-2 2 -2 8
-2 2 -1 8
-2 2 0 8
-2 2 1 8
-2 2 2 8
-2 2 3 8
-2 2 4 8
-2 2 5 8
-2 2 6 31
-1 2 -6 28
-1 2 -5 8
-1 2 -4 8
-1 2 -3 8
-1 2 -2 8
-1 2 -1 8
-1 2 0 8
-1 2 1 8
-1 2 2 8
-1 2 3 8
-1 2 4 8
-1 2 5 8
-1 2 6 28
0 2 -6 28
0 2 -5 32
0 2 -4 8
0 2 -3 8
0 2 -2 8
0 2 -1 8
0 2 0 8
0 2 1 33
0 2 2 8
0 2 3 8
0 2 4 8
0 2 5 8
0 2 6 34
1 2 -6 31
1 2 -5 8
1 2 -4 8
1 2 -3 8
1 2 -2 8
1 2 -1 8
1 2 0 8
1 2 1 8
1 2 2 8
1 2 3 8
1 2 4 8
1 2 5 8
1 2 6 28
2 2 -6 28
2 2 -5 8
2 2 -4 8
2 2 -3 8
2 2 -2 8
2 2 -1 8
2 2 0 8
2 2 1 8
2 2 2 8
2 2 3 8
2 2 4 8
2 2 5 8
2 2 6 28
3 2 -6 28
3 2 -5 8
3 2 -4 8
3 2 -3 8
3 2 -2 8
3 2 -1 8
3 2 0 8
3 2 1 8
3 2 2 8
3 2 3 8
3 2 4 8
3 2 5 8
3 2 6 28
4 2 -6 28
4 2 -5 8
4 2 -4 8
4 2 -3 8
4 2 -2 8
4 2 -1 8
4 2 0 8
4 2 1 35
4 2 2 8
4 2 3 8
4 2 4 8
4 2 5 27
4 2 6 28
5 2 -6 28
5 2 -5 28
5 2 -4 30
5 2 -3 28
5 2 -2 29
5 2 -1 28
5 2 0 28
5 2 1 29
5 2 2 30
5 2 3 28
5 2 4 36
5 2 5 28
5 2 6 28
6 2 1 37
6 2 4 3
6 2 5 3
6 2 6 3
7 2 4 3
7 2 5 8
7 2 6 3
8 2 4 3
8 2 5 3
8 2 6 3
-5 3 -6 28
-5 3 -5 30
-5 3 -4 28
-5 3 -3 38
-5 3 -2 39
-5 3 -1 40
-5 3 0 38
-5 3 1 39
-5 3 2 40
-5 3 3 38
-5 3 4 39
-5 3 5 40
-5 3 6 28
-4 3 -6 28
-4 3 -5 8
-4 3 -4 8
-4 3 -3 8
-4 3 -2 8
-4 3 -1 8
-4 3 0 8
-4 3 1 8
-4 3 2 8
-4 3 3 8
-4 3 4 8
-4 3 5 8
-4 3 6 28
-3 3 -6 41
-3 3 -5 8
-3 3 -4 8
-3 3 -3 8
-3 3 -2 8
-3 3 -1 8
-3 3 0 8
-3 3 1 8
-3 3 2 8
-3 3 3 8
-3 3 4 8
-3 3 5 8
-3 3 6 41
-2 3 -6 39
-2 3 -5 8
-2 3 -4 8
-2 3 -3 8
-2 3 -2 8
-2 3 -1 8
-2 3 0 8
-2 3 1 8
-2 3 2 8
-2 3 3 8
-2 3 4 8
-2 3 5 8
-2 3 6 39
-1 3 -6 42
-1 3 -5 8
-1 3 -4 8
-1 3 -3 8
-1 3 -2 8
-1 3 -1 8
-1 3 0 8
-1 3 1 8
-1 3 2 8
-1 3 3 8
-1 3 4 8
-1 3 5 8
-1 3 6 41
0 3 -6 41
0 3 -5 8
0 3 -4 8
0 3 -3 8
0 3 -2 8
0 3 -1 8
0 3 0 8
0 3 1 8
0 3 2 8
0 3 3 8
0 3 4 8
0 3 5 8
0 3 6 43
1 3 -6 39
1 3 -5 8
1 3 -4 8
1 3 -3 8
1 3 -2 8
1 3 -1 8
1 3 0 8
1 3 1 8
1 3 2 8
1 3 3 8
1 3 4 8
1 3 5 8
1 3 6 42
1 3 7 44
2 3 -6 42
2 3 -5 8
2 3 -4 8
2 3 -3 8
2 3 -2 8
2 3 -1 8
2 3 0 8
2 3 1 8
2 3 2 8
2 3 3 8
2 3 4 8
2 3 5 8
2 3 6 28
3 3 -6 28
3 3 -5 8
3 3 -4 8
3 3 -3 8
3 3 -2 8
3 3 -1 8
3 3 0 8
3 3 1 8
3 3 2 8
3 3 3 8
3 3 4 8
3 3 5 8
3 3 6 28
4 3 -6 28
4 3 -5 8
4 3 -4 8
4 3 -3 8
4 3 -2 8
4 3 -1 8
4 3 0 8
4 3 1 8
4 3 2 8
4 3 3 8
4 3 4 8
4 3 5 27
4 3 6 28
5 3 -6 28
5 3 -5 28
5 3 -4 28
5 3 -3 38
5 3 -2 39
5 3 -1 40
5 3 0 38
5 3 1 39
5 3 2 40
5 3 3 38
5 3 4 45
5 3 5 40
5 3 6 28
6 3 1 37
6 3 4 3
6 3 5 3
6 3 6 3
7 3 4 3
7 3 5 8
7 3 6 3
8 3 4 3
8 3 5 3
8 3 6 3
-5 4 -6 28
-5 4 -5 28
-5 4 -4 28
-5 4 -3 28
-5 4 -2 28
-5 4 -1 30
-5 4 0 28
-5 4 1 28
-5 4 2 28
-5 4 3 28
-5 4 4 28
-5 4 5 28
-5 4 6 28
-4 4 -6 28
-4 4 -5 8
-4 4 -4 8
-4 4 -3 8
-4 4 -2 8
-4 4 -1 8
-4 4 0 8
-4 4 1 8
-4 4 2 8
-4 4 3 8
-4 4 4 8
-4 4 5 8
-4 4 6 28
-3 4 -6 28
-3 4 -5 8
-3 4 -4 8
-3 4 -3 8
-3 4 -2 8
-3 4 -1 8
-3 4 0 8
-3 4 1 8
-3 4 2 8
-3 4 3 8
-3 4 4 8
-3 4 5 8
-3 4 6 30
-2 4 -6 28
-2 4 -5 8
-2 4 -4 8
-2 4 -3 8
-2 4 -2 8
-2 4 -1 8
-2 4 0 8
-2 4 1 8
-2 4 2 8
-2 4 3 8
-2 4 4 8
-2 4 5 8
-2 4 6 28
-1 4 -6 30
-1 4 -5 8
-1 4 -4 8
-1 4 -3 8
-1 4 -2 8
-1 4 -1 8
-1 4 0 8
-1 4 1 8
-1 4 2 8
-1 4 3 8
-1 4 4 8
-1 4 5 8
-1 4 6 28
-1 4 7 46
0 4 -6 28
0 4 -5 8
0 4 -4 8
0 4 -3 8
0 4 -2 8
0 4 -1 8
0 4 0 8
0 4 1 8
0 4 2 8
0 4 3 8
0 4 4 8
0 4 5 8
0 4 6 28
0 4 7 47
1 4 -6 28
1 4 -5 8
1 4 -4 8
1 4 -3 8
1 4 -2 8
1 4 -1 8
1 4 0 8
1 4 1 8
1 4 2 8
1 4 3 8
1 4 4 8
1 4 5 8
1 4 6 28
1 4 7 46
2 4 -6 28
2 4 -5 8
2 4 -4 8
2 4 -3 8
2 4 -2 8
2 4 -1 8
2 4 0 8
2 4 1 8
2 4 2 8
2 4 3 8
2 4 4 8
2 4 5 8
2 4 6 28
3 4 -6 30
3 4 -5 8
3 4 -4 8
3 4 -3 8
3 4 -2 8
3 4 -1 8
3 4 0 8
3 4 1 8
3 4 2 8
3 4 3 8
3 4 4 8
3 4 5 8
3 4 6 28
4 4 -6 28
4 4 -5 8
4 4 -4 8
4 4 -3 8
4 4 -2 8
4 4 -1 8
4 4 0 8
4 4 1 8
4 4 2 8
4 4 3 8
4 4 4 8
4 4 5 27
4 4 6 30
5 4 -6 30
5 4 -5 28
5 4 -4 30
5 4 -3 28
5 4 -2 28
5 4 -1 28
5 4 0 28
5 4 1 30
5 4 2 30
5 4 3 28
5 4 4 28
5 4 5 28
5 4 6 28
6 4 4 3
6 4 5 3
6 4 6 3
7 4 4 3
7 4 5 8
7 4 6 3
8 4 4 3
8 4 5 3
8 4 6 3
-5 5 -6 28
-5 5 -5 28
-5 5 -4 28
-5 5 -3 28
-5 5 -2 28
-5 5 -1 30
-5 5 0 28
-5 5 1 30
-5 5 2 28
-5 5 3 28
-5 5 4 28
-5 5 5 28
-5 5 6 28
-4 5 -6 28
-4 5 -5 8
-4 5 -4 8
-4 5 -3 8
-4 5 -2 8
-4 5 -1 8
-4 5 0 8
-4 5 1 8
-4 5 2 8
-4 5 3 8
-4 5 4 8
-4 5 5 8
-4 5 6 28
-3 5 -6 28
-3 5 -5 8
-3 5 -4 8
-3 5 -3 8
-3 5 -2 8
-3 5 -1 8
-3 5 0 8
-3 5 1 8
-3 5 2 8
-3 5 3 8
-3 5 4 8
-3 5 5 8
-3 5 6 28
-2 5 -6 28
-2 5 -5 8
-2 5 -4 8
-2 5 -3 8
-2 5 -2 8
-2 5 -1 8
-2 5 0 8
-2 5 1 8
-2 5 2 8
-2 5 3 8
-2 5 4 8
-2 5 5 8
-2 5 6 30
-1 5 -6 28
-1 5 -5 8
-1 5 -4 8
-1 5 -3 8
-1 5 -2 8
-1 5 -1 8
-1 5 0 8
-1 5 1 8
-1 5 2 8
-1 5 3 8
-1 5 4 8
-1 5 5 8
-1 5 6 30
0 5 -6 28
0 5 -5 8
0 5 -4 8
0 5 -3 8
0 5 -2 8
0 5 -1 8
0 5 0 8
0 5 1 8
0 5 2 8
0 5 3 8
0 5 4 8
0 5 5 8
0 5 6 28
1 5 -6 28
1 5 -5 8
1 5 -4 8
1 5 -3 8
1 5 -2 8
1 5 -1 8
1 5 0 8
1 5 1 8
1 5 2 8
1 5 3 8
1 5 4 8
1 5 5 8
1 5 6 28
2 5 -6 30
2 5 -5 8
2 5 -4 8
2 5 -3 8
2 5 -2 8
2 5 -1 8
2 5 0 8
2 5 1 8
2 5 2 8
2 5 3 8
2 5 4 8
2 5 5 8
2 5 6 28
3 5 -6 28
3 5 -5 8
3 5 -4 8
3 5 -3 8
3 5 -2 8
3 5 -1 8
3 5 0 8
3 5 1 8
3 5 2 8
3 5 3 8
3 5 4 8
3 5 5 8
3 5 6 30
4 5 -6 28
4 5 -5 8
4 5 -4 8
4 5 -3 8
4 5 -2 8
4 5 -1 8
4 5 0 8
4 5 1 8
4 5 2 8
4 5 3 8
4 5 4 8
4 5 5 27
4 5 6 30
5 5 -6 28
5 5 -5 28
5 5 -4 28
5 5 -3 28
5 5 -2 28
5 5 -1 30
5 5 0 28
5 5 1 30
5 5 2 28
5 5 3 28
5 5 4 28
5 5 5 28
5 5 6 28
6 5 4 3
6 5 5 3
6 5 6 3
7 5 4 3
7 5 5 8
7 5 6 3
8 5 4 3
8 5 5 3
8 5 6 3
-6 6 -4 48
-6 6 0 48
-6 6 4 48
-5 6 -6 6
-5 6 -5 6
-5 6 -4 6
-5 6 -3 6
-5 6 -2 6
-5 6 -1 6
-5 6 0 6
-5 6 1 6
-5 6 2 6
-5 6 3 6
-5 6 4 6
-5 6 5 6
-5 6 6 6
-4 6 -7 49
-4 6 -6 6
-4 6 -5 8
-4 6 -4 8
-4 6 -3 8
-4 6 -2 8
-4 6 -1 8
-4 6 0 8
-4 6 1 8
-4 6 2 8
-4 6 3 8
-4 6 4 8
-4 6 5 8
-4 6 6 6
-4 6 7 49
-3 6 -6 6
-3 6 -5 8
-3 6 -4 8
-3 6 -3 8
-3 6 -2 8
-3 6 -1 8
-3 6 0 8
-3 6 1 8
-3 6 2 8
-3 6 3 8
-3 6 4 8
-3 6 5 8
-3 6 6 6
-2 6 -6 6
-2 6 -5 8
-2 6 -4 8
-2 6 -3 8
-2 6 -2 8
-2 6 -1 8
-2 6 0 8
-2 6 1 8
-2 6 2 8
-2 6 3 8
-2 6 4 8
-2 6 5 8
-2 6 6 6
-1 6 -6 6
-1 6 -5 8
-1 6 -4 8
-1 6 -3 8
-1 6 -2 8
-1 6 -1 8
-1 6 0 8
-1 6 1 8
-1 6 2 8
-1 6 3 8
-1 6 4 8
-1 6 5 8
-1 6 6 6
0 6 -7 49
0 6 -6 6
0 6 -5 8
0 6 -4 8
0 6 -3 8
0 6 -2 8
0 6 -1 8
0 6 0 44
0 6 1 8
0 6 2 8
0 6 3 8
0 6 4 8
0 6 5 8
0 6 6 6
0 6 7 49
1 6 -6 6
1 6 -5 8
1 6 -4 8
1 6 -3 8
1 6 -2 8
1 6 -1 8
1 6 0 8
1 6 1 8
1 6 2 8
1 6 3 8
1 6 4 8
1 6 5 8
1 6 6 6
2 6 -6 6
2 6 -5 8
2 6 -4 8
2 6 -3 8
2 6 -2 8
2 6 -1 8
2 6 0 8
2 6 1 8
2 6 2 8
2 6 3 8
2 6 4 8
2 6 5 8
2 6 6 6
3 6 -6 6
3 6 -5 8
3 6 -4 8
3 6 -3 8
3 6 -2 8
3 6 -1 8
3 6 0 8
3 6 1 8
3 6 2 8
3 6 3 8
3 6 4 8
3 6 5 8
3 6 6 6
4 6 -7 49
4 6 -6 6
4 6 -5 8
4 6 -4 8
4 6 -3 8
4 6 -2 8
4 6 -1 8
4 6 0 8
4 6 1 8
4 6 2 8
4 6 3 8
4 6 4 8
4 6 5 27
4 6 6 6
4 6 7 49
5 6 -6 6
5 6 -5 6
5 6 -4 6
5 6 -3 6
5 6 -2 6
5 6 -1 6
5 6 0 6
5 6 1 6
5 6 2 6
5 6 3 6
5 6 4 6
5 6 5 6
5 6 6 6
6 6 -4 48
6 6 0 48
6 6 4 6
6 6 5 6
6 6 6 6
7 6 4 6
7 6 5 8
7 6 6 6
8 6 4 6
8 6 5 6
8 6 6 6
-5 7 -6 3
-5 7 -5 3
-5 7 -4 3
-5 7 -3 3
-5 7 -2 3
-5 7 -1 3
-5 7 0 3
-5 7 1 3
-5 7 2 3
-5 7 3 3
-5 7 4 3
-5 7 5 3
-5 7 6 3
-4 7 -6 3
-4 7 -5 3
-4 7 -4 3
-4 7 -3 3
-4 7 -2 3
-4 7 -1 3
-4 7 0 3
-4 7 1 3
-4 7 2 3
-4 7 3 3
-4 7 4 3
-4 7 5 3
-4 7 6 3
-3 7 -6 3
-3 7 -5 3
-3 7 -4 3
-3 7 -3 3
-3 7 -2 3
-3 7 -1 3
-3 7 0 3
-3 7 1 3
-3 7 2 3
-3 7 3 3
-3 7 4 3
-3 7 5 3
-3 7 6 3
-2 7 -6 3
-2 7 -5 3
-2 7 -4 3
-2 7 -3 3
-2 7 -2 3
-2 7 -1 3
-2 7 0 3
-2 7 1 3
-2 7 2 3
-2 7 3 3
-2 7 4 3
-2 7 5 3
-2 7 6 3
-1 7 -6 3
-1 7 -5 3
-1 7 -4 3
-1 7 -3 3
-1 7 -2 3
-1 7 -1 3
-1 7 0 3
-1 7 1 3
-1 7 2 3
-1 7 3 3
-1 7 4 3
-1 7 5 3
-1 7 6 3
0 7 -6 3
0 7 -5 3
0 7 -4 3
0 7 -3 3
0 7 -2 3
0 7 -1 3
0 7 0 3
0 7 1 3
0 7 2 3
0 7 3 3
0 7 4 3
0 7 5 3
0 7 6 3
1 7 -6 3
1 7 -5 3
1 7 -4 3
1 7 -3 3
1 7 -2 3
1 7 -1 3
1 7 0 3
1 7 1 3
1 7 2 3
1 7 3 3
1 7 4 3
1 7 5 3
1 7 6 3
2 7 -6 3
2 7 -5 3
2 7 -4 3
2 7 -3 3
2 7 -2 3
2 7 -1 3
2 7 0 3
2 7 1 3
2 7 2 3
2 7 3 3
2 7 4 3
2 7 5 3
2 7 6 3
3 7 -6 3
3 7 -5 3
3 7 -4 3
3 7 -3 3
3 7 -2 3
3 7 -1 3
3 7 0 3
3 7 1 3
3 7 2 3
3 7 3 3
3 7 4 3
3 7 5 3
3 7 6 3
4 7 -6 3
4 7 -5 3
4 7 -4 3
4 7 -3 3
4 7 -2 3
4 7 -1 3
4 7 0 3
4 7 1 3
4 7 2 3
4 7 3 3
4 7 4 3
4 7 5 27
4 7 6 3
5 7 -6 3
5 7 -5 3
5 7 -4 3
5 7 -3 3
5 7 -2 3
5 7 -1 3
5 7 0 3
5 7 1 3
5 7 2 3
5 7 3 3
5 7 4 3
5 7 5 3
5 7 6 3
6 7 4 3
6 7 5 3
6 7 6 3
7 7 4 3
7 7 5 8
7 7 6 3
8 7 4 3
8 7 5 3
8 7 6 3
-5 8 -6 50
-5 8 -5 28
-5 8 -4 50
-5 8 -3 28
-5 8 -2 50
-5 8 -1 30
-5 8 0 50
-5 8 1 28
-5 8 2 50
-5 8 3 28
-5 8 4 50
-5 8 5 30
-5 8 6 50
-4 8 -6 28
-4 8 -2 43
-4 8 -1 43
-4 8 0 43
-4 8 1 43
-4 8 2 43
-4 8 6 28
-3 8 -6 50
-3 8 -3 43
-3 8 -2 43
-3 8 -1 8
-3 8 0 8
-3 8 1 8
-3 8 2 43
-3 8 3 43
-3 8 6 50
-2 8 -6 28
-2 8 -4 43
-2 8 -3 43
-2 8 -2 8
-2 8 -1 8
-2 8 0 8
-2 8 1 8
-2 8 2 8
-2 8 3 43
-2 8 4 43
-2 8 6 28
-1 8 -6 50
-1 8 -4 43
-1 8 -3 8
-1 8 -2 8
-1 8 -1 8
-1 8 0 8
-1 8 1 8
-1 8 2 8
-1 8 3 8
-1 8 4 43
-1 8 6 50
0 8 -6 28
0 8 -4 43
0 8 -3 8
0 8 -2 8
0 8 -1 8
0 8 0 8
0 8 1 8
0 8 2 8
0 8 3 8
0 8 4 43
0 8 6 28
1 8 -6 50
1 8 -4 43
1 8 -3 8
1 8 -2 8
1 8 -1 8
1 8 0 8
1 8 1 8
1 8 2 8
1 8 3 8
1 8 4 43
1 8 6 50
2 8 -6 28
2 8 -4 43
2 8 -3 43
2 8 -2 8
2 8 -1 8
2 8 0 8
2 8 1 8
2 8 2 8
2 8 3 43
2 8 4 43
2 8 6 28
3 8 -6 50
3 8 -3 43
3 8 -2 43
3 8 -1 8
3 8 0 8
3 8 1 8
3 8 2 43
3 8 3 43
3 8 6 50
4 8 -6 28
4 8 -2 43
4 8 -1 43
4 8 0 43
4 8 1 43
4 8 2 43
4 8 6 28
5 8 -6 50
5 8 -5 30
5 8 -4 50
5 8 -3 28
5 8 -2 50
5 8 -1 28
5 8 0 50
5 8 1 30
5 8 2 50
5 8 3 28
5 8 4 50
5 8 5 28
5 8 6 50
6 8 4 3
6 8 5 3
6 8 6 3
7 8 4 3
7 8 5 8
7 8 6 3
8 8 4 3
8 8 5 3
8 8 6 3
-4 9 -1 51
-4 9 0 51
-4 9 1 51
-3 9 -3 51
-3 9 -2 51
-3 9 -1 8
-3 9 0 8
-3 9 1 8
-3 9 2 51
-3 9 3 51
-2 9 -3 51
-2 9 -2 8
-2 9 -1 8
-2 9 0 8
-2 9 1 8
-2 9 2 8
-2 9 3 51
-1 9 -4 51
-1 9 -3 8
-1 9 -2 8
-1 9 -1 8
-1 9 0 8
-1 9 1 8
-1 9 2 8
-1 9 3 8
-1 9 4 51
0 9 -4 51
0 9 -3 8
0 9 -2 8
0 9 -1 8
0 9 0 8
0 9 1 8
0 9 2 8
0 9 3 8
0 9 4 51
1 9 -4 51
1 9 -3 8
1 9 -2 8
1 9 -1 8
1 9 0 8
1 9 1 8
1 9 2 8
1 9 3 8
1 9 4 51
2 9 -3 51
2 9 -2 8
2 9 -1 8
2 9 0 8
2 9 1 8
2 9 2 8
2 9 3 51
3 9 -3 51
3 9 -2 51
3 9 -1 8
3 9 0 8
3 9 1 8
3 9 2 51
3 9 3 51
4 9 -1 51
4 9 0 51
4 9 1 51
6 9 4 3
6 9 5 3
6 9 6 3
7 9 4 3
7 9 5 8
7 9 6 3
8 9 4 3
8 9 5 3
8 9 6 3
-3 10 -2 51
-3 10 -1 51
-3 10 0 51
-3 10 1 51
-3 10 2 51
-2 10 -3 51
-2 10 -2 51
-2 10 -1 8
-2 10 0 8
-2 10 1 8
-2 10 2 51
-2 10 3 51
-1 10 -3 51
-1 10 -2 8
-1 10 -1 8
-1 10 0 8
-1 10 1 8
-1 10 2 8
-1 10 3 51
0 10 -3 51
0 10 -2 8
0 10 -1 8
0 10 0 8
0 10 1 8
0 10 2 8
0 10 3 51
1 10 -3 51
1 10 -2 8
1 10 -1 8
1 10 0 8
1 10 1 8
1 10 2 8
1 10 3 51
2 10 -3 51
2 10 -2 51
2 10 -1 8
2 10 0 8
2 10 1 8
2 10 2 51
2 10 3 51
3 10 -2 51
3 10 -1 51
3 10 0 51
3 10 1 51
3 10 2 51
6 10 4 3
6 10 5 3
6 10 6 3
7 10 4 3
7 10 5 8
7 10 6 3
8 10 4 3
8 10 5 3
8 10 6 3
-3 11 -1 51
-3 11 0 51
-3 11 1 51
-2 11 -2 51
-2 11 -1 51
-2 11 0 51
-2 11 1 51
-2 11 2 51
-1 11 -3 51
-1 11 -2 51
-1 11 -1 8
-1 11 0 8
-1 11 1 8
-1 11 2 51
-1 11 3 51
0 11 -3 51
0 11 -2 51
0 11 -1 8
0 11 0 8
0 11 1 8
0 11 2 51
0 11 3 51
1 11 -3 51
1 11 -2 51
1 11 -1 8
1 11 0 8
1 11 1 8
1 11 2 51
1 11 3 51
2 11 -2 51
2 11 -1 51
2 11 0 51
2 11 1 51
2 11 2 51
3 11 -1 51
3 11 0 51
3 11 1 51
6 11 4 3
6 11 5 3
6 11 6 3
7 11 4 3
7 11 5 8
7 11 6 3
8 11 4 3
8 11 5 3
8 11 6 3
-1 12 -1 51
-1 12 0 51
-1 12 1 51
0 12 -1 51
0 12 0 51
0 12 1 51
1 12 -1 51
1 12 0 51
1 12 1 51
6 12 4 6
6 12 5 6
6 12 6 6
7 12 4 6
7 12 5 8
7 12 6 6
8 12 4 6
8 12 5 6
8 12 6 6
0 13 0 52
6 13 4 3
6 13 5 3
6 13 6 3
7 13 4 3
7 13 5 8
7 13 6 3
8 13 4 3
8 13 5 3
8 13 6 3
0 14 0 53
6 14 4 3
6 14 5 3
6 14 6 3
7 14 4 3
7 14 5 8
7 14 6 3
8 14 4 3
8 14 5 3
8 14 6 3
6 15 4 3
6 15 5 3
6 15 6 3
7 15 4 3
7 15 5 8
7 15 6 3
8 15 4 3
8 15 5 3
8 15 6 3
6 16 4 3
6 16 5 3
6 16 6 3
7 16 4 3
7 16 5 8
7 16 6 3
8 16 4 3
8 16 5 3
8 16 6 3
6 17 4 3
6 17 5 3
6 17 6 3
7 17 4 3
7 17 5 8
7 17 6 3
8 17 4 3
8 17 5 3
8 17 6 3
6 18 4 6
6 18 5 6
6 18 6 6
7 18 4 6
7 18 5 8
7 18 6 6
8 18 4 6
8 18 5 6
8 18 6 6
6 19 4 3
6 19 5 3
6 19 6 3
7 19 4 3
7 19 5 8
7 19 6 3
8 19 4 3
8 19 5 3
8 19 6 3
5 20 3 3
5 20 4 3
5 20 5 3
5 20 6 3
5 20 7 3
6 20 3 3
6 20 4 3
6 20 5 3
6 20 6 3
6 20 7 3
7 20 3 3
7 20 4 3
7 20 5 3
7 20 6 3
7 20 7 3
8 20 3 3
8 20 4 3
8 20 5 3
8 20 6 3
8 20 7 3
9 20 3 3
9 20 4 3
9 20 5 3
9 20 6 3
9 20 7 3
5 21 3 43
5 21 5 43
5 21 7 43
7 21 3 43
7 21 5 3
7 21 6 13
7 21 7 43
9 21 3 43
9 21 5 43
9 21 7 43
7 22 5 3
7 23 5 3
6 24 4 43
6 24 5 43
6 24 6 43
7 24 4 43
7 24 5 8
7 24 6 43
8 24 4 43
8 24 5 43
8 24 6 43
7 25 5 51
7 26 5 52
7 27 5 53
